<?xml version="1.0" encoding="utf-8"?>
<COLLADA xmlns="http://www.collada.org/2005/11/COLLADASchema" version="1.4.1">
  <asset>
    <contributor>
      <author>Mixamo</author>
      <authoring_tool>COLLADA Mixamo exporter</authoring_tool>
      <comments/>
    </contributor>
    <created>2021-12-11T04:54:58Z</created>
    <modified>2021-12-11T04:54:58Z</modified>
    <revision/>
    <title/>
    <unit meter="0.010000"/>
    <up_axis>Y_UP</up_axis>
  </asset>
  <library_animations>
    <animation id="Hips-anim" name="Hips">
      <source id="Hips-Matrix-animation-input">
        <float_array id="Hips-Matrix-animation-input-array" count="16">

0.000000 0.033333 0.066667 0.100000 0.133333 0.166667 0.200000 0.233333 0.266667 0.300000 0.333333 0.366667 0.400000 0.433333 0.466667 0.500000</float_array>
        <technique_common>
          <accessor source="#Hips-Matrix-animation-input-array" count="16">
            <param name="TIME" type="float"/>
          </accessor>
        </technique_common>
      </source>
      <source id="Hips-Matrix-animation-output-transform">
        <float_array id="Hips-Matrix-animation-output-transform-array" count="256">

0.971862 -0.027402 -0.233950 -0.332063 -0.048650 0.948444 -0.313189 94.730171 0.230470 0.315759 0.920424 1.975255 0.000000 0.000000 0.000000 1.000000
0.974251 -0.120906 -0.190309 -0.083532 0.054575 0.945420 -0.321252 93.650253 0.218763 0.302594 0.927674 1.034625 0.000000 0.000000 0.000000 1.000000
0.966594 -0.246941 -0.068669 -0.699173 0.212529 0.921942 -0.323812 92.292648 0.143272 0.298401 0.943626 -0.323322 0.000000 0.000000 0.000000 1.000000
0.980363 -0.196749 0.013380 -1.337393 0.189672 0.922172 -0.337081 94.078041 0.053982 0.332999 0.941381 -0.259470 0.000000 0.000000 0.000000 1.000000
0.995523 -0.080882 0.048913 -1.756956 0.092172 0.945359 -0.312730 96.501076 -0.020946 0.315838 0.948582 1.090384 0.000000 0.000000 0.000000 1.000000
0.996599 -0.039572 0.072276 -1.577976 0.058621 0.956915 -0.284389 96.563530 -0.057909 0.287659 0.955981 0.924238 0.000000 0.000000 0.000000 1.000000
0.993688 -0.055566 0.097449 -1.157826 0.082097 0.952216 -0.294185 95.471313 -0.076446 0.300328 0.950768 -0.463448 0.000000 0.000000 0.000000 1.000000
0.985183 -0.043614 0.165870 -0.872458 0.093556 0.947227 -0.306606 94.580582 -0.143744 0.317581 0.937273 -2.676848 0.000000 0.000000 0.000000 1.000000
0.988416 0.036684 0.147269 -0.543773 0.007435 0.957480 -0.288404 94.993774 -0.151587 0.286158 0.946116 -3.413010 0.000000 0.000000 0.000000 1.000000
0.978692 0.202939 0.031282 0.114059 -0.186300 0.941655 -0.280318 94.777931 -0.086344 0.268517 0.959397 -2.968930 0.000000 0.000000 0.000000 1.000000
0.967213 0.248146 -0.054051 0.584157 -0.252358 0.915177 -0.314272 94.801323 -0.028519 0.317608 0.947793 -2.721858 0.000000 0.000000 0.000000 1.000000
0.988622 0.124866 -0.083880 1.143195 -0.145674 0.933760 -0.326913 97.020378 0.037503 0.335413 0.941325 -0.613039 0.000000 0.000000 0.000000 1.000000
0.995092 0.047164 -0.086994 1.722201 -0.070601 0.954365 -0.290176 97.323105 0.069338 0.294894 0.953011 0.692626 0.000000 0.000000 0.000000 1.000000
0.994809 0.010664 -0.101198 1.546365 -0.038172 0.960979 -0.273974 96.564674 0.094328 0.276415 0.956398 1.863062 0.000000 0.000000 0.000000 1.000000
0.988413 0.026563 -0.149446 0.721112 -0.069911 0.953589 -0.292884 94.316849 0.134731 0.299939 0.944396 1.898671 0.000000 0.000000 0.000000 1.000000
0.972776 0.004739 -0.231699 -0.165410 -0.079328 0.946202 -0.313702 94.541664 0.217747 0.323542 0.920819 1.812045 0.000000 0.000000 0.000000 1.000000</float_array>
        <technique_common>
          <accessor source="#Hips-Matrix-animation-output-transform-array" count="16" stride="16">
            <param type="float4x4"/>
          </accessor>
        </technique_common>
      </source>
      <source id="Hips-Interpolations">
        <Name_array id="Hips-Interpolations-array" count="16">
 LINEAR LINEAR LINEAR LINEAR LINEAR LINEAR LINEAR LINEAR LINEAR LINEAR LINEAR
LINEAR LINEAR LINEAR LINEAR LINEAR</Name_array>
        <technique_common>
          <accessor source="#Hips-Interpolations-array" count="16">
            <param type="name"/>
          </accessor>
        </technique_common>
      </source>
      <sampler id="Hips-Matrix-animation-transform">
        <input semantic="INPUT" source="#Hips-Matrix-animation-input"/>
        <input semantic="OUTPUT" source="#Hips-Matrix-animation-output-transform"/>
        <input semantic="INTERPOLATION" source="#Hips-Interpolations"/>
      </sampler>
      <channel source="#Hips-Matrix-animation-transform" target="Hips/matrix"/>
    </animation>
    <animation id="Spine-anim" name="Spine">
      <source id="Spine-Matrix-animation-input">
        <float_array id="Spine-Matrix-animation-input-array" count="16">

0.000000 0.033333 0.066667 0.100000 0.133333 0.166667 0.200000 0.233333 0.266667 0.300000 0.333333 0.366667 0.400000 0.433333 0.466667 0.500000</float_array>
        <technique_common>
          <accessor source="#Spine-Matrix-animation-input-array" count="16">
            <param name="TIME" type="float"/>
          </accessor>
        </technique_common>
      </source>
      <source id="Spine-Matrix-animation-output-transform">
        <float_array id="Spine-Matrix-animation-output-transform-array" count="256">

0.993630 0.009955 0.112254 0.000000 0.002128 0.994256 -0.107006 10.181600 -0.112674 0.106563 0.987901 0.131500 0.000000 0.000000 0.000000 1.000000
0.979592 0.099198 0.174810 -0.000000 -0.082335 0.991451 -0.101224 10.181600 -0.183356 0.084765 0.979385 0.131500 0.000000 0.000000 0.000000 1.000000
0.948330 0.241086 0.206273 0.000000 -0.216033 0.966765 -0.136730 10.181600 -0.232381 0.085103 0.968894 0.131500 0.000000 0.000000 0.000000 1.000000
0.953677 0.220534 0.204611 0.000000 -0.198361 0.972324 -0.123445 10.181600 -0.226172 0.077140 0.971028 0.131500 0.000000 0.000000 0.000000 1.000000
0.980313 0.133775 0.145224 0.000000 -0.117236 0.986182 -0.117049 10.181600 -0.158875 0.097720 0.982451 0.131500 0.000000 0.000000 0.000000 1.000000
0.993196 0.102514 0.055255 -0.000000 -0.094944 0.987533 -0.125554 10.181600 -0.067437 0.119454 0.990547 0.131500 0.000000 0.000000 0.000000 1.000000
0.993305 0.112646 -0.025597 -0.000000 -0.114622 0.988646 -0.097165 10.181600 0.014361 0.099448 0.994939 0.131500 0.000000 0.000000 0.000000 1.000000
0.991476 0.084784 -0.098927 0.000000 -0.093441 0.991867 -0.086422 10.181600 0.090795 0.094929 0.991335 0.131500 0.000000 0.000000 0.000000 1.000000
0.990223 -0.005693 -0.139375 -0.000000 -0.012025 0.991964 -0.125948 10.181600 0.138972 0.126393 0.982197 0.131500 0.000000 0.000000 0.000000 1.000000
0.970260 -0.178666 -0.163321 0.000000 0.151909 0.974721 -0.163837 10.181600 0.188465 0.134155 0.972874 0.131500 0.000000 0.000000 0.000000 1.000000
0.950845 -0.251088 -0.181244 0.000000 0.222826 0.961199 -0.162617 10.181600 0.215043 0.114238 0.969900 0.131500 0.000000 0.000000 0.000000 1.000000
0.975113 -0.155858 -0.157678 0.000000 0.134669 0.981347 -0.137196 10.181600 0.176120 0.112547 0.977914 0.131500 0.000000 0.000000 0.000000 1.000000
0.988372 -0.095846 -0.118044 0.000000 0.075673 0.983408 -0.164871 10.181600 0.131888 0.154021 0.979226 0.131500 0.000000 0.000000 0.000000 1.000000
0.994922 -0.067645 -0.074524 0.000000 0.055100 0.985719 -0.159126 10.181600 0.084224 0.154212 0.984441 0.131500 0.000000 0.000000 0.000000 1.000000
0.997750 -0.066568 -0.008030 0.000000 0.065112 0.990523 -0.120931 10.181600 0.016004 0.120136 0.992628 0.131500 0.000000 0.000000 0.000000 1.000000
0.996480 -0.027325 0.079257 -0.000000 0.035314 0.994238 -0.101209 10.181600 -0.076035 0.103652 0.991703 0.131500 0.000000 0.000000 0.000000 1.000000</float_array>
        <technique_common>
          <accessor source="#Spine-Matrix-animation-output-transform-array" count="16" stride="16">
            <param type="float4x4"/>
          </accessor>
        </technique_common>
      </source>
      <source id="Spine-Interpolations">
        <Name_array id="Spine-Interpolations-array" count="16">
 LINEAR LINEAR LINEAR LINEAR LINEAR LINEAR LINEAR LINEAR LINEAR LINEAR LINEAR
LINEAR LINEAR LINEAR LINEAR LINEAR</Name_array>
        <technique_common>
          <accessor source="#Spine-Interpolations-array" count="16">
            <param type="name"/>
          </accessor>
        </technique_common>
      </source>
      <sampler id="Spine-Matrix-animation-transform">
        <input semantic="INPUT" source="#Spine-Matrix-animation-input"/>
        <input semantic="OUTPUT" source="#Spine-Matrix-animation-output-transform"/>
        <input semantic="INTERPOLATION" source="#Spine-Interpolations"/>
      </sampler>
      <channel source="#Spine-Matrix-animation-transform" target="Spine/matrix"/>
    </animation>
    <animation id="Spine1-anim" name="Spine1">
      <source id="Spine1-Matrix-animation-input">
        <float_array id="Spine1-Matrix-animation-input-array" count="16">

0.000000 0.033333 0.066667 0.100000 0.133333 0.166667 0.200000 0.233333 0.266667 0.300000 0.333333 0.366667 0.400000 0.433333 0.466667 0.500000</float_array>
        <technique_common>
          <accessor source="#Spine1-Matrix-animation-input-array" count="16">
            <param name="TIME" type="float"/>
          </accessor>
        </technique_common>
      </source>
      <source id="Spine1-Matrix-animation-output-transform">
        <float_array id="Spine1-Matrix-animation-output-transform-array" count="256">

0.998937 0.001287 0.046075 0.000000 0.001948 0.997539 -0.070085 10.083500 -0.046052 0.070100 0.996476 -1.000800 0.000000 0.000000 0.000000 1.000000
0.997499 0.023087 0.066801 0.000000 -0.018543 0.997523 -0.067860 10.083500 -0.068202 0.066451 0.995456 -1.000800 0.000000 0.000000 0.000000 1.000000
0.996344 0.040205 0.075376 -0.000000 -0.034177 0.996240 -0.079612 10.083500 -0.078294 0.076744 0.993972 -1.000800 0.000000 0.000000 0.000000 1.000000
0.996582 0.040622 0.071934 0.000000 -0.035534 0.996867 -0.070661 10.083500 -0.074579 0.067863 0.994903 -1.000800 0.000000 0.000000 0.000000 1.000000
0.998199 0.034136 0.049333 -0.000000 -0.031038 0.997578 -0.062252 10.083500 -0.051339 0.060609 0.996840 -1.000800 0.000000 0.000000 0.000000 1.000000
0.999148 0.032528 0.025386 0.000000 -0.030790 0.997338 -0.066091 10.083500 -0.027469 0.065253 0.997491 -1.000800 0.000000 0.000000 0.000000 1.000000
0.999343 0.035547 -0.007059 0.000000 -0.035920 0.997384 -0.062732 10.083500 0.004810 0.062945 0.998005 -1.000800 0.000000 0.000000 0.000000 1.000000
0.998711 0.025512 -0.043872 -0.000000 -0.028420 0.997350 -0.066979 10.083500 0.042047 0.068140 0.996789 -1.000800 0.000000 0.000000 0.000000 1.000000
0.997690 -0.000843 -0.067930 0.000000 -0.005026 0.996267 -0.086176 10.083500 0.067749 0.086319 0.993961 -1.000800 0.000000 0.000000 0.000000 1.000000
0.996843 -0.030133 -0.073461 0.000000 0.023043 0.995160 -0.095525 10.083500 0.075984 0.093531 0.992713 -1.000800 0.000000 0.000000 0.000000 1.000000
0.996060 -0.041167 -0.078547 0.000000 0.033925 0.995235 -0.091413 10.083500 0.081936 0.088388 0.992710 -1.000800 0.000000 0.000000 0.000000 1.000000
0.997767 -0.033630 -0.057699 0.000000 0.029125 0.996589 -0.077212 10.083500 0.060099 0.075359 0.995344 -1.000800 0.000000 0.000000 0.000000 1.000000
0.998985 -0.026571 -0.036368 0.000000 0.023450 0.996216 -0.083693 10.083500 0.038454 0.082755 0.995828 -1.000800 0.000000 0.000000 0.000000 1.000000
0.998898 -0.026412 -0.038795 0.000000 0.023105 0.996251 -0.083362 10.083500 0.040851 0.082374 0.995764 -1.000800 0.000000 0.000000 0.000000 1.000000
0.999607 -0.022943 -0.016121 0.000000 0.021746 0.997247 -0.070893 10.083500 0.017703 0.070515 0.997354 -1.000800 0.000000 0.000000 0.000000 1.000000
0.999457 -0.010091 0.031372 -0.000000 0.012137 0.997764 -0.065728 10.083500 -0.030638 0.066073 0.997344 -1.000800 0.000000 0.000000 0.000000 1.000000</float_array>
        <technique_common>
          <accessor source="#Spine1-Matrix-animation-output-transform-array" count="16" stride="16">
            <param type="float4x4"/>
          </accessor>
        </technique_common>
      </source>
      <source id="Spine1-Interpolations">
        <Name_array id="Spine1-Interpolations-array" count="16">
 LINEAR LINEAR LINEAR LINEAR LINEAR LINEAR LINEAR LINEAR LINEAR LINEAR LINEAR
LINEAR LINEAR LINEAR LINEAR LINEAR</Name_array>
        <technique_common>
          <accessor source="#Spine1-Interpolations-array" count="16">
            <param type="name"/>
          </accessor>
        </technique_common>
      </source>
      <sampler id="Spine1-Matrix-animation-transform">
        <input semantic="INPUT" source="#Spine1-Matrix-animation-input"/>
        <input semantic="OUTPUT" source="#Spine1-Matrix-animation-output-transform"/>
        <input semantic="INTERPOLATION" source="#Spine1-Interpolations"/>
      </sampler>
      <channel source="#Spine1-Matrix-animation-transform" target="Spine1/matrix"/>
    </animation>
    <animation id="Spine2-anim" name="Spine2">
      <source id="Spine2-Matrix-animation-input">
        <float_array id="Spine2-Matrix-animation-input-array" count="16">

0.000000 0.033333 0.066667 0.100000 0.133333 0.166667 0.200000 0.233333 0.266667 0.300000 0.333333 0.366667 0.400000 0.433333 0.466667 0.500000</float_array>
        <technique_common>
          <accessor source="#Spine2-Matrix-animation-input-array" count="16">
            <param name="TIME" type="float"/>
          </accessor>
        </technique_common>
      </source>
      <source id="Spine2-Matrix-animation-output-transform">
        <float_array id="Spine2-Matrix-animation-output-transform-array" count="256">

0.998942 -0.000945 0.045969 0.000000 0.004169 0.997532 -0.070086 9.100000 -0.045790 0.070204 0.996481 -1.373400 0.000000 0.000000 0.000000 1.000000
0.997583 0.018687 0.066931 0.000000 -0.014094 0.997555 -0.068452 9.100000 -0.068046 0.067343 0.995407 -1.373400 0.000000 0.000000 0.000000 1.000000
0.996459 0.034003 0.076896 -0.000000 -0.027794 0.996374 -0.080418 9.100000 -0.079351 0.077996 0.993791 -1.373400 0.000000 0.000000 0.000000 1.000000
0.996598 0.036467 0.073915 -0.000000 -0.031246 0.997015 -0.070606 9.100000 -0.076269 0.068057 0.994762 -1.373400 0.000000 0.000000 0.000000 1.000000
0.998198 0.032434 0.050489 0.000000 -0.029271 0.997637 -0.062158 9.100000 -0.052386 0.060569 0.996788 -1.373400 0.000000 0.000000 0.000000 1.000000
0.999146 0.031671 0.026538 0.000000 -0.029859 0.997365 -0.066115 9.100000 -0.028562 0.065266 0.997459 -1.373400 0.000000 0.000000 0.000000 1.000000
0.999356 0.035471 -0.005327 0.000000 -0.035737 0.997368 -0.063089 9.100000 0.003075 0.063239 0.997994 -1.373400 0.000000 0.000000 0.000000 1.000000
0.998761 0.026929 -0.041855 0.000000 -0.029730 0.997254 -0.067821 9.100000 0.039913 0.068981 0.996819 -1.373400 0.000000 0.000000 0.000000 1.000000
0.997757 0.002122 -0.066910 0.000000 -0.007958 0.996170 -0.087070 9.100000 0.066469 0.087408 0.993953 -1.373400 0.000000 0.000000 0.000000 1.000000
0.996893 -0.024221 -0.074953 0.000000 0.016941 0.995210 -0.096278 9.100000 0.076926 0.094709 0.992528 -1.373400 0.000000 0.000000 0.000000 1.000000
0.996008 -0.034403 -0.082369 0.000000 0.026837 0.995465 -0.091264 9.100000 0.085135 0.088689 0.992414 -1.373400 0.000000 0.000000 0.000000 1.000000
0.997774 -0.029544 -0.059784 0.000000 0.024860 0.996673 -0.077619 9.100000 0.061878 0.075960 0.995189 -1.373400 0.000000 0.000000 0.000000 1.000000
0.999035 -0.024095 -0.036714 0.000000 0.020921 0.996201 -0.084528 9.100000 0.038612 0.083678 0.995745 -1.373400 0.000000 0.000000 0.000000 1.000000
0.998929 -0.025593 -0.038550 0.000000 0.022292 0.996237 -0.083755 9.100000 0.040549 0.082806 0.995740 -1.373400 0.000000 0.000000 0.000000 1.000000
0.999602 -0.023183 -0.016101 0.000000 0.021987 0.997246 -0.070833 9.100000 0.017699 0.070451 0.997358 -1.373400 0.000000 0.000000 0.000000 1.000000
0.999448 -0.011264 0.031266 0.000000 0.013297 0.997759 -0.065582 9.100000 -0.030458 0.065961 0.997357 -1.373400 0.000000 0.000000 0.000000 1.000000</float_array>
        <technique_common>
          <accessor source="#Spine2-Matrix-animation-output-transform-array" count="16" stride="16">
            <param type="float4x4"/>
          </accessor>
        </technique_common>
      </source>
      <source id="Spine2-Interpolations">
        <Name_array id="Spine2-Interpolations-array" count="16">
 LINEAR LINEAR LINEAR LINEAR LINEAR LINEAR LINEAR LINEAR LINEAR LINEAR LINEAR
LINEAR LINEAR LINEAR LINEAR LINEAR</Name_array>
        <technique_common>
          <accessor source="#Spine2-Interpolations-array" count="16">
            <param type="name"/>
          </accessor>
        </technique_common>
      </source>
      <sampler id="Spine2-Matrix-animation-transform">
        <input semantic="INPUT" source="#Spine2-Matrix-animation-input"/>
        <input semantic="OUTPUT" source="#Spine2-Matrix-animation-output-transform"/>
        <input semantic="INTERPOLATION" source="#Spine2-Interpolations"/>
      </sampler>
      <channel source="#Spine2-Matrix-animation-transform" target="Spine2/matrix"/>
    </animation>
    <animation id="Neck-anim" name="Neck">
      <source id="Neck-Matrix-animation-input">
        <float_array id="Neck-Matrix-animation-input-array" count="16">

0.000000 0.033333 0.066667 0.100000 0.133333 0.166667 0.200000 0.233333 0.266667 0.300000 0.333333 0.366667 0.400000 0.433333 0.466667 0.500000</float_array>
        <technique_common>
          <accessor source="#Neck-Matrix-animation-input-array" count="16">
            <param name="TIME" type="float"/>
          </accessor>
        </technique_common>
      </source>
      <source id="Neck-Matrix-animation-output-transform">
        <float_array id="Neck-Matrix-animation-output-transform-array" count="256">

0.999967 -0.006296 0.005085 0.000000 0.005705 0.994049 0.108783 16.671700 -0.005740 -0.108750 0.994053 -2.516200 0.000000 0.000000 0.000000 1.000000
0.999401 0.030539 -0.016279 -0.000000 -0.029381 0.997308 0.067186 16.671700 0.018287 -0.066667 0.997608 -2.516200 0.000000 0.000000 0.000000 1.000000
0.998106 0.041944 -0.044994 0.000000 -0.041375 0.999052 0.013510 16.671700 0.045518 -0.011623 0.998896 -2.516200 0.000000 0.000000 0.000000 1.000000
0.998153 0.018041 -0.058011 0.000000 -0.019756 0.999380 -0.029134 16.671700 0.057449 0.030226 0.997891 -2.516200 0.000000 0.000000 0.000000 1.000000
0.998932 -0.000747 -0.046207 -0.000000 -0.000026 0.999860 -0.016711 16.671700 0.046213 0.016695 0.998792 -2.516200 0.000000 0.000000 0.000000 1.000000
0.999414 -0.008626 -0.033132 0.000000 0.009349 0.999721 0.021714 16.671700 0.032935 -0.022011 0.999215 -2.516200 0.000000 0.000000 0.000000 1.000000
0.999609 -0.016410 -0.022659 0.000000 0.017233 0.999182 0.036596 16.671700 0.022040 -0.036972 0.999073 -2.516200 0.000000 0.000000 0.000000 1.000000
0.999778 -0.017837 -0.011177 0.000000 0.018444 0.998217 0.056773 16.671700 0.010144 -0.056966 0.998325 -2.516200 0.000000 0.000000 0.000000 1.000000
0.999714 -0.020580 0.012200 0.000000 0.019601 0.996948 0.075573 16.671700 -0.013718 -0.075312 0.997066 -2.516200 0.000000 0.000000 0.000000 1.000000
0.998829 -0.021815 0.043187 -0.000000 0.019358 0.998213 0.056534 16.671700 -0.044343 -0.055632 0.997466 -2.516200 0.000000 0.000000 0.000000 1.000000
0.997727 -0.007674 0.066943 -0.000000 0.006301 0.999766 0.020708 16.671700 -0.067086 -0.020239 0.997542 -2.516200 0.000000 0.000000 0.000000 1.000000
0.998154 -0.026201 0.054800 0.000000 0.024559 0.999235 0.030426 16.671700 -0.055555 -0.029024 0.998034 -2.516200 0.000000 0.000000 0.000000 1.000000
0.997946 -0.054215 0.034116 0.000000 0.051455 0.995692 0.077139 16.671700 -0.038151 -0.075225 0.996437 -2.516200 0.000000 0.000000 0.000000 1.000000
0.998279 -0.049661 0.031186 0.000000 0.046613 0.994682 0.091846 16.671700 -0.035581 -0.090234 0.995285 -2.516200 0.000000 0.000000 0.000000 1.000000
0.998861 -0.039369 0.026947 0.000000 0.036619 0.994718 0.095890 16.671700 -0.030580 -0.094794 0.995027 -2.516200 0.000000 0.000000 0.000000 1.000000
0.999690 -0.021116 0.013164 0.000000 0.019563 0.993887 0.108652 16.671700 -0.015377 -0.108361 0.993993 -2.516200 0.000000 0.000000 0.000000 1.000000</float_array>
        <technique_common>
          <accessor source="#Neck-Matrix-animation-output-transform-array" count="16" stride="16">
            <param type="float4x4"/>
          </accessor>
        </technique_common>
      </source>
      <source id="Neck-Interpolations">
        <Name_array id="Neck-Interpolations-array" count="16">
 LINEAR LINEAR LINEAR LINEAR LINEAR LINEAR LINEAR LINEAR LINEAR LINEAR LINEAR
LINEAR LINEAR LINEAR LINEAR LINEAR</Name_array>
        <technique_common>
          <accessor source="#Neck-Interpolations-array" count="16">
            <param type="name"/>
          </accessor>
        </technique_common>
      </source>
      <sampler id="Neck-Matrix-animation-transform">
        <input semantic="INPUT" source="#Neck-Matrix-animation-input"/>
        <input semantic="OUTPUT" source="#Neck-Matrix-animation-output-transform"/>
        <input semantic="INTERPOLATION" source="#Neck-Interpolations"/>
      </sampler>
      <channel source="#Neck-Matrix-animation-transform" target="Neck/matrix"/>
    </animation>
    <animation id="Head-anim" name="Head">
      <source id="Head-Matrix-animation-input">
        <float_array id="Head-Matrix-animation-input-array" count="16">

0.000000 0.033333 0.066667 0.100000 0.133333 0.166667 0.200000 0.233333 0.266667 0.300000 0.333333 0.366667 0.400000 0.433333 0.466667 0.500000</float_array>
        <technique_common>
          <accessor source="#Head-Matrix-animation-input-array" count="16">
            <param name="TIME" type="float"/>
          </accessor>
        </technique_common>
      </source>
      <source id="Head-Matrix-animation-output-transform">
        <float_array id="Head-Matrix-animation-output-transform-array" count="256">

0.998739 0.014141 0.048162 0.000000 -0.027519 0.956709 0.289741 9.617900 -0.041980 -0.290701 0.955892 1.685000 0.000000 0.000000 0.000000 1.000000
0.992427 -0.012197 -0.122232 0.000000 0.039239 0.974402 0.221360 9.617900 0.116404 -0.224480 0.967501 1.685000 0.000000 0.000000 0.000000 1.000000
0.952814 -0.072399 -0.294794 0.000000 0.133755 0.971916 0.193620 9.617900 0.272497 -0.223914 0.935739 1.685000 0.000000 0.000000 0.000000 1.000000
0.935582 -0.099018 -0.338943 0.000000 0.176495 0.962505 0.205993 9.617900 0.305837 -0.252545 0.917979 1.685000 0.000000 0.000000 0.000000 1.000000
0.951833 -0.135440 -0.275081 0.000000 0.196966 0.957650 0.210027 9.617900 0.234986 -0.254092 0.938200 1.685000 0.000000 0.000000 0.000000 1.000000
0.965737 -0.164347 -0.200855 0.000000 0.203549 0.959781 0.193360 9.617900 0.160999 -0.227619 0.960348 1.685000 0.000000 0.000000 0.000000 1.000000
0.974528 -0.173562 -0.142023 -0.000000 0.198796 0.961672 0.188860 9.617900 0.103801 -0.212283 0.971680 1.685000 0.000000 0.000000 0.000000 1.000000
0.979896 -0.177372 -0.091337 0.000000 0.193972 0.954099 0.228189 9.617900 0.046670 -0.241319 0.969323 1.685000 0.000000 0.000000 0.000000 1.000000
0.986521 -0.161074 0.028845 -0.000000 0.147357 0.951114 0.271419 9.617900 -0.071154 -0.263510 0.962029 1.685000 0.000000 0.000000 0.000000 1.000000
0.973725 -0.094317 0.207278 -0.000000 0.038610 0.965399 0.257902 9.617900 -0.224431 -0.243122 0.943675 1.685000 0.000000 0.000000 0.000000 1.000000
0.949149 -0.042925 0.311887 -0.000000 -0.040347 0.965907 0.255724 9.617900 -0.312231 -0.255304 0.915058 1.685000 0.000000 0.000000 0.000000 1.000000
0.954564 -0.004995 0.297963 0.000000 -0.074197 0.964390 0.253864 9.617900 -0.288621 -0.264438 0.920202 1.685000 0.000000 0.000000 0.000000 1.000000
0.966735 0.027503 0.254299 0.000000 -0.093469 0.963429 0.251132 9.617900 -0.238092 -0.266547 0.933951 1.685000 0.000000 0.000000 0.000000 1.000000
0.973642 0.026769 0.226504 0.000000 -0.080694 0.969287 0.232317 9.617900 -0.213328 -0.244471 0.945899 1.685000 0.000000 0.000000 0.000000 1.000000
0.981069 0.022122 0.192391 0.000000 -0.069555 0.967417 0.243449 9.617900 -0.180737 -0.252222 0.950641 1.685000 0.000000 0.000000 0.000000 1.000000
0.993205 0.024527 0.113765 0.000000 -0.056409 0.956490 0.286259 9.617900 -0.101794 -0.290731 0.951375 1.685000 0.000000 0.000000 0.000000 1.000000</float_array>
        <technique_common>
          <accessor source="#Head-Matrix-animation-output-transform-array" count="16" stride="16">
            <param type="float4x4"/>
          </accessor>
        </technique_common>
      </source>
      <source id="Head-Interpolations">
        <Name_array id="Head-Interpolations-array" count="16">
 LINEAR LINEAR LINEAR LINEAR LINEAR LINEAR LINEAR LINEAR LINEAR LINEAR LINEAR
LINEAR LINEAR LINEAR LINEAR LINEAR</Name_array>
        <technique_common>
          <accessor source="#Head-Interpolations-array" count="16">
            <param type="name"/>
          </accessor>
        </technique_common>
      </source>
      <sampler id="Head-Matrix-animation-transform">
        <input semantic="INPUT" source="#Head-Matrix-animation-input"/>
        <input semantic="OUTPUT" source="#Head-Matrix-animation-output-transform"/>
        <input semantic="INTERPOLATION" source="#Head-Interpolations"/>
      </sampler>
      <channel source="#Head-Matrix-animation-transform" target="Head/matrix"/>
    </animation>
    <animation id="LeftShoulder-anim" name="LeftShoulder">
      <source id="LeftShoulder-Matrix-animation-input">
        <float_array id="LeftShoulder-Matrix-animation-input-array" count="16">

0.000000 0.033333 0.066667 0.100000 0.133333 0.166667 0.200000 0.233333 0.266667 0.300000 0.333333 0.366667 0.400000 0.433333 0.466667 0.500000</float_array>
        <technique_common>
          <accessor source="#LeftShoulder-Matrix-animation-input-array" count="16">
            <param name="TIME" type="float"/>
          </accessor>
        </technique_common>
      </source>
      <source id="LeftShoulder-Matrix-animation-output-transform">
        <float_array id="LeftShoulder-Matrix-animation-output-transform-array" count="256">

0.948758 0.220786 -0.226081 4.570400 -0.227824 0.973688 -0.005189 10.946000 0.218986 0.056429 0.974095 -2.628000 0.000000 0.000000 0.000000 1.000000
0.966701 0.061294 -0.248460 4.570400 -0.069492 0.997285 -0.024349 10.946000 0.246293 0.040804 0.968336 -2.628000 0.000000 0.000000 0.000000 1.000000
0.938198 -0.059211 -0.340995 4.570400 0.046137 0.997860 -0.046331 10.946000 0.343009 0.027735 0.938923 -2.628000 0.000000 0.000000 0.000000 1.000000
0.941286 -0.033457 -0.335949 4.570400 0.020826 0.998937 -0.041130 10.946000 0.336968 0.031719 0.940982 -2.628000 0.000000 0.000000 0.000000 1.000000
0.954833 0.129003 -0.267680 4.570400 -0.137903 0.990338 -0.014638 10.946000 0.263205 0.050891 0.963397 -2.628000 0.000000 0.000000 0.000000 1.000000
0.925538 0.295556 -0.236699 4.570400 -0.303154 0.952931 0.004497 10.946000 0.226887 0.067595 0.971573 -2.628000 0.000000 0.000000 0.000000 1.000000
0.896511 0.386716 -0.216144 4.570400 -0.393375 0.919284 0.013128 10.946000 0.203775 0.073257 0.976273 -2.628000 0.000000 0.000000 0.000000 1.000000
0.902999 0.340938 -0.261448 4.570400 -0.349842 0.936715 0.013214 10.946000 0.249408 0.079533 0.965127 -2.628000 0.000000 0.000000 0.000000 1.000000
0.935702 0.108092 -0.335826 4.570400 -0.120440 0.992590 -0.016095 10.946000 0.331597 0.055507 0.941787 -2.628000 0.000000 0.000000 0.000000 1.000000
0.953383 -0.026247 -0.300619 4.570400 0.023511 0.999643 -0.012716 10.946000 0.300846 0.005056 0.953659 -2.628000 0.000000 0.000000 0.000000 1.000000
0.966761 -0.021495 -0.254776 4.570400 0.023103 0.999728 0.003320 10.946000 0.254636 -0.009096 0.966994 -2.628000 0.000000 0.000000 0.000000 1.000000
0.965678 -0.018675 -0.259069 4.570400 0.015913 0.999792 -0.012755 10.946000 0.259253 0.008194 0.965775 -2.628000 0.000000 0.000000 0.000000 1.000000
0.961934 0.025540 -0.272085 4.570400 -0.034004 0.999072 -0.026439 10.946000 0.271157 0.034685 0.961910 -2.628000 0.000000 0.000000 0.000000 1.000000
0.948673 0.186344 -0.255528 4.570400 -0.194579 0.980861 -0.007100 10.946000 0.249315 0.056456 0.966776 -2.628000 0.000000 0.000000 0.000000 1.000000
0.922043 0.297614 -0.247511 4.570400 -0.305742 0.952096 0.005859 10.946000 0.237398 0.070272 0.968867 -2.628000 0.000000 0.000000 0.000000 1.000000
0.934718 0.274171 -0.226125 4.570400 -0.281558 0.959544 -0.000431 10.946000 0.216858 0.064070 0.974098 -2.628000 0.000000 0.000000 0.000000 1.000000</float_array>
        <technique_common>
          <accessor source="#LeftShoulder-Matrix-animation-output-transform-array" count="16" stride="16">
            <param type="float4x4"/>
          </accessor>
        </technique_common>
      </source>
      <source id="LeftShoulder-Interpolations">
        <Name_array id="LeftShoulder-Interpolations-array" count="16">
 LINEAR LINEAR LINEAR LINEAR LINEAR LINEAR LINEAR LINEAR LINEAR LINEAR LINEAR
LINEAR LINEAR LINEAR LINEAR LINEAR</Name_array>
        <technique_common>
          <accessor source="#LeftShoulder-Interpolations-array" count="16">
            <param type="name"/>
          </accessor>
        </technique_common>
      </source>
      <sampler id="LeftShoulder-Matrix-animation-transform">
        <input semantic="INPUT" source="#LeftShoulder-Matrix-animation-input"/>
        <input semantic="OUTPUT" source="#LeftShoulder-Matrix-animation-output-transform"/>
        <input semantic="INTERPOLATION" source="#LeftShoulder-Interpolations"/>
      </sampler>
      <channel source="#LeftShoulder-Matrix-animation-transform" target="LeftShoulder/matrix"/>
    </animation>
    <animation id="LeftArm-anim" name="LeftArm">
      <source id="LeftArm-Matrix-animation-input">
        <float_array id="LeftArm-Matrix-animation-input-array" count="16">

0.000000 0.033333 0.066667 0.100000 0.133333 0.166667 0.200000 0.233333 0.266667 0.300000 0.333333 0.366667 0.400000 0.433333 0.466667 0.500000</float_array>
        <technique_common>
          <accessor source="#LeftArm-Matrix-animation-input-array" count="16">
            <param name="TIME" type="float"/>
          </accessor>
        </technique_common>
      </source>
      <source id="LeftArm-Matrix-animation-output-transform">
        <float_array id="LeftArm-Matrix-animation-output-transform-array" count="256">

0.522831 0.767687 -0.370545 10.592400 -0.748160 0.204924 -0.631081 -0.524600 -0.408539 0.607176 0.681493 -2.232100 0.000000 0.000000 0.000000 1.000000
0.537455 0.761950 -0.361349 10.592400 -0.595001 0.038982 -0.802779 -0.524600 -0.597592 0.646461 0.474312 -2.232100 0.000000 0.000000 0.000000 1.000000
0.586613 0.775084 -0.234798 10.592400 -0.466371 0.086274 -0.880372 -0.524600 -0.662105 0.625941 0.412086 -2.232100 0.000000 0.000000 0.000000 1.000000
0.586622 0.803226 -0.103451 10.592400 -0.518511 0.274381 -0.809853 -0.524600 -0.622110 0.528718 0.577440 -2.232100 0.000000 0.000000 0.000000 1.000000
0.603007 0.797583 -0.015613 10.592400 -0.631407 0.465226 -0.620395 -0.524600 -0.487553 0.383960 0.784134 -2.232100 0.000000 0.000000 0.000000 1.000000
0.672872 0.737611 -0.056328 10.592400 -0.703284 0.614222 -0.357942 -0.524600 -0.229424 0.280464 0.932043 -2.232100 0.000000 0.000000 0.000000 1.000000
0.715195 0.647512 -0.263105 10.592400 -0.684900 0.724323 -0.079167 -0.524600 0.139312 0.236821 0.961513 -2.232100 0.000000 0.000000 0.000000 1.000000
0.651463 0.629013 -0.424192 10.592400 -0.591939 0.771143 0.234407 -0.524600 0.474558 0.098388 0.874708 -2.232100 0.000000 0.000000 0.000000 1.000000
0.570466 0.748813 -0.337412 10.592400 -0.470168 0.634579 0.613393 -0.524600 0.673432 -0.191280 0.714074 -2.232100 0.000000 0.000000 0.000000 1.000000
0.694702 0.685752 -0.217102 10.592400 -0.330414 0.572330 0.750510 -0.524600 0.638917 -0.449647 0.624181 -2.232100 0.000000 0.000000 0.000000 1.000000
0.844745 0.506392 -0.173128 10.592400 -0.236712 0.643686 0.727761 -0.524600 0.479972 -0.573791 0.663619 -2.232100 0.000000 0.000000 0.000000 1.000000
0.816501 0.541757 -0.199565 10.592400 -0.408445 0.786330 0.463528 -0.524600 0.408043 -0.296960 0.863317 -2.232100 0.000000 0.000000 0.000000 1.000000
0.662618 0.676713 -0.320933 10.592400 -0.634799 0.734841 0.238828 -0.524600 0.397453 0.045476 0.916495 -2.232100 0.000000 0.000000 0.000000 1.000000
0.546285 0.746512 -0.379858 10.592400 -0.767821 0.627536 0.129032 -0.524600 0.334699 0.221175 0.916001 -2.232100 0.000000 0.000000 0.000000 1.000000
0.507668 0.773301 -0.379840 10.592400 -0.848406 0.525437 -0.064205 -0.524600 0.149933 0.354853 0.922821 -2.232100 0.000000 0.000000 0.000000 1.000000
0.510592 0.774718 -0.372972 10.592400 -0.825310 0.319922 -0.465309 -0.524600 -0.241161 0.545401 0.802732 -2.232100 0.000000 0.000000 0.000000 1.000000</float_array>
        <technique_common>
          <accessor source="#LeftArm-Matrix-animation-output-transform-array" count="16" stride="16">
            <param type="float4x4"/>
          </accessor>
        </technique_common>
      </source>
      <source id="LeftArm-Interpolations">
        <Name_array id="LeftArm-Interpolations-array" count="16">
 LINEAR LINEAR LINEAR LINEAR LINEAR LINEAR LINEAR LINEAR LINEAR LINEAR LINEAR
LINEAR LINEAR LINEAR LINEAR LINEAR</Name_array>
        <technique_common>
          <accessor source="#LeftArm-Interpolations-array" count="16">
            <param type="name"/>
          </accessor>
        </technique_common>
      </source>
      <sampler id="LeftArm-Matrix-animation-transform">
        <input semantic="INPUT" source="#LeftArm-Matrix-animation-input"/>
        <input semantic="OUTPUT" source="#LeftArm-Matrix-animation-output-transform"/>
        <input semantic="INTERPOLATION" source="#LeftArm-Interpolations"/>
      </sampler>
      <channel source="#LeftArm-Matrix-animation-transform" target="LeftArm/matrix"/>
    </animation>
    <animation id="LeftForeArm-anim" name="LeftForeArm">
      <source id="LeftForeArm-Matrix-animation-input">
        <float_array id="LeftForeArm-Matrix-animation-input-array" count="16">

0.000000 0.033333 0.066667 0.100000 0.133333 0.166667 0.200000 0.233333 0.266667 0.300000 0.333333 0.366667 0.400000 0.433333 0.466667 0.500000</float_array>
        <technique_common>
          <accessor source="#LeftForeArm-Matrix-animation-input-array" count="16">
            <param name="TIME" type="float"/>
          </accessor>
        </technique_common>
      </source>
      <source id="LeftForeArm-Matrix-animation-output-transform">
        <float_array id="LeftForeArm-Matrix-animation-output-transform-array" count="256">

0.795022 0.000004 -0.606581 27.841499 -0.000003 1.000000 0.000002 -0.000100 0.606581 -0.000000 0.795022 0.000000 0.000000 0.000000 0.000000 1.000000
0.562764 0.000004 -0.826618 27.841499 -0.000002 1.000000 0.000003 -0.000100 0.826618 0.000000 0.562764 0.000000 0.000000 0.000000 0.000000 1.000000
0.359961 0.000004 -0.932967 27.841499 -0.000001 1.000000 0.000003 -0.000100 0.932967 -0.000000 0.359961 0.000000 0.000000 0.000000 0.000000 1.000000
0.417291 0.000004 -0.908773 27.841499 -0.000001 1.000000 0.000003 -0.000100 0.908773 -0.000000 0.417291 0.000000 0.000000 0.000000 0.000000 1.000000
0.576090 0.000003 -0.817386 27.841499 -0.000002 1.000000 0.000003 -0.000100 0.817386 0.000000 0.576090 -0.000000 0.000000 0.000000 0.000000 1.000000
0.673258 0.000003 -0.739407 27.841499 -0.000002 1.000000 0.000003 -0.000100 0.739407 -0.000000 0.673258 0.000000 0.000000 0.000000 0.000000 1.000000
0.708979 0.000003 -0.705229 27.841499 -0.000002 1.000000 0.000002 -0.000100 0.705229 0.000000 0.708979 0.000000 0.000000 0.000000 0.000000 1.000000
0.559852 0.000004 -0.828593 27.841499 -0.000002 1.000000 0.000003 -0.000100 0.828593 -0.000000 0.559852 0.000000 0.000000 0.000000 0.000000 1.000000
0.307758 0.000004 -0.951465 27.841499 -0.000001 1.000000 0.000003 -0.000100 0.951465 0.000000 0.307758 0.000000 0.000000 0.000000 0.000000 1.000000
-0.081485 0.000006 -0.996675 27.841499 0.000000 1.000000 0.000006 -0.000100 0.996675 -0.000000 -0.081485 0.000000 0.000000 0.000000 0.000000 1.000000
-0.356559 0.000004 -0.934273 27.841499 0.000001 1.000000 0.000004 -0.000100 0.934273 0.000000 -0.356559 -0.000000 0.000000 0.000000 0.000000 1.000000
-0.340272 0.000004 -0.940327 27.841499 0.000001 1.000000 0.000004 -0.000100 0.940327 -0.000000 -0.340272 0.000000 0.000000 0.000000 0.000000 1.000000
0.156878 0.000003 -0.987618 27.841499 -0.000001 1.000000 0.000003 -0.000100 0.987618 0.000000 0.156878 -0.000000 0.000000 0.000000 0.000000 1.000000
0.807105 0.000004 -0.590408 27.841499 -0.000003 1.000000 0.000002 -0.000100 0.590408 0.000000 0.807105 0.000000 0.000000 0.000000 0.000000 1.000000
0.992493 0.000003 -0.122304 27.841499 -0.000003 1.000000 0.000001 -0.000100 0.122304 -0.000000 0.992493 0.000000 0.000000 0.000000 0.000000 1.000000
0.920947 0.000004 -0.389688 27.841499 -0.000004 1.000000 0.000001 -0.000100 0.389688 0.000000 0.920947 0.000000 0.000000 0.000000 0.000000 1.000000</float_array>
        <technique_common>
          <accessor source="#LeftForeArm-Matrix-animation-output-transform-array" count="16" stride="16">
            <param type="float4x4"/>
          </accessor>
        </technique_common>
      </source>
      <source id="LeftForeArm-Interpolations">
        <Name_array id="LeftForeArm-Interpolations-array" count="16">
 LINEAR LINEAR LINEAR LINEAR LINEAR LINEAR LINEAR LINEAR LINEAR LINEAR LINEAR
LINEAR LINEAR LINEAR LINEAR LINEAR</Name_array>
        <technique_common>
          <accessor source="#LeftForeArm-Interpolations-array" count="16">
            <param type="name"/>
          </accessor>
        </technique_common>
      </source>
      <sampler id="LeftForeArm-Matrix-animation-transform">
        <input semantic="INPUT" source="#LeftForeArm-Matrix-animation-input"/>
        <input semantic="OUTPUT" source="#LeftForeArm-Matrix-animation-output-transform"/>
        <input semantic="INTERPOLATION" source="#LeftForeArm-Interpolations"/>
      </sampler>
      <channel source="#LeftForeArm-Matrix-animation-transform" target="LeftForeArm/matrix"/>
    </animation>
    <animation id="LeftHand-anim" name="LeftHand">
      <source id="LeftHand-Matrix-animation-input">
        <float_array id="LeftHand-Matrix-animation-input-array" count="16">

0.000000 0.033333 0.066667 0.100000 0.133333 0.166667 0.200000 0.233333 0.266667 0.300000 0.333333 0.366667 0.400000 0.433333 0.466667 0.500000</float_array>
        <technique_common>
          <accessor source="#LeftHand-Matrix-animation-input-array" count="16">
            <param name="TIME" type="float"/>
          </accessor>
        </technique_common>
      </source>
      <source id="LeftHand-Matrix-animation-output-transform">
        <float_array id="LeftHand-Matrix-animation-output-transform-array" count="256">

0.999886 0.003436 -0.014721 28.328800 0.004774 0.852193 0.523205 0.000000 0.014343 -0.523216 0.852079 0.000000 0.000000 0.000000 0.000000 1.000000
0.991839 0.045493 0.119105 28.328800 -0.107388 0.801652 0.588066 -0.000000 -0.068728 -0.596057 0.799995 -0.000000 0.000000 0.000000 0.000000 1.000000
0.999571 0.000060 0.029301 28.328800 -0.020346 0.721012 0.692624 0.000000 -0.021085 -0.692923 0.720703 0.000000 0.000000 0.000000 0.000000 1.000000
0.995196 -0.087951 -0.043006 28.328800 0.092398 0.698548 0.709573 0.000000 -0.032366 -0.710138 0.703318 0.000000 0.000000 0.000000 0.000000 1.000000
0.952616 -0.223291 -0.206554 28.328800 0.303956 0.672896 0.674405 0.000000 -0.011599 -0.705232 0.708882 0.000000 0.000000 0.000000 0.000000 1.000000
0.851181 -0.287662 -0.439024 28.328800 0.521709 0.555391 0.647580 0.000000 0.057546 -0.780251 0.622814 0.000000 0.000000 0.000000 0.000000 1.000000
0.745539 -0.416522 -0.520270 28.328800 0.665395 0.509342 0.545729 -0.000000 0.037688 -0.753047 0.656886 0.000000 0.000000 0.000000 0.000000 1.000000
0.702533 -0.603248 -0.377543 28.328800 0.709356 0.551024 0.439531 0.000000 -0.057111 -0.576597 0.815030 0.000000 0.000000 0.000000 0.000000 1.000000
