<?xml version="1.0" encoding="utf-8"?>
<COLLADA xmlns="http://www.collada.org/2005/11/COLLADASchema" version="1.4.1">
  <asset><contributor><author>Mixamo</author><authoring_tool>COLLADA Mixamo exporter</authoring_tool><comments></comments></contributor><created>2020-10-24T03:43:18Z</created><modified>2020-10-24T03:43:18Z</modified><revision></revision><title></title><unit meter="0.010000"/><up_axis>Y_UP</up_axis></asset>
  <library_animations>
    <animation id="Hips-anim" name="Hips"><source id="Hips-Matrix-animation-input"><float_array id="Hips-Matrix-animation-input-array" count="79">

0.000000 0.033333 0.066667 0.100000 0.133333 0.166667 0.200000 0.233333 0.266667 0.300000 0.333333 0.366667 0.400000 0.433333 0.466667 0.500000
0.533333 0.566667 0.600000 0.633333 0.666667 0.700000 0.733333 0.766667 0.800000 0.833333 0.866667 0.900000 0.933333 0.966667 1.000000 1.033333
1.066667 1.100000 1.133333 1.166667 1.200000 1.233333 1.266667 1.300000 1.333333 1.366667 1.400000 1.433333 1.466667 1.500000 1.533333 1.566667
1.600000 1.633333 1.666667 1.700000 1.733333 1.766667 1.800000 1.833333 1.866667 1.900000 1.933333 1.966667 2.000000 2.033333 2.066667 2.100000
2.133333 2.166667 2.200000 2.233333 2.266667 2.300000 2.333333 2.366667 2.400000 2.433333 2.466667 2.500000 2.533333 2.566667 2.600000</float_array><technique_common><accessor source="#Hips-Matrix-animation-input-array" count="79"><param name="TIME" type="float"/></accessor></technique_common></source><source id="Hips-Matrix-animation-output-transform"><float_array id="Hips-Matrix-animation-output-transform-array" count="1264">

0.991700 0.041233 0.121780 -2.948881 -0.046615 0.998043 0.041677 101.153961 -0.119823 -0.047008 0.991682 1.151887 0.000000 0.000000 0.000000 1.000000
0.992254 0.014119 0.123417 -2.988646 -0.018762 0.999156 0.036539 101.310074 -0.122797 -0.038572 0.991682 0.626618 0.000000 0.000000 0.000000 1.000000
0.991745 -0.007747 0.127990 -3.022753 0.003327 0.999392 0.034707 101.133141 -0.128181 -0.033995 0.991168 0.265774 0.000000 0.000000 0.000000 1.000000
0.990410 -0.022658 0.136289 -3.012495 0.017566 0.999106 0.038449 100.656158 -0.137038 -0.035686 0.989923 0.132543 0.000000 0.000000 0.000000 1.000000
0.990340 -0.017313 0.137572 -2.620590 0.010138 0.998560 0.052689 99.448586 -0.138286 -0.050785 0.989089 0.516972 0.000000 0.000000 0.000000 1.000000
0.990790 -0.014708 0.134606 -2.032741 0.005820 0.997791 0.066183 98.277435 -0.135282 -0.064790 0.988686 1.057770 0.000000 0.000000 0.000000 1.000000
0.991369 -0.025330 0.128631 -1.323078 0.015639 0.997001 0.075798 97.523941 -0.130165 -0.073132 0.988792 1.578750 0.000000 0.000000 0.000000 1.000000
0.992116 -0.041793 0.118146 -0.498258 0.032327 0.996195 0.080932 97.131844 -0.121079 -0.076474 0.989693 2.193920 0.000000 0.000000 0.000000 1.000000
0.992285 -0.060880 0.107999 0.449382 0.052046 0.995205 0.082814 97.028816 -0.112523 -0.076554 0.990696 2.908754 0.000000 0.000000 0.000000 1.000000
0.990355 -0.085481 0.109041 1.413226 0.076691 0.993643 0.082414 97.118088 -0.115392 -0.073257 0.990615 3.596365 0.000000 0.000000 0.000000 1.000000
0.986229 -0.111000 0.122603 2.264880 0.101563 0.991548 0.080727 97.292961 -0.130528 -0.067164 0.989167 4.138883 0.000000 0.000000 0.000000 1.000000
0.982444 -0.128680 0.135075 3.078978 0.118028 0.989440 0.084134 97.146370 -0.144475 -0.066714 0.987257 4.564110 0.000000 0.000000 0.000000 1.000000
0.981380 -0.135915 0.135725 3.871509 0.124153 0.988017 0.091695 97.684639 -0.146561 -0.073137 0.986494 5.060222 0.000000 0.000000 0.000000 1.000000
0.983563 -0.139951 0.114095 4.520595 0.128824 0.986643 0.099697 98.367477 -0.126523 -0.083360 0.988455 5.253837 0.000000 0.000000 0.000000 1.000000
0.987515 -0.134745 0.081601 5.019279 0.125481 0.986019 0.109642 99.214142 -0.095234 -0.098034 0.990616 5.238158 0.000000 0.000000 0.000000 1.000000
0.991462 -0.120759 0.049202 5.303828 0.114440 0.986682 0.115599 100.073425 -0.062507 -0.108982 0.992077 4.965550 0.000000 0.000000 0.000000 1.000000
0.994938 -0.098905 0.017755 5.388323 0.096421 0.989414 0.108453 100.833549 -0.028294 -0.106192 0.993943 4.431885 0.000000 0.000000 0.000000 1.000000
0.997211 -0.074501 -0.004440 5.401184 0.074599 0.993211 0.089254 101.422882 -0.002239 -0.089336 0.995999 3.770114 0.000000 0.000000 0.000000 1.000000
0.997979 -0.061431 -0.016279 5.399533 0.062418 0.995641 0.069309 101.754738 0.011951 -0.070185 0.997462 3.153473 0.000000 0.000000 0.000000 1.000000
0.997986 -0.056756 -0.028328 5.368950 0.058288 0.996696 0.056571 101.817841 0.025024 -0.058108 0.997997 2.550252 0.000000 0.000000 0.000000 1.000000
0.998048 -0.046308 -0.041891 5.322130 0.048574 0.997316 0.054784 101.717163 0.039241 -0.056712 0.997619 1.899814 0.000000 0.000000 0.000000 1.000000
0.997937 -0.037652 -0.052006 5.221978 0.040843 0.997257 0.061726 101.546173 0.049539 -0.063723 0.996737 1.350321 0.000000 0.000000 0.000000 1.000000
0.997542 -0.036185 -0.060002 5.007207 0.040465 0.996604 0.071712 101.221062 0.057204 -0.073964 0.995619 1.061115 0.000000 0.000000 0.000000 1.000000
0.997075 -0.040217 -0.064996 4.593789 0.045710 0.995301 0.085366 100.497391 0.061258 -0.088088 0.994227 1.202215 0.000000 0.000000 0.000000 1.000000
0.996937 -0.043042 -0.065297 4.003670 0.049059 0.994406 0.093542 99.581993 0.060906 -0.096459 0.993472 1.569469 0.000000 0.000000 0.000000 1.000000
0.997552 -0.037741 -0.058877 3.304837 0.043106 0.994761 0.092699 98.883469 0.055070 -0.095010 0.993952 1.867665 0.000000 0.000000 0.000000 1.000000
0.998480 -0.031128 -0.045477 2.479050 0.035170 0.995232 0.090979 98.323936 0.042428 -0.092440 0.994814 2.161757 0.000000 0.000000 0.000000 1.000000
0.999284 -0.021840 -0.030907 1.519785 0.024571 0.995555 0.090916 98.005936 0.028784 -0.091611 0.995379 2.591181 0.000000 0.000000 0.000000 1.000000
0.999798 -0.005453 -0.019325 0.477236 0.007120 0.996157 0.087290 97.955429 0.018775 -0.087410 0.995995 3.174193 0.000000 0.000000 0.000000 1.000000
0.999701 0.017762 -0.016808 -0.553201 -0.016357 0.996638 0.080281 97.911774 0.018177 -0.079982 0.996631 3.687100 0.000000 0.000000 0.000000 1.000000
0.998811 0.042659 -0.023610 -1.482745 -0.040628 0.995911 0.080684 97.373878 0.026955 -0.079629 0.996460 4.043106 0.000000 0.000000 0.000000 1.000000
0.996867 0.073378 -0.029529 -2.276891 -0.070541 0.993640 0.087766 97.175652 0.035781 -0.085408 0.995703 4.129149 0.000000 0.000000 0.000000 1.000000
0.995257 0.094707 -0.022238 -2.920011 -0.092303 0.991506 0.091634 97.417969 0.030727 -0.089147 0.995544 4.008542 0.000000 0.000000 0.000000 1.000000
0.995460 0.095126 -0.003346 -3.439280 -0.094446 0.991490 0.089600 97.937317 0.011840 -0.088877 0.995972 3.640066 0.000000 0.000000 0.000000 1.000000
0.996764 0.079126 0.014170 -3.869496 -0.080072 0.992867 0.088333 98.716843 -0.007079 -0.089181 0.995990 3.156411 0.000000 0.000000 0.000000 1.000000
0.997932 0.059001 0.025521 -4.172340 -0.061050 0.994178 0.088787 99.587044 -0.020133 -0.090161 0.995724 2.650098 0.000000 0.000000 0.000000 1.000000
0.998452 0.041011 0.037575 -4.435606 -0.044288 0.994867 0.090987 100.306961 -0.033650 -0.092511 0.995143 2.155940 0.000000 0.000000 0.000000 1.000000
0.998534 0.024169 0.048442 -4.731314 -0.028591 0.995276 0.092776 100.834076 -0.045970 -0.094025 0.994508 1.607118 0.000000 0.000000 0.000000 1.000000
0.998451 0.007135 0.055172 -5.038592 -0.012059 0.995920 0.089434 101.197998 -0.054309 -0.089961 0.994464 0.976766 0.000000 0.000000 0.000000 1.000000
0.997994 -0.006175 0.063004 -5.272565 0.000814 0.996400 0.084769 101.281326 -0.063301 -0.084548 0.994407 0.339915 0.000000 0.000000 0.000000 1.000000
0.997121 -0.011144 0.075009 -5.341434 0.004414 0.995995 0.089297 101.002884 -0.075704 -0.088709 0.993177 -0.165937 0.000000 0.000000 0.000000 1.000000
0.996122 -0.010275 0.087386 -5.354620 0.001261 0.994723 0.102591 100.406128 -0.087979 -0.102083 0.990878 -0.385525 0.000000 0.000000 0.000000 1.000000
0.995509 0.005420 0.094513 -5.074133 -0.016329 0.993227 0.115033 99.144791 -0.093249 -0.116059 0.988855 0.081896 0.000000 0.000000 0.000000 1.000000
0.995211 0.010832 0.097151 -4.812639 -0.021767 0.993445 0.112216 98.321960 -0.095299 -0.113793 0.988923 0.512869 0.000000 0.000000 0.000000 1.000000
0.995916 0.011880 0.089500 -4.464859 -0.021058 0.994529 0.102312 97.582146 -0.087795 -0.103779 0.990718 0.882064 0.000000 0.000000 0.000000 1.000000
0.997252 0.009702 0.073445 -3.943289 -0.016898 0.995042 0.098007 96.819389 -0.072130 -0.098978 0.992472 1.376936 0.000000 0.000000 0.000000 1.000000
0.998364 -0.000301 0.057175 -3.272847 -0.005456 0.994922 0.100503 96.261955 -0.056914 -0.100651 0.993293 2.066584 0.000000 0.000000 0.000000 1.000000
0.999021 -0.016171 0.041165 -2.436103 0.011996 0.994944 0.099712 96.072701 -0.042570 -0.099120 0.994164 2.946069 0.000000 0.000000 0.000000 1.000000
0.999030 -0.036283 0.024967 -1.446767 0.033924 0.995439 0.089169 96.145355 -0.028089 -0.088236 0.995703 3.913254 0.000000 0.000000 0.000000 1.000000
0.997804 -0.063998 0.017065 -0.506576 0.062524 0.995134 0.076151 96.320282 -0.021856 -0.074917 0.996950 4.730503 0.000000 0.000000 0.000000 1.000000
0.996265 -0.084882 0.015862 0.365172 0.083504 0.993805 0.073341 96.084602 -0.021989 -0.071742 0.997181 5.512534 0.000000 0.000000 0.000000 1.000000
0.994412 -0.104507 0.014960 1.165197 0.103124 0.991889 0.074309 96.088020 -0.022605 -0.072351 0.997123 5.992452 0.000000 0.000000 0.000000 1.000000
0.993137 -0.116938 0.002080 1.982657 0.116497 0.990655 0.070934 96.421402 -0.010355 -0.070205 0.997479 6.281334 0.000000 0.000000 0.000000 1.000000
0.993093 -0.115387 -0.021252 2.680379 0.116563 0.990948 0.066599 96.972908 0.013375 -0.068616 0.997553 6.277767 0.000000 0.000000 0.000000 1.000000
0.994305 -0.097743 -0.042483 3.135688 0.100531 0.992513 0.069369 97.711571 0.035384 -0.073245 0.996686 6.062753 0.000000 0.000000 0.000000 1.000000
0.995851 -0.074098 -0.052817 3.425630 0.078105 0.993862 0.078341 98.671257 0.046688 -0.082141 0.995527 5.852275 0.000000 0.000000 0.000000 1.000000
0.997327 -0.051661 -0.051669 3.681796 0.056052 0.994587 0.087490 99.733894 0.046869 -0.090152 0.994825 5.661148 0.000000 0.000000 0.000000 1.000000
0.998526 -0.030894 -0.044622 3.909782 0.034847 0.995267 0.090718 100.581612 0.041608 -0.092140 0.994876 5.312485 0.000000 0.000000 0.000000 1.000000
0.999250 -0.014475 -0.035902 4.089769 0.017603 0.995929 0.088401 101.000626 0.034477 -0.088967 0.995438 4.786975 0.000000 0.000000 0.000000 1.000000
0.999592 -0.004620 -0.028202 4.194087 0.007020 0.996305 0.085603 101.035416 0.027702 -0.085766 0.995930 4.219962 0.000000 0.000000 0.000000 1.000000
0.999703 0.000309 -0.024387 4.235050 0.001820 0.996187 0.087221 100.894234 0.024321 -0.087240 0.995890 3.710048 0.000000 0.000000 0.000000 1.000000
0.999717 0.002537 -0.023650 4.199810 -0.000272 0.995449 0.095291 100.648376 0.023784 -0.095257 0.995169 3.323798 0.000000 0.000000 0.000000 1.000000
0.999705 -0.007679 -0.023051 3.975989 0.010164 0.993915 0.109681 99.754913 0.022069 -0.109883 0.993700 3.442124 0.000000 0.000000 0.000000 1.000000
0.999595 -0.015773 -0.023673 3.649090 0.018419 0.993071 0.116062 98.669815 0.021678 -0.116451 0.992960 3.853477 0.000000 0.000000 0.000000 1.000000
0.999745 -0.014464 -0.017363 3.318481 0.016309 0.993652 0.111311 97.842552 0.015643 -0.111566 0.993634 4.213603 0.000000 0.000000 0.000000 1.000000
0.999936 -0.011025 0.002524 2.946808 0.010687 0.994077 0.108153 97.158234 -0.003702 -0.108119 0.994131 4.636907 0.000000 0.000000 0.000000 1.000000
0.999646 -0.005864 0.025970 2.480636 0.002886 0.993560 0.113274 96.603073 -0.026467 -0.113159 0.993224 5.284728 0.000000 0.000000 0.000000 1.000000
0.998849 0.007700 0.047348 1.848749 -0.013268 0.992872 0.118447 96.286949 -0.046098 -0.118939 0.991831 6.180369 0.000000 0.000000 0.000000 1.000000
0.997546 0.031342 0.062610 1.136389 -0.038322 0.992787 0.113598 96.180008 -0.058598 -0.115719 0.991552 7.033656 0.000000 0.000000 0.000000 1.000000
0.996634 0.056984 0.058934 0.573076 -0.062869 0.992653 0.103376 96.268570 -0.052610 -0.106733 0.992895 7.444633 0.000000 0.000000 0.000000 1.000000
0.995547 0.084035 0.042720 0.109279 -0.087911 0.991211 0.098854 96.447380 -0.034038 -0.102169 0.994185 7.621816 0.000000 0.000000 0.000000 1.000000
0.991889 0.120301 0.041044 -0.519458 -0.123728 0.987767 0.094910 96.687927 -0.029124 -0.099218 0.994639 7.644241 0.000000 0.000000 0.000000 1.000000
0.987705 0.145509 0.057143 -1.157757 -0.149910 0.985271 0.082264 97.221100 -0.044331 -0.089819 0.994971 7.368106 0.000000 0.000000 0.000000 1.000000
0.986563 0.146023 0.073285 -1.602103 -0.150256 0.987060 0.055989 97.723679 -0.064162 -0.066248 0.995738 6.505608 0.000000 0.000000 0.000000 1.000000
0.987072 0.135039 0.086331 -1.988767 -0.138653 0.989638 0.037304 98.359909 -0.080399 -0.048792 0.995568 5.530286 0.000000 0.000000 0.000000 1.000000
0.987471 0.122884 0.098993 -2.359134 -0.127263 0.991095 0.039182 99.106712 -0.093297 -0.051289 0.994316 4.721036 0.000000 0.000000 0.000000 1.000000
0.988276 0.106162 0.109726 -2.607741 -0.111758 0.992663 0.046157 99.762375 -0.104021 -0.057878 0.992890 3.829759 0.000000 0.000000 0.000000 1.000000
0.989730 0.081638 0.117341 -2.823954 -0.087701 0.995016 0.047461 100.362289 -0.112882 -0.057265 0.991957 2.803949 0.000000 0.000000 0.000000 1.000000
0.991138 0.054783 0.121014 -2.928365 -0.060528 0.997183 0.044309 100.933212 -0.118246 -0.051241 0.991661 1.702289 0.000000 0.000000 0.000000 1.000000</float_array><technique_common><accessor source="#Hips-Matrix-animation-output-transform-array" count="79" stride="16"><param type="float4x4"/></accessor></technique_common></source><source id="Hips-Interpolations"><Name_array id="Hips-Interpolations-array" count="79">
 LINEAR LINEAR LINEAR LINEAR LINEAR LINEAR LINEAR LINEAR LINEAR LINEAR LINEAR
LINEAR LINEAR LINEAR LINEAR LINEAR LINEAR LINEAR LINEAR LINEAR LINEAR LINEAR LINEAR
LINEAR LINEAR LINEAR LINEAR LINEAR LINEAR LINEAR LINEAR LINEAR LINEAR LINEAR LINEAR
LINEAR LINEAR LINEAR LINEAR LINEAR LINEAR LINEAR LINEAR LINEAR LINEAR LINEAR LINEAR
LINEAR LINEAR LINEAR LINEAR LINEAR LINEAR LINEAR LINEAR LINEAR LINEAR LINEAR LINEAR
LINEAR LINEAR LINEAR LINEAR LINEAR LINEAR LINEAR LINEAR LINEAR LINEAR LINEAR LINEAR
LINEAR LINEAR LINEAR LINEAR LINEAR LINEAR LINEAR LINEAR</Name_array><technique_common><accessor source="#Hips-Interpolations-array" count="79"><param type="name"/></accessor></technique_common></source><sampler id="Hips-Matrix-animation-transform"><input semantic="INPUT" source="#Hips-Matrix-animation-input"/><input semantic="OUTPUT" source="#Hips-Matrix-animation-output-transform"/><input semantic="INTERPOLATION" source="#Hips-Interpolations"/></sampler><channel source="#Hips-Matrix-animation-transform" target="Hips/matrix"/></animation>
    <animation id="Spine-anim" name="Spine"><source id="Spine-Matrix-animation-input"><float_array id="Spine-Matrix-animation-input-array" count="79">

0.000000 0.033333 0.066667 0.100000 0.133333 0.166667 0.200000 0.233333 0.266667 0.300000 0.333333 0.366667 0.400000 0.433333 0.466667 0.500000
0.533333 0.566667 0.600000 0.633333 0.666667 0.700000 0.733333 0.766667 0.800000 0.833333 0.866667 0.900000 0.933333 0.966667 1.000000 1.033333
1.066667 1.100000 1.133333 1.166667 1.200000 1.233333 1.266667 1.300000 1.333333 1.366667 1.400000 1.433333 1.466667 1.500000 1.533333 1.566667
1.600000 1.633333 1.666667 1.700000 1.733333 1.766667 1.800000 1.833333 1.866667 1.900000 1.933333 1.966667 2.000000 2.033333 2.066667 2.100000
2.133333 2.166667 2.200000 2.233333 2.266667 2.300000 2.333333 2.366667 2.400000 2.433333 2.466667 2.500000 2.533333 2.566667 2.600000</float_array><technique_common><accessor source="#Spine-Matrix-animation-input-array" count="79"><param name="TIME" type="float"/></accessor></technique_common></source><source id="Spine-Matrix-animation-output-transform"><float_array id="Spine-Matrix-animation-output-transform-array" count="1264">

0.991637 -0.100791 0.080605 0.000000 0.098673 0.994672 0.029852 10.181600 -0.083184 -0.021648 0.996299 0.131500 0.000000 0.000000 0.000000 1.000000
0.989450 -0.095177 0.109227 0.000000 0.094872 0.995457 0.008004 10.181600 -0.109492 0.002443 0.993985 0.131500 0.000000 0.000000 0.000000 1.000000
0.986469 -0.097403 0.131876 -0.000000 0.098082 0.995177 0.001348 10.181600 -0.131371 0.011605 0.991265 0.131500 0.000000 0.000000 0.000000 1.000000
0.982987 -0.108262 0.148380 0.000000 0.107043 0.994122 0.016198 10.181600 -0.149261 -0.000040 0.988798 0.131500 0.000000 0.000000 0.000000 1.000000
0.977969 -0.136888 0.157603 0.000000 0.131166 0.990283 0.046201 10.181600 -0.162396 -0.024511 0.986421 0.131500 0.000000 0.000000 0.000000 1.000000
0.974853 -0.150707 0.164164 -0.000000 0.141905 0.987799 0.064157 10.181600 -0.171830 -0.039248 0.984344 0.131500 0.000000 0.000000 0.000000 1.000000
0.973958 -0.145027 0.174276 -0.000000 0.135549 0.988625 0.065174 10.181600 -0.181746 -0.039853 0.982538 0.131500 0.000000 0.000000 0.000000 1.000000
0.974439 -0.125345 0.186433 0.000000 0.116578 0.991527 0.057313 10.181600 -0.192037 -0.034114 0.980795 0.131500 0.000000 0.000000 0.000000 1.000000
0.976453 -0.094798 0.193785 -0.000000 0.088154 0.995194 0.042645 10.181600 -0.196896 -0.024558 0.980117 0.131500 0.000000 0.000000 0.000000 1.000000
0.980166 -0.052309 0.191148 0.000000 0.049611 0.998590 0.018879 10.181600 -0.191866 -0.009022 0.981380 0.131500 0.000000 0.000000 0.000000 1.000000
0.983867 0.000319 0.178901 0.000000 0.001204 0.999964 -0.008405 10.181600 -0.178898 0.008485 0.983831 0.131500 0.000000 0.000000 0.000000 1.000000
0.985672 0.043917 0.162855 0.000000 -0.040096 0.998840 -0.026680 10.181600 -0.163838 0.019768 0.986289 0.131500 0.000000 0.000000 0.000000 1.000000
0.987247 0.069899 0.143028 0.000000 -0.064823 0.997101 -0.039855 10.181600 -0.145399 0.030075 0.988916 0.131500 0.000000 0.000000 0.000000 1.000000
0.987871 0.087081 0.128558 0.000000 -0.080609 0.995242 -0.054726 10.181600 -0.132712 0.043700 0.990191 0.131500 0.000000 0.000000 0.000000 1.000000
0.988633 0.093840 0.117470 0.000000 -0.086220 0.993928 -0.068357 10.181600 -0.123171 0.057452 0.990721 0.131500 0.000000 0.000000 0.000000 1.000000
0.989818 0.096786 0.104369 0.000000 -0.088692 0.992873 -0.079599 10.181600 -0.111329 0.069532 0.991348 0.131500 0.000000 0.000000 0.000000 1.000000
0.991442 0.098418 0.085777 -0.000000 -0.090919 0.992021 -0.087341 10.181600 -0.093688 0.078795 0.992479 0.131500 0.000000 0.000000 0.000000 1.000000
0.993664 0.096919 0.056904 -0.000000 -0.091622 0.991783 -0.089285 10.181600 -0.065090 0.083505 0.994379 0.131500 0.000000 0.000000 0.000000 1.000000
0.994914 0.097420 0.025602 0.000000 -0.094897 0.991761 -0.086055 10.181600 -0.033774 0.083188 0.995961 0.131500 0.000000 0.000000 0.000000 1.000000
0.994756 0.102210 0.003652 0.000000 -0.101596 0.991628 -0.079700 10.181600 -0.011768 0.078911 0.996812 0.131500 0.000000 0.000000 0.000000 1.000000
0.993849 0.109982 -0.012972 0.000000 -0.110623 0.991405 -0.069846 10.181600 0.005178 0.070851 0.997473 0.131500 0.000000 0.000000 0.000000 1.000000
0.992047 0.122415 -0.029292 0.000000 -0.123908 0.990701 -0.056193 10.181600 0.022140 0.059375 0.997990 0.131500 0.000000 0.000000 0.000000 1.000000
0.990253 0.132790 -0.042010 0.000000 -0.134475 0.990102 -0.040188 10.181600 0.036258 0.045445 0.998309 0.131500 0.000000 0.000000 0.000000 1.000000
0.987518 0.149029 -0.050980 0.000000 -0.150134 0.988492 -0.018558 10.181600 0.047628 0.025981 0.998527 0.131500 0.000000 0.000000 0.000000 1.000000
0.984939 0.162411 -0.059306 0.000000 -0.162463 0.986707 0.003964 10.181600 0.059161 0.005731 0.998232 0.131500 0.000000 0.000000 0.000000 1.000000
0.984235 0.161711 -0.071624 0.000000 -0.160784 0.986815 0.018566 10.181600 0.073682 -0.006758 0.997259 0.131500 0.000000 0.000000 0.000000 1.000000
0.984434 0.154323 -0.084113 -0.000000 -0.152811 0.987960 0.024160 10.181600 0.086829 -0.010931 0.996163 0.131500 0.000000 0.000000 0.000000 1.000000
0.986514 0.136610 -0.090156 0.000000 -0.135244 0.990587 0.021128 10.181600 0.092194 -0.008650 0.995704 0.131500 0.000000 0.000000 0.000000 1.000000
0.990200 0.106123 -0.090781 0.000000 -0.105035 0.994328 0.016687 10.181600 0.092037 -0.006988 0.995731 0.131500 0.000000 0.000000 0.000000 1.000000
0.994350 0.060147 -0.087464 0.000000 -0.059509 0.998179 0.009886 10.181600 0.087899 -0.004625 0.996119 0.131500 0.000000 0.000000 0.000000 1.000000
0.996830 0.009331 -0.079009 0.000000 -0.009780 0.999938 -0.005288 10.181600 0.078955 0.006044 0.996860 0.131500 0.000000 0.000000 0.000000 1.000000
0.996909 -0.046239 -0.063515 -0.000000 0.044685 0.998671 -0.025679 10.181600 0.064618 0.022762 0.997650 0.131500 0.000000 0.000000 0.000000 1.000000
0.995683 -0.081009 -0.045301 0.000000 0.079639 0.996333 -0.031290 10.181600 0.047670 0.027548 0.998483 0.131500 0.000000 0.000000 0.000000 1.000000
0.995587 -0.089531 -0.028128 0.000000 0.088883 0.995765 -0.023498 10.181600 0.030113 0.020894 0.999328 0.131500 0.000000 0.000000 0.000000 1.000000
0.995957 -0.089528 -0.007347 0.000000 0.089396 0.995857 -0.016658 10.181600 0.008807 0.015934 0.999834 0.131500 0.000000 0.000000 0.000000 1.000000
0.995112 -0.096579 0.020628 0.000000 0.097005 0.995067 -0.020759 10.181600 -0.018521 0.022659 0.999572 0.131500 0.000000 0.000000 0.000000 1.000000
0.993352 -0.104144 0.049053 0.000000 0.105784 0.993871 -0.032107 10.181600 -0.045408 0.037082 0.998280 0.131500 0.000000 0.000000 0.000000 1.000000
0.991902 -0.102419 0.075102 0.000000 0.105528 0.993665 -0.038660 10.181600 -0.070666 0.046273 0.996426 0.131500 0.000000 0.000000 0.000000 1.000000
0.990046 -0.096233 0.102707 0.000000 0.100209 0.994376 -0.034269 10.181600 -0.098832 0.044221 0.994121 0.131500 0.000000 0.000000 0.000000 1.000000
0.986633 -0.099504 0.129055 0.000000 0.103086 0.994443 -0.021370 10.181600 -0.126211 0.034388 0.991407 0.131500 0.000000 0.000000 0.000000 1.000000
0.981641 -0.120267 0.148041 -0.000000 0.122065 0.992517 -0.003085 10.181600 -0.146562 0.021099 0.988976 0.131500 0.000000 0.000000 0.000000 1.000000
0.976209 -0.146789 0.159591 0.000000 0.145718 0.989154 0.018455 10.181600 -0.160569 0.005240 0.987011 0.131500 0.000000 0.000000 0.000000 1.000000
0.969494 -0.179996 0.166380 -0.000000 0.173607 0.983425 0.052297 10.181600 -0.173035 -0.021817 0.984674 0.131500 0.000000 0.000000 0.000000 1.000000
0.967040 -0.183849 0.176164 -0.000000 0.172077 0.981825 0.080055 10.181600 -0.187680 -0.047102 0.981100 0.131500 0.000000 0.000000 0.000000 1.000000
0.964224 -0.179758 0.194831 -0.000000 0.162272 0.981418 0.102402 10.181600 -0.209618 -0.067123 0.975477 0.131500 0.000000 0.000000 0.000000 1.000000
0.960119 -0.176189 0.217093 0.000000 0.154730 0.981554 0.112299 10.181600 -0.232874 -0.074230 0.969670 0.131500 0.000000 0.000000 0.000000 1.000000
0.958423 -0.161873 0.234994 0.000000 0.140453 0.984471 0.105308 10.181600 -0.248391 -0.067924 0.966275 0.131500 0.000000 0.000000 0.000000 1.000000
0.959014 -0.135423 0.248902 0.000000 0.116183 0.989096 0.090498 10.181600 -0.258444 -0.057871 0.964291 0.131500 0.000000 0.000000 0.000000 1.000000
0.960965 -0.100756 0.257671 0.000000 0.084168 0.993652 0.074645 10.181600 -0.263557 -0.050044 0.963345 0.131500 0.000000 0.000000 0.000000 1.000000
0.965716 -0.043484 0.255932 0.000000 0.031985 0.998290 0.048923 10.181600 -0.257622 -0.039060 0.965456 0.131500 0.000000 0.000000 0.000000 1.000000
0.969376 0.010993 0.245336 0.000000 -0.017616 0.999537 0.024816 10.181600 -0.244950 -0.028378 0.969120 0.131500 0.000000 0.000000 0.000000 1.000000
0.972186 0.060590 0.226239 0.000000 -0.062678 0.998032 0.002050 10.181600 -0.225669 -0.016173 0.974070 0.131500 0.000000 0.000000 0.000000 1.000000
0.974878 0.089013 0.204181 0.000000 -0.089084 0.995985 -0.008862 10.181600 -0.204150 -0.009550 0.978893 0.131500 0.000000 0.000000 0.000000 1.000000
0.978013 0.097699 0.184241 -0.000000 -0.097481 0.995184 -0.010263 10.181600 -0.184356 -0.007923 0.982828 0.131500 0.000000 0.000000 0.000000 1.000000
0.981913 0.099242 0.161239 0.000000 -0.098578 0.995055 -0.012135 10.181600 -0.161646 -0.003979 0.986841 0.131500 0.000000 0.000000 0.000000 1.000000
0.986066 0.102709 0.130862 0.000000 -0.101082 0.994696 -0.019035 10.181600 -0.132123 0.005542 0.991218 0.131500 0.000000 0.000000 0.000000 1.000000
0.990082 0.104822 0.093539 -0.000000 -0.102380 0.994276 -0.030557 10.181600 -0.096207 0.020678 0.995147 0.131500 0.000000 0.000000 0.000000 1.000000
0.993203 0.103528 0.053201 0.000000 -0.101431 0.994009 -0.040719 10.181600 -0.057098 0.035046 0.997753 0.131500 0.000000 0.000000 0.000000 1.000000
0.994185 0.106681 0.014647 0.000000 -0.105985 0.993476 -0.042114 10.181600 -0.019044 0.040316 0.999005 0.131500 0.000000 0.000000 0.000000 1.000000
0.992839 0.117947 -0.018974 0.000000 -0.118533 0.992386 -0.033459 10.181600 0.014883 0.035469 0.999260 0.131500 0.000000 0.000000 0.000000 1.000000
0.990350 0.130828 -0.045730 -0.000000 -0.131842 0.991071 -0.019881 10.181600 0.042721 0.025718 0.998756 0.131500 0.000000 0.000000 0.000000 1.000000
0.988086 0.139708 -0.064551 0.000000 -0.140372 0.990082 -0.005851 10.181600 0.063093 0.014843 0.997897 0.131500 0.000000 0.000000 0.000000 1.000000
0.983625 0.162188 -0.078598 0.000000 -0.161400 0.986754 0.016324 10.181600 0.080205 -0.003371 0.996773 0.131500 0.000000 0.000000 0.000000 1.000000
0.979596 0.177564 -0.094144 -0.000000 -0.174278 0.983796 0.042111 10.181600 0.100096 -0.024844 0.994668 0.131500 0.000000 0.000000 0.000000 1.000000
0.976964 0.178016 -0.117695 0.000000 -0.171266 0.983062 0.065253 10.181600 0.127317 -0.043593 0.990904 0.131500 0.000000 0.000000 0.000000 1.000000
0.974028 0.173015 -0.146067 0.000000 -0.162747 0.983449 0.079629 10.181600 0.157427 -0.053789 0.986065 0.131500 0.000000 0.000000 0.000000 1.000000
0.972730 0.160079 -0.167841 0.000000 -0.148841 0.985811 0.077605 10.181600 0.177882 -0.050507 0.982755 0.131500 0.000000 0.000000 0.000000 1.000000
0.973710 0.136695 -0.182217 0.000000 -0.126052 0.989634 0.068816 10.181600 0.189734 -0.044038 0.980847 0.131500 0.000000 0.000000 0.000000 1.000000
0.976374 0.102935 -0.189997 -0.000000 -0.091986 0.993597 0.065597 10.181600 0.195533 -0.046570 0.979591 0.131500 0.000000 0.000000 0.000000 1.000000
0.981561 0.049441 -0.184645 0.000000 -0.040171 0.997754 0.053610 10.181600 0.186880 -0.045204 0.981342 0.131500 0.000000 0.000000 0.000000 1.000000
0.985441 -0.013567 -0.169477 0.000000 0.019339 0.999286 0.032451 10.181600 0.168915 -0.035256 0.985000 0.131500 0.000000 0.000000 0.000000 1.000000
0.985182 -0.067148 -0.157822 0.000000 0.071896 0.997110 0.024564 10.181600 0.155717 -0.035547 0.987162 0.131500 0.000000 0.000000 0.000000 1.000000
0.984158 -0.097231 -0.148257 0.000000 0.103656 0.993953 0.036227 10.181600 0.143838 -0.051021 0.988285 0.131500 0.000000 0.000000 0.000000 1.000000
0.986022 -0.105785 -0.128722 0.000000 0.114049 0.991745 0.058600 10.181600 0.121461 -0.072461 0.989948 0.131500 0.000000 0.000000 0.000000 1.000000
0.989260 -0.107080 -0.099495 0.000000 0.115100 0.990232 0.078694 10.181600 0.090097 -0.089301 0.991921 0.131500 0.000000 0.000000 0.000000 1.000000
0.991838 -0.111272 -0.062249 0.000000 0.116179 0.989861 0.081722 10.181600 0.052524 -0.088287 0.994709 0.131500 0.000000 0.000000 0.000000 1.000000
0.993097 -0.115800 -0.018667 0.000000 0.116859 0.990502 0.072461 10.181600 0.010099 -0.074142 0.997197 0.131500 0.000000 0.000000 0.000000 1.000000
0.993412 -0.111641 0.025848 0.000000 0.109861 0.991993 0.062292 10.181600 -0.032596 -0.059042 0.997723 0.131500 0.000000 0.000000 0.000000 1.000000
0.992480 -0.104365 0.063969 0.000000 0.101794 0.993909 0.042219 10.181600 -0.067986 -0.035390 0.997058 0.131500 0.000000 0.000000 0.000000 1.000000</float_array><technique_common><accessor source="#Spine-Matrix-animation-output-transform-array" count="79" stride="16"><param type="float4x4"/></accessor></technique_common></source><source id="Spine-Interpolations"><Name_array id="Spine-Interpolations-array" count="79">
 LINEAR LINEAR LINEAR LINEAR LINEAR LINEAR LINEAR LINEAR LINEAR LINEAR LINEAR
LINEAR LINEAR LINEAR LINEAR LINEAR LINEAR LINEAR LINEAR LINEAR LINEAR LINEAR LINEAR
LINEAR LINEAR LINEAR LINEAR LINEAR LINEAR LINEAR LINEAR LINEAR LINEAR LINEAR LINEAR
LINEAR LINEAR LINEAR LINEAR LINEAR LINEAR LINEAR LINEAR LINEAR LINEAR LINEAR LINEAR
LINEAR LINEAR LINEAR LINEAR LINEAR LINEAR LINEAR LINEAR LINEAR LINEAR LINEAR LINEAR
LINEAR LINEAR LINEAR LINEAR LINEAR LINEAR LINEAR LINEAR LINEAR LINEAR LINEAR LINEAR
LINEAR LINEAR LINEAR LINEAR LINEAR LINEAR LINEAR LINEAR</Name_array><technique_common><accessor source="#Spine-Interpolations-array" count="79"><param type="name"/></accessor></technique_common></source><sampler id="Spine-Matrix-animation-transform"><input semantic="INPUT" source="#Spine-Matrix-animation-input"/><input semantic="OUTPUT" source="#Spine-Matrix-animation-output-transform"/><input semantic="INTERPOLATION" source="#Spine-Interpolations"/></sampler><channel source="#Spine-Matrix-animation-transform" target="Spine/matrix"/></animation>
    <animation id="Spine1-anim" name="Spine1"><source id="Spine1-Matrix-animation-input"><float_array id="Spine1-Matrix-animation-input-array" count="79">

0.000000 0.033333 0.066667 0.100000 0.133333 0.166667 0.200000 0.233333 0.266667 0.300000 0.333333 0.366667 0.400000 0.433333 0.466667 0.500000
0.533333 0.566667 0.600000 0.633333 0.666667 0.700000 0.733333 0.766667 0.800000 0.833333 0.866667 0.900000 0.933333 0.966667 1.000000 1.033333
1.066667 1.100000 1.133333 1.166667 1.200000 1.233333 1.266667 1.300000 1.333333 1.366667 1.400000 1.433333 1.466667 1.500000 1.533333 1.566667
1.600000 1.633333 1.666667 1.700000 1.733333 1.766667 1.800000 1.833333 1.866667 1.900000 1.933333 1.966667 2.000000 2.033333 2.066667 2.100000
2.133333 2.166667 2.200000 2.233333 2.266667 2.300000 2.333333 2.366667 2.400000 2.433333 2.466667 2.500000 2.533333 2.566667 2.600000</float_array><technique_common><accessor source="#Spine1-Matrix-animation-input-array" count="79"><param name="TIME" type="float"/></accessor></technique_common></source><source id="Spine1-Matrix-animation-output-transform"><float_array id="Spine1-Matrix-animation-output-transform-array" count="1264">

0.997403 -0.068431 0.022460 -0.000000 0.070662 0.990090 -0.121360 10.083500 -0.013932 0.122632 0.992354 -1.000800 0.000000 0.000000 0.000000 1.000000
0.998814 -0.041823 0.024930 0.000000 0.044210 0.993543 -0.104489 10.083500 -0.020399 0.105467 0.994214 -1.000800 0.000000 0.000000 0.000000 1.000000
0.999536 -0.014341 0.026858 0.000000 0.016858 0.995240 -0.095982 10.083500 -0.025353 0.096390 0.995021 -1.000800 0.000000 0.000000 0.000000 1.000000
0.999538 0.011021 0.028325 0.000000 -0.008141 0.994969 -0.099855 10.083500 -0.029283 0.099578 0.994599 -1.000800 0.000000 0.000000 0.000000 1.000000
0.999224 0.027451 0.028263 0.000000 -0.023956 0.992805 -0.117324 10.083500 -0.031280 0.116556 0.992691 -1.000800 0.000000 0.000000 0.000000 1.000000
0.998968 0.035351 0.028504 0.000000 -0.031391 0.991141 -0.129048 10.083500 -0.032813 0.128020 0.991229 -1.000800 0.000000 0.000000 0.000000 1.000000
0.998556 0.044852 0.029580 -0.000000 -0.040551 0.990325 -0.132713 10.083500 -0.035246 0.131322 0.990713 -1.000800 0.000000 0.000000 0.000000 1.000000
0.998174 0.051580 0.031448 0.000000 -0.047030 0.990220 -0.131353 10.083500 -0.037916 0.129634 0.990837 -1.000800 0.000000 0.000000 0.000000 1.000000
0.998021 0.053580 0.032905 0.000000 -0.049071 0.990918 -0.125192 10.083500 -0.039314 0.123330 0.991587 -1.000800 0.000000 0.000000 0.000000 1.000000
0.997990 0.054313 0.032641 0.000000 -0.050288 0.992260 -0.113536 10.083500 -0.038555 0.111667 0.992997 -1.000800 0.000000 0.000000 0.000000 1.000000
0.998259 0.050390 0.030669 0.000000 -0.047036 0.993705 -0.101671 10.083500 -0.035599 0.100051 0.994345 -1.000800 0.000000 0.000000 0.000000 1.000000
0.998727 0.042306 0.027471 0.000000 -0.039464 0.994518 -0.096830 10.083500 -0.031417 0.095623 0.994922 -1.000800 0.000000 0.000000 0.000000 1.000000
0.999004 0.037661 0.023948 -0.000000 -0.035276 0.995020 -0.093230 10.083500 -0.027340 0.092292 0.995357 -1.000800 0.000000 0.000000 0.000000 1.000000
0.999061 0.037688 0.021362 -0.000000 -0.035652 0.995412 -0.088787 10.083500 -0.024611 0.087942 0.995822 -1.000800 0.000000 0.000000 0.000000 1.000000
0.999165 0.035915 0.019468 0.000000 -0.034016 0.995326 -0.090385 10.083500 -0.022623 0.089647 0.995717 -1.000800 0.000000 0.000000 0.000000 1.000000
0.999443 0.028467 0.017414 0.000000 -0.026711 0.995225 -0.093879 10.083500 -0.020003 0.093362 0.995431 -1.000800 0.000000 0.000000 0.000000 1.000000
0.999774 0.015375 0.014682 0.000000 -0.014003 0.995904 -0.089322 10.083500 -0.015995 0.089096 0.995895 -1.000800 0.000000 0.000000 0.000000 1.000000
0.999949 0.000784 0.010027 -0.000000 -0.000019 0.997100 -0.076102 10.083500 -0.010058 0.076098 0.997050 -1.000800 0.000000 0.000000 0.000000 1.000000
0.999970 -0.006278 0.004543 0.000000 0.006552 0.997994 -0.062971 10.083500 -0.004139 0.062998 0.998005 -1.000800 0.000000 0.000000 0.000000 1.000000
0.999948 -0.010131 0.000773 0.000000 0.010159 0.998228 -0.058634 10.083500 -0.000178 0.058639 0.998279 -1.000800 0.000000 0.000000 0.000000 1.000000
0.999625 -0.027327 -0.001832 0.000000 0.027135 0.997225 -0.069329 10.083500 0.003721 0.069254 0.997592 -1.000800 0.000000 0.000000 0.000000 1.000000
0.998834 -0.048110 -0.004098 -0.000000 0.047561 0.994963 -0.088241 10.083500 0.008323 0.087943 0.996091 -1.000800 0.000000 0.000000 0.000000 1.000000
0.998400 -0.056237 -0.005917 0.000000 0.055326 0.993101 -0.103394 10.083500 0.011691 0.102901 0.994623 -1.000800 0.000000 0.000000 0.000000 1.000000
0.997992 -0.062992 -0.006648 0.000000 0.061758 0.990992 -0.118835 10.083500 0.014073 0.118186 0.992892 -1.000800 0.000000 0.000000 0.000000 1.000000
0.997377 -0.072043 -0.007059 0.000000 0.070517 0.988993 -0.130079 10.083500 0.016353 0.129240 0.991479 -1.000800 0.000000 0.000000 0.000000 1.000000
0.996575 -0.082255 -0.008554 0.000000 0.080388 0.987813 -0.133278 10.083500 0.019413 0.132133 0.991042 -1.000800 0.000000 0.000000 0.000000 1.000000
0.996021 -0.088470 -0.010758 0.000000 0.086253 0.987290 -0.133486 10.083500 0.022431 0.132027 0.990992 -1.000800 0.000000 0.000000 0.000000 1.000000
0.996049 -0.087917 -0.012525 -0.000000 0.085585 0.987971 -0.128795 10.083500 0.023698 0.127214 0.991592 -1.000800 0.000000 0.000000 0.000000 1.000000
0.996214 -0.085924 -0.013205 0.000000 0.083741 0.989283 -0.119612 10.083500 0.023341 0.118054 0.992733 -1.000800 0.000000 0.000000 0.000000 1.000000
0.996522 -0.082345 -0.012748 -0.000000 0.080420 0.990502 -0.111530 10.083500 0.021811 0.110117 0.993679 -1.000800 0.000000 0.000000 0.000000 1.000000
0.996847 -0.078621 -0.010740 0.000000 0.077023 0.991242 -0.107272 10.083500 0.019080 0.106107 0.994172 -1.000800 0.000000 0.000000 0.000000 1.000000
0.997091 -0.075850 -0.007512 0.000000 0.074660 0.991761 -0.104098 10.083500 0.015346 0.103234 0.994539 -1.000800 0.000000 0.000000 0.000000 1.000000
0.996926 -0.078255 -0.003756 0.000000 0.077425 0.991407 -0.105436 10.083500 0.011974 0.104821 0.994419 -1.000800 0.000000 0.000000 0.000000 1.000000
0.996636 -0.081957 -0.000079 0.000000 0.081440 0.990446 -0.111289 10.083500 0.009199 0.110908 0.993788 -1.000800 0.000000 0.000000 0.000000 1.000000
0.996785 -0.080026 0.004057 0.000000 0.079949 0.989891 -0.117145 10.083500 0.005358 0.117093 0.993106 -1.000800 0.000000 0.000000 0.000000 1.000000
0.997490 -0.070270 0.008707 -0.000000 0.070805 0.990884 -0.114613 10.083500 -0.000574 0.114942 0.993372 -1.000800 0.000000 0.000000 0.000000 1.000000
0.998094 -0.060298 0.013168 0.000000 0.061353 0.992540 -0.105361 10.083500 -0.006717 0.105968 0.994347 -1.000800 0.000000 0.000000 0.000000 1.000000
0.998279 -0.055933 0.017629 -0.000000 0.057400 0.993516 -0.098138 10.083500 -0.012025 0.098981 0.995017 -1.000800 0.000000 0.000000 0.000000 1.000000
0.998358 -0.052566 0.022781 0.000000 0.054518 0.993905 -0.095811 10.083500 -0.017606 0.096896 0.995139 -1.000800 0.000000 0.000000 0.000000 1.000000
0.998599 -0.044984 0.027849 0.000000 0.047534 0.993959 -0.098928 10.083500 -0.023231 0.100114 0.994705 -1.000800 0.000000 0.000000 0.000000 1.000000
0.998978 -0.032468 0.031458 0.000000 0.035756 0.993252 -0.110327 10.083500 -0.027663 0.111339 0.993397 -1.000800 0.000000 0.000000 0.000000 1.000000
0.999258 -0.019343 0.033315 0.000000 0.023399 0.991755 -0.125997 10.083500 -0.030603 0.126683 0.991471 -1.000800 0.000000 0.000000 0.000000 1.000000
0.999350 -0.010593 0.034458 0.000000 0.015359 0.989869 -0.141149 10.083500 -0.032613 0.141587 0.989388 -1.000800 0.000000 0.000000 0.000000 1.000000
0.999307 -0.007874 0.036377 0.000000 0.013095 0.989253 -0.145624 10.083500 -0.034839 0.145999 0.988671 -1.000800 0.000000 0.000000 0.000000 1.000000
0.999199 -0.004007 0.039818 0.000000 0.009859 0.988956 -0.147882 10.083500 -0.038786 0.148156 0.988203 -1.000800 0.000000 0.000000 0.000000 1.000000
0.999054 0.004448 0.043261 0.000000 0.002223 0.988230 -0.152962 10.083500 -0.043433 0.152914 0.987285 -1.000800 0.000000 0.000000 0.000000 1.000000
0.998873 0.013338 0.045550 0.000000 -0.006049 0.987651 -0.156556 10.083500 -0.047076 0.156104 0.986618 -1.000800 0.000000 0.000000 0.000000 1.000000
0.998673 0.020725 0.047156 -0.000000 -0.013306 0.988210 -0.152525 10.083500 -0.049761 0.151695 0.987174 -1.000800 0.000000 0.000000 0.000000 1.000000
0.998471 0.027581 0.047908 0.000000 -0.020618 0.989912 -0.140176 10.083500 -0.051290 0.138974 0.988967 -1.000800 0.000000 0.000000 0.000000 1.000000
0.998498 0.027785 0.047217 0.000000 -0.021587 0.991662 -0.127047 10.083500 -0.050353 0.125837 0.990772 -1.000800 0.000000 0.000000 0.000000 1.000000
0.998739 0.023560 0.044334 0.000000 -0.017977 0.992324 -0.122348 10.083500 -0.046877 0.121397 0.991497 -1.000800 0.000000 0.000000 0.000000 1.000000
0.999021 0.018950 0.039968 0.000000 -0.014320 0.993480 -0.113105 10.083500 -0.041850 0.112422 0.992779 -1.000800 0.000000 0.000000 0.000000 1.000000
0.999160 0.020531 0.035471 0.000000 -0.016851 0.994734 -0.101097 10.083500 -0.037360 0.100415 0.994244 -1.000800 0.000000 0.000000 0.000000 1.000000
0.999248 0.022434 0.031613 0.000000 -0.019264 0.995073 -0.097251 10.083500 -0.033639 0.096569 0.994758 -1.000800 0.000000 0.000000 0.000000 1.000000
0.999501 0.015289 0.027648 -0.000000 -0.012441 0.994869 -0.100400 10.083500 -0.029041 0.100006 0.994563 -1.000800 0.000000 0.000000 0.000000 1.000000
0.999743 0.001973 0.022591 0.000000 0.000328 0.994843 -0.101427 10.083500 -0.022674 0.101408 0.994586 -1.000800 0.000000 0.000000 0.000000 1.000000
0.999824 -0.009445 0.016190 0.000000 0.010966 0.995266 -0.096563 10.083500 -0.015201 0.096724 0.995195 -1.000800 0.000000 0.000000 0.000000 1.000000
0.999799 -0.017897 0.009081 0.000000 0.018638 0.995828 -0.089330 10.083500 -0.007444 0.089482 0.995961 -1.000800 0.000000 0.000000 0.000000 1.000000
0.999597 -0.028277 0.002308 -0.000000 0.028370 0.995809 -0.086944 10.083500 0.000160 0.086975 0.996211 -1.000800 0.000000 0.000000 0.000000 1.000000
0.999130 -0.041567 -0.003337 -0.000000 0.041080 0.994862 -0.092535 10.083500 0.007166 0.092317 0.995704 -1.000800 0.000000 0.000000 0.000000 1.000000
0.998617 -0.052006 -0.007674 0.000000 0.050914 0.993158 -0.105091 10.083500 0.013087 0.104555 0.994433 -1.000800 0.000000 0.000000 0.000000 1.000000
0.998385 -0.055779 -0.010754 0.000000 0.054059 0.991081 -0.121807 10.083500 0.017452 0.121028 0.992496 -1.000800 0.000000 0.000000 0.000000 1.000000
0.998147 -0.059536 -0.012558 0.000000 0.057161 0.988238 -0.141840 10.083500 0.020855 0.140860 0.989810 -1.000800 0.000000 0.000000 0.000000 1.000000
0.997908 -0.062976 -0.014647 0.000000 0.059998 0.986364 -0.153253 10.083500 0.024098 0.152053 0.988078 -1.000800 0.000000 0.000000 0.000000 1.000000
0.997480 -0.068537 -0.018337 0.000000 0.064770 0.985172 -0.158873 10.083500 0.028953 0.157285 0.987129 -1.000800 0.000000 0.000000 0.000000 1.000000
0.996912 -0.075097 -0.022941 -0.000000 0.070275 0.983616 -0.166018 10.083500 0.035033 0.163893 0.985856 -1.000800 0.000000 0.000000 0.000000 1.000000
