<?xml version="1.0" encoding="utf-8"?>
<COLLADA xmlns="http://www.collada.org/2005/11/COLLADASchema" version="1.4.1">
  <asset><contributor><author>Mixamo</author><authoring_tool>COLLADA Mixamo exporter</authoring_tool><comments></comments></contributor><created>2020-10-24T03:54:39Z</created><modified>2020-10-24T03:54:39Z</modified><revision></revision><title></title><unit meter="0.010000"/><up_axis>Y_UP</up_axis></asset>
  <library_animations>
    <animation id="Hips-anim" name="Hips"><source id="Hips-Matrix-animation-input"><float_array id="Hips-Matrix-animation-input-array" count="27">

0.000000 0.033333 0.066667 0.100000 0.133333 0.166667 0.200000 0.233333 0.266667 0.300000 0.333333 0.366667 0.400000 0.433333 0.466667 0.500000
0.533333 0.566667 0.600000 0.633333 0.666667 0.700000 0.733333 0.766667 0.800000 0.833333 0.866667</float_array><technique_common><accessor source="#Hips-Matrix-animation-input-array" count="27"><param name="TIME" type="float"/></accessor></technique_common></source><source id="Hips-Matrix-animation-output-transform"><float_array id="Hips-Matrix-animation-output-transform-array" count="432">

0.962072 0.025259 -0.271625 -0.291566 -0.118529 0.935510 -0.332823 92.699951 0.245701 0.352395 0.903022 2.073313 0.000000 0.000000 0.000000 1.000000
0.951204 -0.005374 -0.308515 -0.557773 -0.085644 0.955964 -0.280708 96.697662 0.296438 0.293433 0.908857 1.666847 0.000000 0.000000 0.000000 1.000000
0.958740 -0.077825 -0.273425 -0.888130 0.003978 0.965377 -0.260827 102.768204 0.284257 0.248977 0.925855 2.073485 0.000000 0.000000 0.000000 1.000000
0.968348 -0.180166 -0.172749 -1.467114 0.129685 0.954502 -0.268530 109.503281 0.213269 0.237628 0.947655 1.881706 0.000000 0.000000 0.000000 1.000000
0.969788 -0.236691 -0.059073 -2.045887 0.211790 0.937051 -0.277632 116.867142 0.121067 0.256733 0.958869 0.932497 0.000000 0.000000 0.000000 1.000000
0.973709 -0.227292 0.015107 -2.286345 0.222808 0.936501 -0.270780 123.888199 0.047398 0.267027 0.962523 -1.156049 0.000000 0.000000 0.000000 1.000000
0.980535 -0.192410 0.039107 -2.013084 0.196159 0.951334 -0.237668 129.900345 0.008526 0.240713 0.970559 -4.023445 0.000000 0.000000 0.000000 1.000000
0.983305 -0.179516 0.029742 -1.300537 0.181875 0.964517 -0.191384 134.322540 0.005669 0.193598 0.981064 -7.326852 0.000000 0.000000 0.000000 1.000000
0.985516 -0.168508 0.019064 -0.389714 0.169290 0.970965 -0.169020 138.094070 0.009971 0.169799 0.985428 -10.290058 0.000000 0.000000 0.000000 1.000000
0.988386 -0.151495 0.011917 0.296281 0.150883 0.969006 -0.195604 140.608185 0.018086 0.195130 0.980611 -12.920080 0.000000 0.000000 0.000000 1.000000
0.993474 -0.112776 0.017056 0.520369 0.113356 0.959669 -0.257267 142.093048 0.012646 0.257522 0.966190 -14.708538 0.000000 0.000000 0.000000 1.000000
0.997495 -0.060797 0.036159 0.188671 0.069190 0.944904 -0.319951 141.872726 -0.014715 0.321651 0.946744 -15.812009 0.000000 0.000000 0.000000 1.000000
0.997917 0.011115 0.063550 -0.383221 0.012192 0.934805 -0.354951 140.086807 -0.063352 0.354987 0.932722 -16.355959 0.000000 0.000000 0.000000 1.000000
0.992057 0.102718 0.072608 -0.895058 -0.070469 0.931969 -0.355624 136.823349 -0.104197 0.347682 0.931805 -16.491364 0.000000 0.000000 0.000000 1.000000
0.976592 0.211873 0.037123 -1.043474 -0.187943 0.924433 -0.331816 132.297043 -0.104621 0.317071 0.942614 -16.172346 0.000000 0.000000 0.000000 1.000000
0.947878 0.316948 -0.032731 -0.662487 -0.312166 0.903132 -0.294797 126.413544 -0.063874 0.289649 0.954999 -15.300032 0.000000 0.000000 0.000000 1.000000
0.924434 0.371689 -0.085257 0.005054 -0.380725 0.886876 -0.261724 119.207779 -0.021668 0.274406 0.961370 -14.086362 0.000000 0.000000 0.000000 1.000000
0.935645 0.342335 -0.085881 0.421427 -0.352912 0.904221 -0.240494 111.195740 -0.004675 0.255326 0.966844 -12.868519 0.000000 0.000000 0.000000 1.000000
0.966842 0.251610 -0.043695 0.301653 -0.255172 0.944987 -0.204664 103.157104 -0.010205 0.209028 0.977856 -11.917963 0.000000 0.000000 0.000000 1.000000
0.987462 0.157167 0.014731 -0.059063 -0.153363 0.977278 -0.146311 97.055016 -0.037391 0.142218 0.989129 -11.008139 0.000000 0.000000 0.000000 1.000000
0.992881 0.105593 0.055108 -0.220975 -0.099452 0.989563 -0.104281 93.781609 -0.065544 0.098058 0.993020 -9.289629 0.000000 0.000000 0.000000 1.000000
0.993241 0.102177 0.055073 -0.120532 -0.095359 0.988808 -0.114743 92.275970 -0.066181 0.108716 0.991867 -6.708878 0.000000 0.000000 0.000000 1.000000
0.994085 0.108527 0.004170 -0.086132 -0.106271 0.979906 -0.168790 91.620323 -0.022405 0.167349 0.985643 -3.665350 0.000000 0.000000 0.000000 1.000000
0.990672 0.102292 -0.090030 -0.207897 -0.120535 0.965984 -0.228793 91.032898 0.063564 0.237510 0.969303 -1.328794 0.000000 0.000000 0.000000 1.000000
0.977786 0.083262 -0.192358 -0.325677 -0.134306 0.953447 -0.270001 90.785446 0.160922 0.289838 0.943450 -0.244467 0.000000 0.000000 0.000000 1.000000
0.963407 0.057692 -0.261759 -0.347110 -0.137731 0.944328 -0.298789 91.381416 0.229948 0.323908 0.917719 0.445473 0.000000 0.000000 0.000000 1.000000
0.962072 0.025259 -0.271625 -0.291567 -0.118529 0.935510 -0.332824 92.699928 0.245701 0.352396 0.903022 2.073313 0.000000 0.000000 0.000000 1.000000</float_array><technique_common><accessor source="#Hips-Matrix-animation-output-transform-array" count="27" stride="16"><param type="float4x4"/></accessor></technique_common></source><source id="Hips-Interpolations"><Name_array id="Hips-Interpolations-array" count="27">
 LINEAR LINEAR LINEAR LINEAR LINEAR LINEAR LINEAR LINEAR LINEAR LINEAR LINEAR
LINEAR LINEAR LINEAR LINEAR LINEAR LINEAR LINEAR LINEAR LINEAR LINEAR LINEAR LINEAR
LINEAR LINEAR LINEAR LINEAR</Name_array><technique_common><accessor source="#Hips-Interpolations-array" count="27"><param type="name"/></accessor></technique_common></source><sampler id="Hips-Matrix-animation-transform"><input semantic="INPUT" source="#Hips-Matrix-animation-input"/><input semantic="OUTPUT" source="#Hips-Matrix-animation-output-transform"/><input semantic="INTERPOLATION" source="#Hips-Interpolations"/></sampler><channel source="#Hips-Matrix-animation-transform" target="Hips/matrix"/></animation>
    <animation id="Spine-anim" name="Spine"><source id="Spine-Matrix-animation-input"><float_array id="Spine-Matrix-animation-input-array" count="27">

0.000000 0.033333 0.066667 0.100000 0.133333 0.166667 0.200000 0.233333 0.266667 0.300000 0.333333 0.366667 0.400000 0.433333 0.466667 0.500000
0.533333 0.566667 0.600000 0.633333 0.666667 0.700000 0.733333 0.766667 0.800000 0.833333 0.866667</float_array><technique_common><accessor source="#Spine-Matrix-animation-input-array" count="27"><param name="TIME" type="float"/></accessor></technique_common></source><source id="Spine-Matrix-animation-output-transform"><float_array id="Spine-Matrix-animation-output-transform-array" count="432">

0.998888 0.004531 0.046920 -0.000000 0.000749 0.993717 -0.111923 10.181600 -0.047133 0.111834 0.992608 0.131500 0.000000 0.000000 0.000000 1.000000
0.989419 0.025541 0.142819 0.000000 -0.005864 0.990618 -0.136534 10.181600 -0.144967 0.134252 0.980286 0.131500 0.000000 0.000000 0.000000 1.000000
0.970524 0.112686 0.213036 0.000000 -0.083071 0.986200 -0.143210 10.181600 -0.226234 0.121291 0.966492 0.131500 0.000000 0.000000 0.000000 1.000000
0.935373 0.249691 0.250462 0.000000 -0.217842 0.964674 -0.148151 10.181600 -0.278606 0.084015 0.956724 0.131500 0.000000 0.000000 0.000000 1.000000
0.905671 0.338945 0.254709 0.000000 -0.311191 0.939433 -0.143615 10.181600 -0.287960 0.050805 0.956294 0.131500 0.000000 0.000000 0.000000 1.000000
0.911763 0.341279 0.228509 0.000000 -0.317801 0.938662 -0.133849 10.181600 -0.260173 0.049418 0.964297 0.131500 0.000000 0.000000 0.000000 1.000000
0.938431 0.294303 0.180923 -0.000000 -0.270218 0.951609 -0.146363 10.181600 -0.215243 0.088463 0.972546 0.131500 0.000000 0.000000 0.000000 1.000000
0.957166 0.256682 0.133968 0.000000 -0.228687 0.953989 -0.193925 10.181600 -0.177581 0.154981 0.971826 0.131500 0.000000 0.000000 0.000000 1.000000
0.969846 0.222387 0.099709 0.000000 -0.191552 0.948497 -0.252311 10.181600 -0.150684 0.225603 0.962495 0.131500 0.000000 0.000000 0.000000 1.000000
0.977426 0.193405 0.085048 0.000000 -0.160708 0.941895 -0.294968 10.181600 -0.137155 0.274641 0.951715 0.131500 0.000000 0.000000 0.000000 1.000000
0.984517 0.154911 0.082026 0.000000 -0.122697 0.943224 -0.308666 10.181600 -0.125185 0.293822 0.947627 0.131500 0.000000 0.000000 0.000000 1.000000
0.990104 0.111467 0.085262 0.000000 -0.081015 0.950080 -0.301305 10.181600 -0.114592 0.291415 0.949708 0.131500 0.000000 0.000000 0.000000 1.000000
0.993655 0.051814 0.099824 0.000000 -0.020912 0.957197 -0.288681 10.181600 -0.110509 0.284762 0.952207 0.131500 0.000000 0.000000 0.000000 1.000000
0.990230 -0.026496 0.136902 0.000000 0.064029 0.958558 -0.277608 10.181600 -0.123873 0.283661 0.950890 0.131500 0.000000 0.000000 0.000000 1.000000
0.972896 -0.125903 0.193965 -0.000000 0.173896 0.951233 -0.254785 10.181600 -0.152428 0.281609 0.947345 0.131500 0.000000 0.000000 0.000000 1.000000
0.944410 -0.231401 0.233546 -0.000000 0.281376 0.936312 -0.210111 10.181600 -0.170052 0.264145 0.949374 0.131500 0.000000 0.000000 0.000000 1.000000
0.933149 -0.297385 0.201979 0.000000 0.332832 0.927021 -0.172785 10.181600 -0.135855 0.228459 0.964028 0.131500 0.000000 0.000000 0.000000 1.000000
0.956179 -0.278674 0.089791 0.000000 0.290539 0.941022 -0.173390 10.181600 -0.036176 0.191880 0.980751 0.131500 0.000000 0.000000 0.000000 1.000000
0.980731 -0.188709 -0.050552 0.000000 0.176234 0.966241 -0.187935 10.181600 0.084310 0.175405 0.980880 0.131500 0.000000 0.000000 0.000000 1.000000
0.983844 -0.092786 -0.153104 -0.000000 0.062698 0.979627 -0.190787 10.181600 0.167687 0.178106 0.969618 0.131500 0.000000 0.000000 0.000000 1.000000
0.979999 -0.049491 -0.192750 0.000000 0.014465 0.983735 -0.179042 10.181600 0.198475 0.172673 0.964775 0.131500 0.000000 0.000000 0.000000 1.000000
0.978687 -0.064847 -0.194850 -0.000000 0.036602 0.988724 -0.145210 10.181600 0.202069 0.134984 0.970025 0.131500 0.000000 0.000000 0.000000 1.000000
0.978286 -0.091647 -0.185895 0.000000 0.074232 0.992356 -0.098586 10.181600 0.193510 0.082646 0.977611 0.131500 0.000000 0.000000 0.000000 1.000000
0.981729 -0.098623 -0.162730 -0.000000 0.087760 0.993488 -0.072663 10.181600 0.168837 0.057055 0.983991 0.131500 0.000000 0.000000 0.000000 1.000000
0.990140 -0.081717 -0.113781 0.000000 0.072754 0.994070 -0.080819 10.181600 0.119710 0.071744 0.990213 0.131500 0.000000 0.000000 0.000000 1.000000
0.998133 -0.047164 -0.038813 0.000000 0.042959 0.993771 -0.102832 10.181600 0.043421 0.100973 0.993941 0.131500 0.000000 0.000000 0.000000 1.000000
0.998888 0.004531 0.046921 0.000000 0.000750 0.993717 -0.111923 10.181600 -0.047133 0.111834 0.992609 0.131500 0.000000 0.000000 0.000000 1.000000</float_array><technique_common><accessor source="#Spine-Matrix-animation-output-transform-array" count="27" stride="16"><param type="float4x4"/></accessor></technique_common></source><source id="Spine-Interpolations"><Name_array id="Spine-Interpolations-array" count="27">
 LINEAR LINEAR LINEAR LINEAR LINEAR LINEAR LINEAR LINEAR LINEAR LINEAR LINEAR
LINEAR LINEAR LINEAR LINEAR LINEAR LINEAR LINEAR LINEAR LINEAR LINEAR LINEAR LINEAR
LINEAR LINEAR LINEAR LINEAR</Name_array><technique_common><accessor source="#Spine-Interpolations-array" count="27"><param type="name"/></accessor></technique_common></source><sampler id="Spine-Matrix-animation-transform"><input semantic="INPUT" source="#Spine-Matrix-animation-input"/><input semantic="OUTPUT" source="#Spine-Matrix-animation-output-transform"/><input semantic="INTERPOLATION" source="#Spine-Interpolations"/></sampler><channel source="#Spine-Matrix-animation-transform" target="Spine/matrix"/></animation>
    <animation id="Spine1-anim" name="Spine1"><source id="Spine1-Matrix-animation-input"><float_array id="Spine1-Matrix-animation-input-array" count="27">

0.000000 0.033333 0.066667 0.100000 0.133333 0.166667 0.200000 0.233333 0.266667 0.300000 0.333333 0.366667 0.400000 0.433333 0.466667 0.500000
0.533333 0.566667 0.600000 0.633333 0.666667 0.700000 0.733333 0.766667 0.800000 0.833333 0.866667</float_array><technique_common><accessor source="#Spine1-Matrix-animation-input-array" count="27"><param name="TIME" type="float"/></accessor></technique_common></source><source id="Spine1-Matrix-animation-output-transform"><float_array id="Spine1-Matrix-animation-output-transform-array" count="432">

0.999850 -0.002042 0.017189 0.000000 0.003296 0.997309 -0.073235 10.083500 -0.016993 0.073281 0.997167 -1.000800 0.000000 0.000000 0.000000 1.000000
0.998118 0.010841 0.060361 -0.000000 -0.005475 0.996074 -0.088360 10.083500 -0.061082 0.087864 0.994258 -1.000800 0.000000 0.000000 0.000000 1.000000
0.994759 0.037026 0.095311 -0.000000 -0.029234 0.996213 -0.081881 10.083500 -0.097982 0.078666 0.992074 -1.000800 0.000000 0.000000 0.000000 1.000000
0.990503 0.074481 0.115568 0.000000 -0.067095 0.995525 -0.066546 10.083500 -0.120008 0.058160 0.991068 -1.000800 0.000000 0.000000 0.000000 1.000000
0.987563 0.107536 0.114698 -0.000000 -0.101920 0.993338 -0.053770 10.083500 -0.119716 0.041411 0.991944 -1.000800 0.000000 0.000000 0.000000 1.000000
0.988420 0.119999 0.092877 0.000000 -0.115550 0.991945 -0.051899 10.083500 -0.098357 0.040566 0.994324 -1.000800 0.000000 0.000000 0.000000 1.000000
0.991946 0.111389 0.060302 -0.000000 -0.107188 0.991847 -0.068924 10.083500 -0.067488 0.061905 0.995798 -1.000800 0.000000 0.000000 0.000000 1.000000
0.995199 0.092497 0.032002 -0.000000 -0.088656 0.990437 -0.105709 10.083500 -0.041474 0.102364 0.993882 -1.000800 0.000000 0.000000 0.000000 1.000000
0.997099 0.074212 0.016932 -0.000000 -0.070883 0.986326 -0.148781 10.083500 -0.027741 0.147149 0.988725 -1.000800 0.000000 0.000000 0.000000 1.000000
0.997990 0.062086 0.012669 0.000000 -0.058825 0.982092 -0.178980 10.083500 -0.023554 0.177876 0.983771 -1.000800 0.000000 0.000000 0.000000 1.000000
0.998470 0.054266 0.010670 0.000000 -0.051308 0.980923 -0.187502 10.083500 -0.020642 0.186668 0.982206 -1.000800 0.000000 0.000000 0.000000 1.000000
0.999051 0.043238 0.005188 0.000000 -0.041584 0.982567 -0.181200 10.083500 -0.012933 0.180812 0.983433 -1.000800 0.000000 0.000000 0.000000 1.000000
0.999738 0.022752 -0.002665 -0.000000 -0.022871 0.984758 -0.172417 10.083500 -0.001299 0.172433 0.985020 -1.000800 0.000000 0.000000 0.000000 1.000000
0.999945 -0.006506 -0.008175 0.000000 0.005068 0.986286 -0.164970 10.083500 0.009137 0.164919 0.986265 -1.000800 0.000000 0.000000 0.000000 1.000000
0.999218 -0.038355 -0.009569 0.000000 0.036451 0.987644 -0.152414 10.083500 0.015297 0.151946 0.988270 -1.000800 0.000000 0.000000 0.000000 1.000000
0.997804 -0.065312 -0.011035 0.000000 0.063312 0.989365 -0.130956 10.083500 0.019471 0.129970 0.991327 -1.000800 0.000000 0.000000 0.000000 1.000000
0.996640 -0.079626 -0.019181 0.000000 0.077073 0.991017 -0.109296 10.083500 0.027711 0.107451 0.993824 -1.000800 0.000000 0.000000 0.000000 1.000000
0.996492 -0.075208 -0.036714 0.000000 0.071183 0.992358 -0.100788 10.083500 0.044013 0.097821 0.994230 -1.000800 0.000000 0.000000 0.000000 1.000000
0.996750 -0.054455 -0.059363 0.000000 0.047818 0.993000 -0.108004 10.083500 0.064829 0.104814 0.992377 -1.000800 0.000000 0.000000 0.000000 1.000000
0.996427 -0.030168 -0.078887 0.000000 0.020631 0.992676 -0.119031 10.083500 0.081900 0.116978 0.989752 -1.000800 0.000000 0.000000 0.000000 1.000000
0.995865 -0.015118 -0.089576 0.000000 0.004544 0.993111 -0.117087 10.083500 0.090729 0.116196 0.989074 -1.000800 0.000000 0.000000 0.000000 1.000000
0.995756 -0.011400 -0.091326 0.000000 0.002688 0.995477 -0.094962 10.083500 0.091995 0.094313 0.991283 -1.000800 0.000000 0.000000 0.000000 1.000000
0.996205 -0.012129 -0.086188 -0.000000 0.006564 0.997892 -0.064561 10.083500 0.086789 0.063750 0.994185 -1.000800 0.000000 0.000000 0.000000 1.000000
0.997227 -0.011562 -0.073523 0.000000 0.008078 0.998838 -0.047504 10.083500 0.073987 0.046778 0.996162 -1.000800 0.000000 0.000000 0.000000 1.000000
0.998662 -0.009656 -0.050803 0.000000 0.007005 0.998618 -0.052095 10.083500 0.051236 0.051670 0.997349 -1.000800 0.000000 0.000000 0.000000 1.000000
0.999796 -0.007193 -0.018893 0.000000 0.005926 0.997784 -0.066265 10.083500 0.019328 0.066140 0.997623 -1.000800 0.000000 0.000000 0.000000 1.000000
0.999850 -0.002042 0.017189 0.000000 0.003296 0.997309 -0.073235 10.083500 -0.016993 0.073281 0.997167 -1.000800 0.000000 0.000000 0.000000 1.000000</float_array><technique_common><accessor source="#Spine1-Matrix-animation-output-transform-array" count="27" stride="16"><param type="float4x4"/></accessor></technique_common></source><source id="Spine1-Interpolations"><Name_array id="Spine1-Interpolations-array" count="27">
 LINEAR LINEAR LINEAR LINEAR LINEAR LINEAR LINEAR LINEAR LINEAR LINEAR LINEAR
LINEAR LINEAR LINEAR LINEAR LINEAR LINEAR LINEAR LINEAR LINEAR LINEAR LINEAR LINEAR
LINEAR LINEAR LINEAR LINEAR</Name_array><technique_common><accessor source="#Spine1-Interpolations-array" count="27"><param type="name"/></accessor></technique_common></source><sampler id="Spine1-Matrix-animation-transform"><input semantic="INPUT" source="#Spine1-Matrix-animation-input"/><input semantic="OUTPUT" source="#Spine1-Matrix-animation-output-transform"/><input semantic="INTERPOLATION" source="#Spine1-Interpolations"/></sampler><channel source="#Spine1-Matrix-animation-transform" target="Spine1/matrix"/></animation>
    <animation id="Spine2-anim" name="Spine2"><source id="Spine2-Matrix-animation-input"><float_array id="Spine2-Matrix-animation-input-array" count="27">

0.000000 0.033333 0.066667 0.100000 0.133333 0.166667 0.200000 0.233333 0.266667 0.300000 0.333333 0.366667 0.400000 0.433333 0.466667 0.500000
0.533333 0.566667 0.600000 0.633333 0.666667 0.700000 0.733333 0.766667 0.800000 0.833333 0.866667</float_array><technique_common><accessor source="#Spine2-Matrix-animation-input-array" count="27"><param name="TIME" type="float"/></accessor></technique_common></source><source id="Spine2-Matrix-animation-output-transform"><float_array id="Spine2-Matrix-animation-output-transform-array" count="432">

0.999894 -0.003272 0.014189 0.000000 0.004308 0.997275 -0.073650 9.100000 -0.013910 0.073703 0.997183 -1.373400 0.000000 0.000000 0.000000 1.000000
0.998265 0.008390 0.058282 0.000000 -0.003257 0.996149 -0.087611 9.100000 -0.058792 0.087269 0.994448 -1.373400 0.000000 0.000000 0.000000 1.000000
0.995029 0.033864 0.093653 0.000000 -0.026305 0.996383 -0.080801 9.100000 -0.096050 0.077936 0.992321 -1.373400 0.000000 0.000000 0.000000 1.000000
0.990935 0.071345 0.113828 0.000000 -0.064070 0.995738 -0.066340 9.100000 -0.118076 0.058446 0.991283 -1.373400 0.000000 0.000000 0.000000 1.000000
0.988057 0.105102 0.112681 -0.000000 -0.099424 0.993530 -0.054891 9.100000 -0.117721 0.043032 0.992114 -1.373400 0.000000 0.000000 0.000000 1.000000
0.988784 0.118561 0.090829 -0.000000 -0.114043 0.992038 -0.053436 9.100000 -0.096441 0.042479 0.994432 -1.373400 0.000000 0.000000 0.000000 1.000000
0.992086 0.110742 0.059179 0.000000 -0.106556 0.991857 -0.069754 9.100000 -0.066422 0.062896 0.995807 -1.373400 0.000000 0.000000 0.000000 1.000000
0.995180 0.092284 0.033177 0.000000 -0.088325 0.990472 -0.105662 9.100000 -0.042612 0.102222 0.993849 -1.373400 0.000000 0.000000 0.000000 1.000000
0.997025 0.074223 0.020795 0.000000 -0.070340 0.986426 -0.148377 9.100000 -0.031526 0.146473 0.988712 -1.373400 0.000000 0.000000 0.000000 1.000000
0.997907 0.062181 0.017754 -0.000000 -0.058024 0.982198 -0.178662 9.100000 -0.028547 0.177258 0.983750 -1.373400 0.000000 0.000000 0.000000 1.000000
0.998414 0.054312 0.014815 0.000000 -0.050583 0.980981 -0.187395 9.100000 -0.024711 0.186349 0.982173 -1.373400 0.000000 0.000000 0.000000 1.000000
0.999038 0.043230 0.007320 0.000000 -0.041190 0.982578 -0.181230 9.100000 -0.015027 0.180754 0.983414 -1.373400 0.000000 0.000000 0.000000 1.000000
0.999737 0.022795 -0.002308 0.000000 -0.022851 0.984754 -0.172443 9.100000 -0.001658 0.172451 0.985017 -1.373400 0.000000 0.000000 0.000000 1.000000
0.999940 -0.006369 -0.008929 -0.000000 0.004809 0.986298 -0.164905 9.100000 0.009857 0.164852 0.986269 -1.373400 0.000000 0.000000 0.000000 1.000000
0.999214 -0.038169 -0.010728 0.000000 0.036093 0.987671 -0.152325 9.100000 0.016410 0.151818 0.988272 -1.373400 0.000000 0.000000 0.000000 1.000000
0.997811 -0.065058 -0.011880 0.000000 0.062948 0.989379 -0.131025 9.100000 0.020278 0.129990 0.991308 -1.373400 0.000000 0.000000 0.000000 1.000000
0.996673 -0.079131 -0.019516 0.000000 0.076536 0.991023 -0.109614 9.100000 0.028015 0.107756 0.993783 -1.373400 0.000000 0.000000 0.000000 1.000000
0.996549 -0.074217 -0.037188 0.000000 0.070134 0.992400 -0.101112 9.100000 0.044410 0.098155 0.994180 -1.373400 0.000000 0.000000 0.000000 1.000000
0.996768 -0.052749 -0.060593 0.000000 0.045995 0.993096 -0.107915 9.100000 0.065867 0.104779 0.992312 -1.373400 0.000000 0.000000 0.000000 1.000000
0.996365 -0.027698 -0.080554 0.000000 0.018021 0.992795 -0.118461 9.100000 0.083254 0.116579 0.989686 -1.373400 0.000000 0.000000 0.000000 1.000000
0.995788 -0.012074 -0.090890 0.000000 0.001418 0.993201 -0.116402 9.100000 0.091677 0.115783 0.989035 -1.373400 0.000000 0.000000 0.000000 1.000000
0.995726 -0.008165 -0.091996 0.000000 -0.000567 0.995525 -0.094494 9.100000 0.092356 0.094142 0.991266 -1.373400 0.000000 0.000000 0.000000 1.000000
0.996197 -0.009106 -0.086656 -0.000000 0.003525 0.997922 -0.064333 9.100000 0.087062 0.063783 0.994159 -1.373400 0.000000 0.000000 0.000000 1.000000
0.997184 -0.009084 -0.074444 -0.000000 0.005558 0.998859 -0.047435 9.100000 0.074790 0.046887 0.996096 -1.373400 0.000000 0.000000 0.000000 1.000000
0.998587 -0.008049 -0.052526 0.000000 0.005302 0.998621 -0.052231 9.100000 0.052874 0.051879 0.997253 -1.373400 0.000000 0.000000 0.000000 1.000000
0.999748 -0.006828 -0.021376 0.000000 0.005389 0.997762 -0.066641 9.100000 0.021783 0.066509 0.997548 -1.373400 0.000000 0.000000 0.000000 1.000000
0.999894 -0.003272 0.014189 -0.000000 0.004308 0.997275 -0.073650 9.100000 -0.013910 0.073703 0.997183 -1.373400 0.000000 0.000000 0.000000 1.000000</float_array><technique_common><accessor source="#Spine2-Matrix-animation-output-transform-array" count="27" stride="16"><param type="float4x4"/></accessor></technique_common></source><source id="Spine2-Interpolations"><Name_array id="Spine2-Interpolations-array" count="27">
 LINEAR LINEAR LINEAR LINEAR LINEAR LINEAR LINEAR LINEAR LINEAR LINEAR LINEAR
LINEAR LINEAR LINEAR LINEAR LINEAR LINEAR LINEAR LINEAR LINEAR LINEAR LINEAR LINEAR
LINEAR LINEAR LINEAR LINEAR</Name_array><technique_common><accessor source="#Spine2-Interpolations-array" count="27"><param type="name"/></accessor></technique_common></source><sampler id="Spine2-Matrix-animation-transform"><input semantic="INPUT" source="#Spine2-Matrix-animation-input"/><input semantic="OUTPUT" source="#Spine2-Matrix-animation-output-transform"/><input semantic="INTERPOLATION" source="#Spine2-Interpolations"/></sampler><channel source="#Spine2-Matrix-animation-transform" target="Spine2/matrix"/></animation>
    <animation id="Neck-anim" name="Neck"><source id="Neck-Matrix-animation-input"><float_array id="Neck-Matrix-animation-input-array" count="27">

0.000000 0.033333 0.066667 0.100000 0.133333 0.166667 0.200000 0.233333 0.266667 0.300000 0.333333 0.366667 0.400000 0.433333 0.466667 0.500000
0.533333 0.566667 0.600000 0.633333 0.666667 0.700000 0.733333 0.766667 0.800000 0.833333 0.866667</float_array><technique_common><accessor source="#Neck-Matrix-animation-input-array" count="27"><param name="TIME" type="float"/></accessor></technique_common></source><source id="Neck-Matrix-animation-output-transform"><float_array id="Neck-Matrix-animation-output-transform-array" count="432">

0.999850 -0.017257 0.001326 0.000000 0.016735 0.983455 0.180379 16.671700 -0.004417 -0.180330 0.983596 -2.516200 0.000000 0.000000 0.000000 1.000000
0.999812 0.000136 -0.019391 0.000000 0.003093 0.986049 0.166428 16.671700 0.019144 -0.166456 0.985863 -2.516200 0.000000 0.000000 0.000000 1.000000
0.998674 0.008616 -0.050753 0.000000 -0.001892 0.991372 0.131063 16.671700 0.051444 -0.130793 0.990074 -2.516200 0.000000 0.000000 0.000000 1.000000
0.996327 0.007540 -0.085294 -0.000000 -0.000202 0.996319 0.085719 16.671700 0.085626 -0.085387 0.992662 -2.516200 0.000000 0.000000 0.000000 1.000000
0.993787 0.001196 -0.111294 0.000000 0.003719 0.999027 0.043949 16.671700 0.111239 -0.044089 0.992815 -2.516200 0.000000 0.000000 0.000000 1.000000
0.992626 -0.004647 -0.121130 0.000000 0.006422 0.999878 0.014267 16.671700 0.121049 -0.014940 0.992534 -2.516200 0.000000 0.000000 0.000000 1.000000
0.992976 -0.007269 -0.118090 0.000000 0.007121 0.999973 -0.001676 16.671700 0.118099 0.000823 0.993002 -2.516200 0.000000 0.000000 0.000000 1.000000
0.993728 -0.006679 -0.111625 0.000000 0.006267 0.999972 -0.004046 16.671700 0.111648 0.003321 0.993742 -2.516200 0.000000 0.000000 0.000000 1.000000
0.994165 -0.004977 -0.107755 0.000000 0.005740 0.999961 0.006777 16.671700 0.107717 -0.007356 0.994154 -2.516200 0.000000 0.000000 0.000000 1.000000
0.994367 -0.005335 -0.105858 0.000000 0.008229 0.999604 0.026920 16.671700 0.105673 -0.027639 0.994017 -2.516200 0.000000 0.000000 0.000000 1.000000
0.994611 -0.009400 -0.103250 0.000000 0.014505 0.998703 0.048802 16.671700 0.102657 -0.050036 0.993458 -2.516200 0.000000 0.000000 0.000000 1.000000
0.994900 -0.015744 -0.099635 -0.000000 0.022381 0.997578 0.065852 16.671700 0.098357 -0.067746 0.992843 -2.516200 0.000000 0.000000 0.000000 1.000000
0.995135 -0.020796 -0.096300 0.000000 0.028094 0.996783 0.075066 16.671700 0.094429 -0.077406 0.992518 -2.516200 0.000000 0.000000 0.000000 1.000000
0.995419 -0.021338 -0.093200 0.000000 0.028323 0.996835 0.074283 16.671700 0.091320 -0.076583 0.992873 -2.516200 0.000000 0.000000 0.000000 1.000000
0.995939 -0.017068 -0.088395 -0.000000 0.022396 0.997969 0.059638 16.671700 0.087198 -0.061376 0.994299 -2.516200 0.000000 0.000000 0.000000 1.000000
0.996759 -0.011530 -0.079621 -0.000000 0.013920 0.999467 0.029533 16.671700 0.079238 -0.030546 0.996388 -2.516200 0.000000 0.000000 0.000000 1.000000
0.997786 -0.010312 -0.065705 0.000000 0.009781 0.999917 -0.008391 16.671700 0.065786 0.007729 0.997804 -2.516200 0.000000 0.000000 0.000000 1.000000
0.998722 -0.016719 -0.047704 0.000000 0.014867 0.999132 -0.038917 16.671700 0.048313 0.038158 0.998103 -2.516200 0.000000 0.000000 0.000000 1.000000
0.999174 -0.027825 -0.029604 0.000000 0.026248 0.998282 -0.052384 16.671700 0.031011 0.051564 0.998188 -2.516200 0.000000 0.000000 0.000000 1.000000
0.999220 -0.035985 -0.016239 0.000000 0.035040 0.997862 -0.055166 16.671700 0.018190 0.054554 0.998345 -2.516200 0.000000 0.000000 0.000000 1.000000
0.999332 -0.035459 -0.008821 0.000000 0.034853 0.997506 -0.061373 16.671700 0.010975 0.061024 0.998076 -2.516200 0.000000 0.000000 0.000000 1.000000
0.999627 -0.027096 -0.003447 0.000000 0.026786 0.997154 -0.070479 16.671700 0.005347 0.070360 0.997507 -2.516200 0.000000 0.000000 0.000000 1.000000
0.999836 -0.017438 0.004856 -0.000000 0.017697 0.998056 -0.059754 16.671700 -0.003805 0.059830 0.998201 -2.516200 0.000000 0.000000 0.000000 1.000000
0.999789 -0.012834 0.016049 -0.000000 0.012988 0.999870 -0.009522 16.671700 -0.015925 0.009728 0.999826 -2.516200 0.000000 0.000000 0.000000 1.000000
0.999633 -0.013780 0.023319 0.000000 0.012163 0.997601 0.068149 16.671700 -0.024202 -0.067840 0.997403 -2.516200 0.000000 0.000000 0.000000 1.000000
0.999682 -0.016269 0.019279 0.000000 0.013419 0.990101 0.139716 16.671700 -0.021361 -0.139412 0.990004 -2.516200 0.000000 0.000000 0.000000 1.000000
0.999850 -0.017257 0.001326 0.000000 0.016735 0.983455 0.180379 16.671700 -0.004417 -0.180330 0.983596 -2.516200 0.000000 0.000000 0.000000 1.000000</float_array><technique_common><accessor source="#Neck-Matrix-animation-output-transform-array" count="27" stride="16"><param type="float4x4"/></accessor></technique_common></source><source id="Neck-Interpolations"><Name_array id="Neck-Interpolations-array" count="27">
 LINEAR LINEAR LINEAR LINEAR LINEAR LINEAR LINEAR LINEAR LINEAR LINEAR LINEAR
LINEAR LINEAR LINEAR LINEAR LINEAR LINEAR LINEAR LINEAR LINEAR LINEAR LINEAR LINEAR
LINEAR LINEAR LINEAR LINEAR</Name_array><technique_common><accessor source="#Neck-Interpolations-array" count="27"><param type="name"/></accessor></technique_common></source><sampler id="Neck-Matrix-animation-transform"><input semantic="INPUT" source="#Neck-Matrix-animation-input"/><input semantic="OUTPUT" source="#Neck-Matrix-animation-output-transform"/><input semantic="INTERPOLATION" source="#Neck-Interpolations"/></sampler><channel source="#Neck-Matrix-animation-transform" target="Neck/matrix"/></animation>
    <animation id="Head-anim" name="Head"><source id="Head-Matrix-animation-input"><float_array id="Head-Matrix-animation-input-array" count="27">

0.000000 0.033333 0.066667 0.100000 0.133333 0.166667 0.200000 0.233333 0.266667 0.300000 0.333333 0.366667 0.400000 0.433333 0.466667 0.500000
0.533333 0.566667 0.600000 0.633333 0.666667 0.700000 0.733333 0.766667 0.800000 0.833333 0.866667</float_array><technique_common><accessor source="#Head-Matrix-animation-input-array" count="27"><param name="TIME" type="float"/></accessor></technique_common></source><source id="Head-Matrix-animation-output-transform"><float_array id="Head-Matrix-animation-output-transform-array" count="432">

0.984634 -0.008521 0.174425 0.000000 -0.059652 0.922321 0.381792 9.617900 -0.164129 -0.386330 0.907640 1.685000 0.000000 0.000000 0.000000 1.000000
0.999281 0.004468 0.037652 -0.000000 -0.017896 0.931048 0.364457 9.617900 -0.033427 -0.364869 0.930459 1.685000 0.000000 0.000000 0.000000 1.000000
0.992413 -0.018301 -0.121577 0.000000 0.050847 0.961423 0.270332 9.617900 0.111940 -0.274463 0.955060 1.685000 0.000000 0.000000 0.000000 1.000000
0.955494 -0.077343 -0.284692 -0.000000 0.119254 0.983924 0.132938 9.617900 0.269833 -0.160972 0.949357 1.685000 0.000000 0.000000 0.000000 1.000000
0.907774 -0.141111 -0.395011 0.000000 0.156975 0.987571 0.007951 9.617900 0.388979 -0.069225 0.918642 1.685000 0.000000 0.000000 0.000000 1.000000
0.894494 -0.173716 -0.411951 0.000000 0.161321 0.984760 -0.064980 9.617900 0.416961 -0.008332 0.908886 1.685000 0.000000 0.000000 0.000000 1.000000
0.921545 -0.167600 -0.350237 -0.000000 0.147117 0.985503 -0.084502 9.617900 0.359322 0.026347 0.932842 1.685000 0.000000 0.000000 0.000000 1.000000
0.955047 -0.132853 -0.265019 0.000000 0.123023 0.990964 -0.053430 9.617900 0.269722 0.018425 0.962762 1.685000 0.000000 0.000000 0.000000 1.000000
0.975128 -0.083565 -0.205285 -0.000000 0.092273 0.995180 0.033202 9.617900 0.201521 -0.051318 0.978139 1.685000 0.000000 0.000000 0.000000 1.000000
0.983694 -0.035720 -0.176265 0.000000 0.064100 0.985349 0.158048 9.617900 0.168037 -0.166770 0.971572 1.685000 0.000000 0.000000 0.000000 1.000000
0.987300 0.000344 -0.158868 0.000000 0.044285 0.959766 0.277289 9.617900 0.152571 -0.280802 0.947561 1.685000 0.000000 0.000000 0.000000 1.000000
0.989164 0.027983 -0.144124 0.000000 0.025949 0.932892 0.359220 9.617900 0.144505 -0.359067 0.922057 1.685000 0.000000 0.000000 0.000000 1.000000
0.989234 0.056262 -0.135098 -0.000000 0.002872 0.915507 0.402291 9.617900 0.146317 -0.398348 0.905489 1.685000 0.000000 0.000000 0.000000 1.000000
0.987869 0.086941 -0.128672 0.000000 -0.026200 0.910022 0.413732 9.617900 0.153065 -0.405342 0.901260 1.685000 0.000000 0.000000 0.000000 1.000000
0.987606 0.115949 -0.105787 -0.000000 -0.066106 0.918580 0.389668 9.617900 0.142356 -0.377845 0.914860 1.685000 0.000000 0.000000 0.000000 1.000000
0.989247 0.140079 -0.042058 0.000000 -0.119172 0.938714 0.323442 9.617900 0.084787 -0.314952 0.945313 1.685000 0.000000 0.000000 0.000000 1.000000
0.986111 0.151130 0.068879 0.000000 -0.163166 0.958968 0.231857 9.617900 -0.031012 -0.239875 0.970308 1.685000 0.000000 0.000000 0.000000 1.000000
0.971127 0.131883 0.198793 -0.000000 -0.165816 0.972252 0.165021 9.617900 -0.171513 -0.193220 0.966048 1.685000 0.000000 0.000000 0.000000 1.000000
0.951452 0.077750 0.297815 0.000000 -0.129733 0.978725 0.158953 9.617900 -0.279121 -0.189873 0.941297 1.685000 0.000000 0.000000 0.000000 1.000000
0.941518 0.019793 0.336381 -0.000000 -0.084203 0.980423 0.177993 9.617900 -0.326272 -0.195908 0.924752 1.685000 0.000000 0.000000 0.000000 1.000000
0.942697 0.001435 0.333647 -0.000000 -0.055651 0.986659 0.152993 9.617900 -0.328977 -0.162794 0.930200 1.685000 0.000000 0.000000 0.000000 1.000000
0.942197 0.029634 0.333746 0.000000 -0.056711 0.995814 0.071681 9.617900 -0.330225 -0.086465 0.939934 1.685000 0.000000 0.000000 0.000000 1.000000
0.929984 0.067750 0.361303 0.000000 -0.072775 0.997348 0.000302 9.617900 -0.360325 -0.026575 0.932448 1.685000 0.000000 0.000000 0.000000 1.000000
0.912953 0.077558 0.400625 0.000000 -0.090065 0.995858 0.012451 9.617900 -0.398000 -0.047450 0.916157 1.685000 0.000000 0.000000 0.000000 1.000000
0.912529 0.054055 0.405425 -0.000000 -0.109416 0.987364 0.114629 9.617900 -0.394106 -0.148962 0.906913 1.685000 0.000000 0.000000 0.000000 1.000000
0.942136 0.018330 0.334729 0.000000 -0.109709 0.960378 0.256199 9.617900 -0.316770 -0.278097 0.906818 1.685000 0.000000 0.000000 0.000000 1.000000
0.984634 -0.008521 0.174425 0.000000 -0.059652 0.922321 0.381792 9.617900 -0.164129 -0.386330 0.907640 1.685000 0.000000 0.000000 0.000000 1.000000</float_array><technique_common><accessor source="#Head-Matrix-animation-output-transform-array" count="27" stride="16"><param type="float4x4"/></accessor></technique_common></source><source id="Head-Interpolations"><Name_array id="Head-Interpolations-array" count="27">
 LINEAR LINEAR LINEAR LINEAR LINEAR LINEAR LINEAR LINEAR LINEAR LINEAR LINEAR
LINEAR LINEAR LINEAR LINEAR LINEAR LINEAR LINEAR LINEAR LINEAR LINEAR LINEAR LINEAR
LINEAR LINEAR LINEAR LINEAR</Name_array><technique_common><accessor source="#Head-Interpolations-array" count="27"><param type="name"/></accessor></technique_common></source><sampler id="Head-Matrix-animation-transform"><input semantic="INPUT" source="#Head-Matrix-animation-input"/><input semantic="OUTPUT" source="#Head-Matrix-animation-output-transform"/><input semantic="INTERPOLATION" source="#Head-Interpolations"/></sampler><channel source="#Head-Matrix-animation-transform" target="Head/matrix"/></animation>
    <animation id="LeftShoulder-anim" name="LeftShoulder"><source id="LeftShoulder-Matrix-animation-input"><float_array id="LeftShoulder-Matrix-animation-input-array" count="27">

0.000000 0.033333 0.066667 0.100000 0.133333 0.166667 0.200000 0.233333 0.266667 0.300000 0.333333 0.366667 0.400000 0.433333 0.466667 0.500000
0.533333 0.566667 0.600000 0.633333 0.666667 0.700000 0.733333 0.766667 0.800000 0.833333 0.866667</float_array><technique_common><accessor source="#LeftShoulder-Matrix-animation-input-array" count="27"><param name="TIME" type="float"/></accessor></technique_common></source><source id="LeftShoulder-Matrix-animation-output-transform"><float_array id="LeftShoulder-Matrix-animation-output-transform-array" count="432">

0.989698 0.137863 0.038619 4.570400 -0.137625 0.990446 -0.008758 10.946000 -0.039458 0.003353 0.999216 -2.628000 0.000000 0.000000 0.000000 1.000000
0.986639 0.102797 0.126400 4.570400 -0.101215 0.994685 -0.018894 10.946000 -0.127671 0.005847 0.991799 -2.628000 0.000000 0.000000 0.000000 1.000000
0.980493 0.013475 0.196091 4.570400 -0.006529 0.999329 -0.036027 10.946000 -0.196445 0.034044 0.979924 -2.628000 0.000000 0.000000 0.000000 1.000000
0.971715 -0.076309 0.223486 4.570400 0.090784 0.994339 -0.055213 10.946000 -0.218008 0.073940 0.973142 -2.628000 0.000000 0.000000 0.000000 1.000000
0.965854 -0.128667 0.224880 4.570400 0.149218 0.985814 -0.076846 10.946000 -0.211802 0.107778 0.971351 -2.628000 0.000000 0.000000 0.000000 1.000000
0.960188 -0.148961 0.236326 4.570400 0.175066 0.980106 -0.093507 10.946000 -0.217696 0.131157 0.967164 -2.628000 0.000000 0.000000 0.000000 1.000000
0.951705 -0.167048 0.257591 4.570400 0.197689 0.975368 -0.097862 10.946000 -0.234898 0.144059 0.961286 -2.628000 0.000000 0.000000 0.000000 1.000000
0.947029 -0.195856 0.254514 4.570400 0.224902 0.970192 -0.090256 10.946000 -0.229250 0.142716 0.962848 -2.628000 0.000000 0.000000 0.000000 1.000000
0.955348 -0.209733 0.208138 4.570400 0.231271 0.969176 -0.084926 10.946000 -0.183910 0.129270 0.974406 -2.628000 0.000000 0.000000 0.000000 1.000000
0.974678 -0.178589 0.134570 4.570400 0.191257 0.977598 -0.087884 10.946000 -0.115860 0.111396 0.986999 -2.628000 0.000000 0.000000 0.000000 1.000000
0.990320 -0.121506 0.067102 4.570400 0.127170 0.987985 -0.087828 10.946000 -0.055624 0.095511 0.993873 -2.628000 0.000000 0.000000 0.000000 1.000000
0.996512 -0.080986 0.020135 4.570400 0.082331 0.993492 -0.078707 10.946000 -0.013630 0.080090 0.996694 -2.628000 0.000000 0.000000 0.000000 1.000000
0.997185 -0.073651 -0.014072 4.570400 0.072618 0.995333 -0.063547 10.946000 0.018686 0.062346 0.997880 -2.628000 0.000000 0.000000 0.000000 1.000000
0.995745 -0.081038 -0.043878 4.570400 0.078951 0.995751 -0.047392 10.946000 0.047532 0.043726 0.997912 -2.628000 0.000000 0.000000 0.000000 1.000000
0.994781 -0.079910 -0.063445 4.570400 0.077968 0.996425 -0.032525 10.946000 0.065817 0.027409 0.997455 -2.628000 0.000000 0.000000 0.000000 1.000000
0.995948 -0.069121 -0.057538 4.570400 0.068155 0.997502 -0.018581 10.946000 0.058679 0.014584 0.998170 -2.628000 0.000000 0.000000 0.000000 1.000000
0.997405 -0.069327 -0.019410 4.570400 0.069207 0.997579 -0.006793 10.946000 0.019834 0.005432 0.999789 -2.628000 0.000000 0.000000 0.000000 1.000000
0.994593 -0.099893 0.028378 4.570400 0.099902 0.994997 0.001106 10.946000 -0.028346 0.001735 0.999597 -2.628000 0.000000 0.000000 0.000000 1.000000
0.989073 -0.143361 0.034392 4.570400 0.143263 0.989670 0.005287 10.946000 -0.034795 -0.000302 0.999394 -2.628000 0.000000 0.000000 0.000000 1.000000
0.985845 -0.166512 -0.019562 4.570400 0.166494 0.986039 -0.002537 10.946000 0.019711 -0.000756 0.999805 -2.628000 0.000000 0.000000 0.000000 1.000000
0.985451 -0.138478 -0.098539 4.570400 0.137454 0.990360 -0.017141 10.946000 0.099962 0.003347 0.994986 -2.628000 0.000000 0.000000 0.000000 1.000000
0.987167 -0.058609 -0.148545 4.570400 0.056116 0.998205 -0.020924 10.946000 0.149505 0.012320 0.988684 -2.628000 0.000000 0.000000 0.000000 1.000000
0.988790 0.039168 -0.144085 4.570400 -0.041751 0.999016 -0.014946 10.946000 0.143358 0.020794 0.989452 -2.628000 0.000000 0.000000 0.000000 1.000000
0.988747 0.110449 -0.100898 4.570400 -0.112197 0.993616 -0.011799 10.946000 0.098950 0.022986 0.994827 -2.628000 0.000000 0.000000 0.000000 1.000000
0.989246 0.137872 -0.048826 4.570400 -0.138596 0.990279 -0.011747 10.946000 0.046732 0.018388 0.998738 -2.628000 0.000000 0.000000 0.000000 1.000000
0.990286 0.139016 -0.002732 4.570400 -0.139037 0.990232 -0.010490 10.946000 0.001247 0.010768 0.999941 -2.628000 0.000000 0.000000 0.000000 1.000000
0.989698 0.137863 0.038619 4.570400 -0.137625 0.990446 -0.008758 10.946000 -0.039458 0.003353 0.999216 -2.628000 0.000000 0.000000 0.000000 1.000000</float_array><technique_common><accessor source="#LeftShoulder-Matrix-animation-output-transform-array" count="27" stride="16"><param type="float4x4"/></accessor></technique_common></source><source id="LeftShoulder-Interpolations"><Name_array id="LeftShoulder-Interpolations-array" count="27">
 LINEAR LINEAR LINEAR LINEAR LINEAR LINEAR LINEAR LINEAR LINEAR LINEAR LINEAR
LINEAR LINEAR LINEAR LINEAR LINEAR LINEAR LINEAR LINEAR LINEAR LINEAR LINEAR LINEAR
