<?xml version="1.0" encoding="utf-8"?>
<COLLADA xmlns="http://www.collada.org/2005/11/COLLADASchema" version="1.4.1">
  <asset><contributor><author>Mixamo</author><authoring_tool>COLLADA Mixamo exporter</authoring_tool><comments></comments></contributor><created>2020-12-04T01:54:11Z</created><modified>2020-12-04T01:54:11Z</modified><revision></revision><title></title><unit meter="0.010000"/><up_axis>Y_UP</up_axis></asset>
  <library_animations>
    <animation id="mixamorig_Hips-anim" name="mixamorig_Hips"><source id="mixamorig_Hips-Matrix-animation-input"><float_array id="mixamorig_Hips-Matrix-animation-input-array" count="78">

0.000000 0.033333 0.066667 0.100000 0.133333 0.166667 0.200000 0.233333 0.266667 0.300000 0.333333 0.366667 0.400000 0.433333 0.466667 0.500000
0.533333 0.566667 0.600000 0.633333 0.666667 0.700000 0.733333 0.766667 0.800000 0.833333 0.866667 0.900000 0.933333 0.966667 1.000000 1.033333
1.066667 1.100000 1.133333 1.166667 1.200000 1.233333 1.266667 1.300000 1.333333 1.366667 1.400000 1.433333 1.466667 1.500000 1.533333 1.566667
1.600000 1.633333 1.666667 1.700000 1.733333 1.766667 1.800000 1.833333 1.866667 1.900000 1.933333 1.966667 2.000000 2.033333 2.066667 2.100000
2.133333 2.166667 2.200000 2.233333 2.266667 2.300000 2.333333 2.366667 2.400000 2.433333 2.466667 2.500000 2.533333 2.566667</float_array><technique_common><accessor source="#mixamorig_Hips-Matrix-animation-input-array" count="78"><param name="TIME" type="float"/></accessor></technique_common></source><source id="mixamorig_Hips-Matrix-animation-output-transform"><float_array id="mixamorig_Hips-Matrix-animation-output-transform-array" count="1248">

-0.999946 0.004837 0.009232 -0.032809 0.005171 0.999322 0.036458 95.024887 -0.009049 0.036504 -0.999293 -0.549185 0.000000 0.000000 0.000000 1.000000
-0.999919 0.004727 0.011802 -0.040225 0.005220 0.999101 0.042065 95.026505 -0.011593 0.042123 -0.999045 -0.597832 0.000000 0.000000 0.000000 1.000000
-0.999901 0.005006 0.013175 -0.048494 0.005615 0.998898 0.046587 95.014694 -0.012927 0.046657 -0.998827 -0.623146 0.000000 0.000000 0.000000 1.000000
-0.999889 0.006554 0.013354 -0.072007 0.007206 0.998754 0.049376 94.988670 -0.013014 0.049466 -0.998691 -0.610083 0.000000 0.000000 0.000000 1.000000
-0.999884 0.009791 0.011634 -0.124831 0.010340 0.998790 0.048077 94.948151 -0.011149 0.048192 -0.998776 -0.488738 0.000000 0.000000 0.000000 1.000000
-0.999882 0.013875 0.006617 -0.252284 0.014120 0.999156 0.038575 94.828407 -0.006076 0.038664 -0.999234 -0.135175 0.000000 0.000000 0.000000 1.000000
-0.999842 0.017706 -0.001566 -0.508988 0.017672 0.999655 0.019426 94.512451 0.001909 0.019395 -0.999810 0.530099 0.000000 0.000000 0.000000 1.000000
-0.999732 0.021006 -0.009780 -0.870739 0.021070 0.999757 -0.006538 93.893921 0.009640 -0.006742 -0.999931 1.482693 0.000000 0.000000 0.000000 1.000000
-0.999603 0.023011 -0.016234 -1.185069 0.023598 0.999040 -0.036906 92.985237 0.015369 -0.037275 -0.999187 2.660017 0.000000 0.000000 0.000000 1.000000
-0.999318 0.020686 -0.030573 -1.267953 0.022862 0.997098 -0.072621 91.856789 0.028982 -0.073271 -0.996891 4.032451 0.000000 0.000000 0.000000 1.000000
-0.997324 0.011135 -0.072250 -1.215334 0.019280 0.993403 -0.113047 90.492340 0.070514 -0.114137 -0.990959 5.549870 0.000000 0.000000 0.000000 1.000000
-0.989413 -0.007055 -0.144956 -1.035616 0.014073 0.989447 -0.144209 89.133240 0.144443 -0.144722 -0.978873 6.672363 0.000000 0.000000 0.000000 1.000000
-0.969522 -0.034472 -0.242568 -0.753263 0.005544 0.986712 -0.162386 87.695366 0.244943 -0.158782 -0.956447 7.441693 0.000000 0.000000 0.000000 1.000000
-0.931550 -0.067776 -0.357241 -0.391512 -0.006325 0.985346 -0.170449 86.255898 0.363558 -0.156522 -0.918328 7.707515 0.000000 0.000000 0.000000 1.000000
-0.868864 -0.097785 -0.485297 0.022816 -0.010023 0.983572 -0.180240 84.751694 0.494950 -0.151739 -0.855570 7.332129 0.000000 0.000000 0.000000 1.000000
-0.776137 -0.123603 -0.618331 0.446759 0.003736 0.979681 -0.200526 83.225746 0.630553 -0.157946 -0.759905 6.169486 0.000000 0.000000 0.000000 1.000000
-0.651165 -0.151314 -0.743699 0.814578 0.033458 0.973247 -0.227313 81.919724 0.758198 -0.172900 -0.628682 4.201586 0.000000 0.000000 0.000000 1.000000
-0.492940 -0.184527 -0.850270 1.037595 0.070407 0.965586 -0.250371 81.006187 0.867210 -0.183283 -0.462984 1.669173 0.000000 0.000000 0.000000 1.000000
-0.304763 -0.222216 -0.926142 1.051003 0.107529 0.958156 -0.265282 80.413910 0.946339 -0.180435 -0.268116 -1.040395 0.000000 0.000000 0.000000 1.000000
-0.106159 -0.262513 -0.959071 0.674994 0.143653 0.950354 -0.276028 79.978561 0.983918 -0.167077 -0.063178 -3.617703 0.000000 0.000000 0.000000 1.000000
0.067418 -0.302767 -0.950677 0.082042 0.175410 0.941600 -0.287437 79.549202 0.982184 -0.147380 0.116590 -5.911870 0.000000 0.000000 0.000000 1.000000
0.191425 -0.337226 -0.921756 -0.627346 0.200886 0.932704 -0.299513 79.245605 0.960729 -0.127834 0.246287 -7.807030 0.000000 0.000000 0.000000 1.000000
0.266373 -0.360699 -0.893835 -1.354391 0.215329 0.926172 -0.309578 79.042923 0.939510 -0.110006 0.324377 -9.178514 0.000000 0.000000 0.000000 1.000000
0.311871 -0.374859 -0.873051 -2.082081 0.220743 0.922324 -0.317161 78.876846 0.924126 -0.093807 0.370394 -10.019794 0.000000 0.000000 0.000000 1.000000
0.349408 -0.383915 -0.854707 -2.795287 0.222656 0.920093 -0.322263 78.690536 0.910131 -0.077704 0.406968 -10.496099 0.000000 0.000000 0.000000 1.000000
0.388742 -0.387918 -0.835703 -3.444423 0.223339 0.919668 -0.323003 78.509193 0.893867 -0.061081 0.444151 -10.790320 0.000000 0.000000 0.000000 1.000000
0.425591 -0.385666 -0.818617 -3.953638 0.221513 0.921512 -0.318979 78.388031 0.877385 -0.045580 0.477617 -10.992290 0.000000 0.000000 0.000000 1.000000
0.451676 -0.379348 -0.807517 -4.280154 0.216230 0.924664 -0.313434 78.338989 0.865582 -0.033039 0.499676 -11.153567 0.000000 0.000000 0.000000 1.000000
0.466069 -0.372975 -0.802290 -4.570369 0.208465 0.927563 -0.310111 78.318954 0.859838 -0.022716 0.510061 -11.344815 0.000000 0.000000 0.000000 1.000000
0.475696 -0.369180 -0.798385 -4.868736 0.200399 0.929275 -0.310302 78.270721 0.856477 -0.012386 0.516036 -11.594849 0.000000 0.000000 0.000000 1.000000
0.486589 -0.368295 -0.792205 -5.166526 0.194274 0.929707 -0.312892 78.167847 0.851756 -0.001655 0.523936 -11.837667 0.000000 0.000000 0.000000 1.000000
0.497828 -0.369021 -0.784850 -5.450417 0.190707 0.929389 -0.316016 78.027901 0.846048 0.007645 0.533051 -11.983971 0.000000 0.000000 0.000000 1.000000
0.504331 -0.370212 -0.780124 -5.709077 0.188596 0.928846 -0.318867 77.893272 0.842664 0.013686 0.538266 -12.014744 0.000000 0.000000 0.000000 1.000000
0.503400 -0.371789 -0.779975 -5.935493 0.186839 0.928174 -0.321844 77.791748 0.843611 0.016287 0.536707 -11.976625 0.000000 0.000000 0.000000 1.000000
0.497833 -0.373559 -0.782698 -6.120744 0.185200 0.927455 -0.324851 77.723671 0.847268 0.016766 0.530901 -11.920227 0.000000 0.000000 0.000000 1.000000
0.493131 -0.374395 -0.785271 -6.251186 0.184020 0.927123 -0.326466 77.672356 0.850270 0.016485 0.526089 -11.870830 0.000000 0.000000 0.000000 1.000000
0.492584 -0.373291 -0.786139 -6.316089 0.183741 0.927580 -0.325323 77.625397 0.850647 0.015803 0.525500 -11.837743 0.000000 0.000000 0.000000 1.000000
0.495275 -0.370777 -0.785638 -6.317737 0.184670 0.928612 -0.321834 77.575653 0.848881 0.014313 0.528390 -11.821776 0.000000 0.000000 0.000000 1.000000
0.498732 -0.368164 -0.784679 -6.281347 0.186293 0.929679 -0.317792 77.524422 0.846499 0.012313 0.532247 -11.811961 0.000000 0.000000 0.000000 1.000000
0.501302 -0.366307 -0.783910 -6.211204 0.187896 0.930436 -0.314618 77.472168 0.844625 0.010426 0.535257 -11.789818 0.000000 0.000000 0.000000 1.000000
0.502940 -0.364911 -0.783512 -6.108462 0.189056 0.931000 -0.312246 77.425346 0.843392 0.008913 0.537225 -11.742688 0.000000 0.000000 0.000000 1.000000
0.504215 -0.363363 -0.783412 -5.972963 0.189854 0.931617 -0.309911 77.387344 0.842450 0.007528 0.538721 -11.675501 0.000000 0.000000 0.000000 1.000000
0.505547 -0.361623 -0.783359 -5.806883 0.190828 0.932306 -0.307229 77.347641 0.841431 0.005832 0.540333 -11.609305 0.000000 0.000000 0.000000 1.000000
0.507440 -0.359923 -0.782917 -5.613254 0.192158 0.932973 -0.304362 77.298073 0.839988 0.004002 0.542590 -11.564347 0.000000 0.000000 0.000000 1.000000
0.510160 -0.358424 -0.781836 -5.394550 0.193456 0.933555 -0.301745 77.228813 0.838040 0.002687 0.545602 -11.543872 0.000000 0.000000 0.000000 1.000000
0.512468 -0.356897 -0.781025 -5.152021 0.194090 0.934142 -0.299513 77.124817 0.836484 0.001902 0.547988 -11.521774 0.000000 0.000000 0.000000 1.000000
0.510240 -0.354926 -0.783379 -4.887012 0.194262 0.934894 -0.297044 76.974457 0.837805 -0.000617 0.545969 -11.422828 0.000000 0.000000 0.000000 1.000000
0.496606 -0.352894 -0.793000 -4.604654 0.195110 0.935623 -0.294178 76.795776 0.845763 -0.008632 0.533489 -11.126200 0.000000 0.000000 0.000000 1.000000
0.464173 -0.351318 -0.813092 -4.310853 0.196144 0.935955 -0.292431 76.667885 0.863754 -0.023744 0.503354 -10.525921 0.000000 0.000000 0.000000 1.000000
0.406935 -0.348183 -0.844495 -3.931189 0.194959 0.936308 -0.292092 76.696098 0.892409 -0.045780 0.448898 -9.569140 0.000000 0.000000 0.000000 1.000000
0.322589 -0.338931 -0.883777 -3.436538 0.190879 0.937805 -0.289978 76.960854 0.927093 -0.075151 0.367221 -8.220854 0.000000 0.000000 0.000000 1.000000
0.216161 -0.321282 -0.921983 -3.011582 0.185121 0.940666 -0.284391 77.516815 0.958647 -0.109204 0.262812 -6.474868 0.000000 0.000000 0.000000 1.000000
0.100293 -0.298414 -0.949152 -2.792423 0.174187 0.944496 -0.278545 78.452682 0.979592 -0.137394 0.146706 -4.414425 0.000000 0.000000 0.000000 1.000000
-0.014669 -0.276232 -0.960979 -2.735042 0.151370 0.949392 -0.275212 79.841133 0.988368 -0.149500 0.027886 -2.179709 0.000000 0.000000 0.000000 1.000000
-0.132233 -0.257273 -0.957249 -2.776478 0.115939 0.955086 -0.272707 81.554008 0.984415 -0.147043 -0.096466 0.106558 0.000000 0.000000 0.000000 1.000000
-0.267272 -0.242002 -0.932739 -2.900331 0.074385 0.959882 -0.270359 83.308952 0.960746 -0.141641 -0.238548 2.322629 0.000000 0.000000 0.000000 1.000000
-0.434066 -0.229567 -0.871140 -3.063867 0.033734 0.962167 -0.270364 84.932648 0.900249 -0.146743 -0.409900 4.297114 0.000000 0.000000 0.000000 1.000000
-0.625990 -0.210737 -0.750817 -3.207906 -0.000802 0.962968 -0.269615 86.613068 0.779831 -0.168174 -0.602977 5.867305 0.000000 0.000000 0.000000 1.000000
-0.802006 -0.173096 -0.571685 -3.289244 -0.026014 0.966304 -0.256085 88.517052 0.596749 -0.190510 -0.779485 6.845347 0.000000 0.000000 0.000000 1.000000
-0.917561 -0.123572 -0.377906 -3.319926 -0.038438 0.973594 -0.225029 90.528969 0.395734 -0.191951 -0.898081 7.113448 0.000000 0.000000 0.000000 1.000000
-0.971989 -0.081011 -0.220622 -3.301964 -0.038539 0.980948 -0.190410 92.241142 0.231844 -0.176574 -0.956593 6.796994 0.000000 0.000000 0.000000 1.000000
-0.992390 -0.046189 -0.114140 -3.202689 -0.026373 0.985197 -0.169383 93.366776 0.120274 -0.165084 -0.978918 6.187236 0.000000 0.000000 0.000000 1.000000
-0.999060 -0.013446 -0.041212 -3.078408 -0.006538 0.986542 -0.163380 93.978058 0.042854 -0.162957 -0.985702 5.551396 0.000000 0.000000 0.000000 1.000000
-0.999718 0.015782 0.017737 -2.934668 0.012756 0.987131 -0.159404 94.308128 -0.020024 -0.159133 -0.987054 4.977280 0.000000 0.000000 0.000000 1.000000
-0.997071 0.037442 0.066689 -2.816045 0.027292 0.988749 -0.147076 94.534637 -0.071445 -0.144825 -0.986875 4.394253 0.000000 0.000000 0.000000 1.000000
-0.994148 0.049722 0.095900 -2.686678 0.037189 0.991037 -0.128306 94.729240 -0.101420 -0.123989 -0.987087 3.725173 0.000000 0.000000 0.000000 1.000000
-0.993884 0.052339 0.097237 -2.419665 0.041495 0.993023 -0.110380 94.922249 -0.102336 -0.105670 -0.989121 2.990290 0.000000 0.000000 0.000000 1.000000
-0.995991 0.046986 0.076115 -1.911982 0.039532 0.994535 -0.096633 95.100990 -0.080239 -0.093237 -0.992405 2.286618 0.000000 0.000000 0.000000 1.000000
-0.998180 0.037411 0.047305 -1.222155 0.033505 0.996164 -0.080841 95.207481 -0.050148 -0.079109 -0.995604 1.631083 0.000000 0.000000 0.000000 1.000000
-0.999294 0.028761 0.024165 -0.615216 0.027235 0.997751 -0.061245 95.194725 -0.025873 -0.060543 -0.997830 1.066047 0.000000 0.000000 0.000000 1.000000
-0.999734 0.021080 0.009335 -0.238897 0.020667 0.998890 -0.042318 95.116280 -0.010217 -0.042114 -0.999061 0.628392 0.000000 0.000000 0.000000 1.000000
-0.999897 0.014331 -0.000208 -0.011837 0.014332 0.999540 -0.026720 95.044395 -0.000175 -0.026721 -0.999643 0.299857 0.000000 0.000000 0.000000 1.000000
-0.999940 0.008953 -0.006290 0.126021 0.009017 0.999907 -0.010273 95.005768 0.006197 -0.010329 -0.999927 0.087056 0.000000 0.000000 0.000000 1.000000
-0.999945 0.005733 -0.008815 0.173539 0.005709 0.999980 0.002776 94.995117 0.008831 0.002726 -0.999957 -0.067652 0.000000 0.000000 0.000000 1.000000
-0.999963 0.004691 -0.007166 0.136453 0.004595 0.999899 0.013437 94.997696 0.007229 0.013403 -0.999884 -0.201266 0.000000 0.000000 0.000000 1.000000
-0.999986 0.004801 -0.002156 0.059368 0.004753 0.999761 0.021353 95.003403 0.002258 0.021342 -0.999770 -0.329625 0.000000 0.000000 0.000000 1.000000
-0.999980 0.005020 0.003897 -0.005951 0.005125 0.999607 0.027559 95.014587 -0.003757 0.027578 -0.999613 -0.447661 0.000000 0.000000 0.000000 1.000000
-0.999958 0.004910 0.007681 -0.026827 0.005164 0.999424 0.033539 95.022400 -0.007512 0.033577 -0.999408 -0.519696 0.000000 0.000000 0.000000 1.000000</float_array><technique_common><accessor source="#mixamorig_Hips-Matrix-animation-output-transform-array" count="78" stride="16"><param type="float4x4"/></accessor></technique_common></source><source id="mixamorig_Hips-Interpolations"><Name_array id="mixamorig_Hips-Interpolations-array" count="78">
 LINEAR LINEAR LINEAR LINEAR LINEAR LINEAR LINEAR LINEAR LINEAR LINEAR LINEAR
LINEAR LINEAR LINEAR LINEAR LINEAR LINEAR LINEAR LINEAR LINEAR LINEAR LINEAR LINEAR
LINEAR LINEAR LINEAR LINEAR LINEAR LINEAR LINEAR LINEAR LINEAR LINEAR LINEAR LINEAR
LINEAR LINEAR LINEAR LINEAR LINEAR LINEAR LINEAR LINEAR LINEAR LINEAR LINEAR LINEAR
LINEAR LINEAR LINEAR LINEAR LINEAR LINEAR LINEAR LINEAR LINEAR LINEAR LINEAR LINEAR
LINEAR LINEAR LINEAR LINEAR LINEAR LINEAR LINEAR LINEAR LINEAR LINEAR LINEAR LINEAR
LINEAR LINEAR LINEAR LINEAR LINEAR LINEAR LINEAR</Name_array><technique_common><accessor source="#mixamorig_Hips-Interpolations-array" count="78"><param type="name"/></accessor></technique_common></source><sampler id="mixamorig_Hips-Matrix-animation-transform"><input semantic="INPUT" source="#mixamorig_Hips-Matrix-animation-input"/><input semantic="OUTPUT" source="#mixamorig_Hips-Matrix-animation-output-transform"/><input semantic="INTERPOLATION" source="#mixamorig_Hips-Interpolations"/></sampler><channel source="#mixamorig_Hips-Matrix-animation-transform" target="mixamorig_Hips/matrix"/></animation>
    <animation id="mixamorig_Spine-anim" name="mixamorig_Spine"><source id="mixamorig_Spine-Matrix-animation-input"><float_array id="mixamorig_Spine-Matrix-animation-input-array" count="78">

0.000000 0.033333 0.066667 0.100000 0.133333 0.166667 0.200000 0.233333 0.266667 0.300000 0.333333 0.366667 0.400000 0.433333 0.466667 0.500000
0.533333 0.566667 0.600000 0.633333 0.666667 0.700000 0.733333 0.766667 0.800000 0.833333 0.866667 0.900000 0.933333 0.966667 1.000000 1.033333
1.066667 1.100000 1.133333 1.166667 1.200000 1.233333 1.266667 1.300000 1.333333 1.366667 1.400000 1.433333 1.466667 1.500000 1.533333 1.566667
1.600000 1.633333 1.666667 1.700000 1.733333 1.766667 1.800000 1.833333 1.866667 1.900000 1.933333 1.966667 2.000000 2.033333 2.066667 2.100000
2.133333 2.166667 2.200000 2.233333 2.266667 2.300000 2.333333 2.366667 2.400000 2.433333 2.466667 2.500000 2.533333 2.566667</float_array><technique_common><accessor source="#mixamorig_Spine-Matrix-animation-input-array" count="78"><param name="TIME" type="float"/></accessor></technique_common></source><source id="mixamorig_Spine-Matrix-animation-output-transform"><float_array id="mixamorig_Spine-Matrix-animation-output-transform-array" count="1248">

0.998808 0.025989 -0.041327 0.000000 -0.017878 0.982439 0.185723 7.463500 0.045428 -0.184763 0.981733 -1.336300 0.000000 0.000000 0.000000 1.000000
0.998899 0.024736 -0.039863 0.000000 -0.016965 0.982658 0.184647 7.463500 0.043740 -0.183767 0.981996 -1.336300 0.000000 0.000000 0.000000 1.000000
0.998974 0.023415 -0.038756 0.000000 -0.015915 0.982877 0.183573 7.463500 0.042391 -0.182768 0.982242 -1.336300 0.000000 0.000000 0.000000 1.000000
0.999031 0.022013 -0.038101 0.000000 -0.014708 0.983119 0.182374 7.463500 0.041472 -0.181637 0.982491 -1.336300 0.000000 0.000000 0.000000 1.000000
0.999055 0.021460 -0.037798 0.000000 -0.014285 0.983422 0.180767 7.463500 0.041051 -0.180056 0.982799 -1.336300 0.000000 0.000000 0.000000 1.000000
0.999027 0.022174 -0.038129 0.000000 -0.015036 0.983874 0.178230 7.463500 0.041466 -0.177484 0.983250 -1.336300 0.000000 0.000000 0.000000 1.000000
0.998912 0.025101 -0.039292 0.000000 -0.017892 0.984566 0.174098 7.463500 0.043056 -0.173205 0.983944 -1.336300 0.000000 0.000000 0.000000 1.000000
0.998669 0.030578 -0.041547 0.000000 -0.023204 0.985577 0.167628 7.463500 0.046074 -0.166441 0.984974 -1.336300 0.000000 0.000000 0.000000 1.000000
0.998269 0.037713 -0.045123 0.000000 -0.030136 0.986954 0.158157 7.463500 0.050499 -0.156524 0.986382 -1.336300 0.000000 0.000000 0.000000 1.000000
0.997774 0.044208 -0.049934 0.000000 -0.036540 0.988726 0.145211 7.463500 0.055790 -0.143063 0.988140 -1.336300 0.000000 0.000000 0.000000 1.000000
0.997378 0.046909 -0.055111 -0.000000 -0.039499 0.990910 0.128599 7.463500 0.060642 -0.126085 0.990164 -1.336300 0.000000 0.000000 0.000000 1.000000
0.997354 0.043259 -0.058424 0.000000 -0.036458 0.992944 0.112842 7.463500 0.062893 -0.110414 0.991894 -1.336300 0.000000 0.000000 0.000000 1.000000
0.997759 0.034590 -0.057276 0.000000 -0.028968 0.994937 0.096235 7.463500 0.060314 -0.094360 0.993709 -1.336300 0.000000 0.000000 0.000000 1.000000
0.998489 0.023498 -0.049665 -0.000000 -0.019471 0.996600 0.080059 7.463500 0.051377 -0.078972 0.995552 -1.336300 0.000000 0.000000 0.000000 1.000000
0.999309 0.012818 -0.034882 0.000000 -0.010507 0.997789 0.065631 7.463500 0.035646 -0.065219 0.997234 -1.336300 0.000000 0.000000 0.000000 1.000000
0.999887 0.004905 -0.014213 -0.000000 -0.004129 0.998524 0.054153 7.463500 0.014458 -0.054088 0.998432 -1.336300 0.000000 0.000000 0.000000 1.000000
0.999957 0.000380 0.009230 0.000000 -0.000808 0.998922 0.046420 7.463500 -0.009203 -0.046426 0.998879 -1.336300 0.000000 0.000000 0.000000 1.000000
0.999504 -0.001295 0.031480 0.000000 -0.000046 0.999094 0.042555 7.463500 -0.031507 -0.042535 0.998598 -1.336300 0.000000 0.000000 0.000000 1.000000
0.998789 -0.001086 0.049193 -0.000000 -0.000980 0.999119 0.041955 7.463500 -0.049195 -0.041953 0.997908 -1.336300 0.000000 0.000000 0.000000 1.000000
0.998132 -0.000169 0.061097 -0.000000 -0.002507 0.999041 0.043714 7.463500 -0.061045 -0.043785 0.997174 -1.336300 0.000000 0.000000 0.000000 1.000000
0.997679 0.000691 0.068086 0.000000 -0.003885 0.998897 0.046793 7.463500 -0.067979 -0.046949 0.996581 -1.336300 0.000000 0.000000 0.000000 1.000000
0.997389 0.002010 0.072188 0.000000 -0.005658 0.998715 0.050367 7.463500 -0.071994 -0.050643 0.996119 -1.336300 0.000000 0.000000 0.000000 1.000000
0.997126 0.003494 0.075674 0.000000 -0.007612 0.998501 0.054194 7.463500 -0.075372 -0.054614 0.995659 -1.336300 0.000000 0.000000 0.000000 1.000000
0.996799 0.004966 0.079799 0.000000 -0.009636 0.998256 0.058249 7.463500 -0.079371 -0.058832 0.995108 -1.336300 0.000000 0.000000 0.000000 1.000000
0.996404 0.006227 0.084498 0.000000 -0.011538 0.997977 0.062512 7.463500 -0.083938 -0.063263 0.994461 -1.336300 0.000000 0.000000 0.000000 1.000000
0.996027 0.007264 0.088752 0.000000 -0.013224 0.997682 0.066752 7.463500 -0.088062 -0.067661 0.993814 -1.336300 0.000000 0.000000 0.000000 1.000000
0.995784 0.008331 0.091355 -0.000000 -0.014812 0.997402 0.070501 7.463500 -0.090530 -0.071556 0.993320 -1.336300 0.000000 0.000000 0.000000 1.000000
0.995752 0.009829 0.091547 0.000000 -0.016579 0.997175 0.073263 7.463500 -0.090568 -0.074470 0.993102 -1.336300 0.000000 0.000000 0.000000 1.000000
0.995932 0.012123 0.089287 0.000000 -0.018844 0.997019 0.074814 7.463500 -0.088114 -0.076192 0.993192 -1.336300 0.000000 0.000000 0.000000 1.000000
0.996249 0.015217 0.085187 0.000000 -0.021669 0.996922 0.075343 7.463500 -0.083778 -0.076906 0.993512 -1.336300 0.000000 0.000000 0.000000 1.000000
0.996602 0.018720 0.080217 0.000000 -0.024789 0.996850 0.075330 7.463500 -0.078554 -0.077063 0.993927 -1.336300 0.000000 0.000000 0.000000 1.000000
0.996911 0.022089 0.075372 -0.000000 -0.027775 0.996778 0.075242 7.463500 -0.073467 -0.077103 0.994313 -1.336300 0.000000 0.000000 0.000000 1.000000
0.997136 0.024986 0.071379 0.000000 -0.030364 0.996699 0.075289 7.463500 -0.069262 -0.077241 0.994604 -1.336300 0.000000 0.000000 0.000000 1.000000
0.997274 0.027391 0.068514 0.000000 -0.032554 0.996621 0.075407 7.463500 -0.066217 -0.077432 0.994796 -1.336300 0.000000 0.000000 0.000000 1.000000
0.997343 0.029510 0.066607 0.000000 -0.034522 0.996556 0.075397 7.463500 -0.064153 -0.077496 0.994926 -1.336300 0.000000 0.000000 0.000000 1.000000
0.997371 0.031543 0.065235 0.000000 -0.036427 0.996511 0.075088 7.463500 -0.062639 -0.077267 0.995041 -1.336300 0.000000 0.000000 0.000000 1.000000
0.997390 0.033478 0.063975 0.000000 -0.038223 0.996493 0.074434 7.463500 -0.061259 -0.076685 0.995172 -1.336300 0.000000 0.000000 0.000000 1.000000
0.997403 0.035276 0.062791 0.000000 -0.039868 0.996502 0.073446 7.463500 -0.059981 -0.075759 0.995321 -1.336300 0.000000 0.000000 0.000000 1.000000
0.997424 0.036578 0.061707 0.000000 -0.041017 0.996541 0.072274 7.463500 -0.058850 -0.074619 0.995474 -1.336300 0.000000 0.000000 0.000000 1.000000
0.997445 0.037257 0.060949 0.000000 -0.041567 0.996607 0.071035 7.463500 -0.058096 -0.073387 0.995610 -1.336300 0.000000 0.000000 0.000000 1.000000
0.997468 0.037322 0.060544 0.000000 -0.041532 0.996693 0.069842 7.463500 -0.057737 -0.072180 0.995719 -1.336300 0.000000 0.000000 0.000000 1.000000
0.997501 0.036905 0.060241 0.000000 -0.041031 0.996789 0.068758 7.463500 -0.057510 -0.071058 0.995813 -1.336300 0.000000 0.000000 0.000000 1.000000
0.997568 0.036119 0.059610 0.000000 -0.040146 0.996892 0.067788 7.463500 -0.056976 -0.070016 0.995917 -1.336300 0.000000 0.000000 0.000000 1.000000
0.997687 0.034934 0.058314 0.000000 -0.038820 0.997005 0.066888 7.463500 -0.055803 -0.068997 0.996055 -1.336300 0.000000 0.000000 0.000000 1.000000
0.997858 0.033151 0.056396 0.000000 -0.036857 0.997139 0.065988 7.463500 -0.054048 -0.067925 0.996225 -1.336300 0.000000 0.000000 0.000000 1.000000
0.998050 0.030584 0.054419 -0.000000 -0.034107 0.997300 0.065038 7.463500 -0.052283 -0.066767 0.996398 -1.336300 0.000000 0.000000 0.000000 1.000000
0.998204 0.027365 0.053287 0.000000 -0.030763 0.997474 0.064031 7.463500 -0.051401 -0.065555 0.996524 -1.336300 0.000000 0.000000 0.000000 1.000000
0.998262 0.024126 0.053762 -0.000000 -0.027503 0.997635 0.062994 7.463500 -0.052115 -0.064364 0.996565 -1.336300 0.000000 0.000000 0.000000 1.000000
0.998202 0.021790 0.055836 -0.000000 -0.025245 0.997761 0.061940 7.463500 -0.054361 -0.063239 0.996517 -1.336300 0.000000 0.000000 0.000000 1.000000
0.998079 0.021028 0.058279 0.000000 -0.024577 0.997843 0.060863 7.463500 -0.056874 -0.062179 0.996443 -1.336300 0.000000 0.000000 0.000000 1.000000
0.998042 0.021670 0.058668 0.000000 -0.025183 0.997892 0.059813 7.463500 -0.057249 -0.061174 0.996484 -1.336300 0.000000 0.000000 0.000000 1.000000
0.998277 0.022742 0.054096 0.000000 -0.025931 0.997922 0.058992 7.463500 -0.052642 -0.060293 0.996792 -1.336300 0.000000 0.000000 0.000000 1.000000
0.998832 0.023215 0.042377 -0.000000 -0.025690 0.997938 0.058817 7.463500 -0.040924 -0.059837 0.997369 -1.336300 0.000000 0.000000 0.000000 1.000000
0.999466 0.023106 0.023111 0.000000 -0.024457 0.997901 0.059962 7.463500 -0.021677 -0.060495 0.997933 -1.336300 0.000000 0.000000 0.000000 1.000000
0.999712 0.023918 -0.001775 0.000000 -0.023758 0.997719 0.063185 7.463500 0.003282 -0.063124 0.998000 -1.336300 0.000000 0.000000 0.000000 1.000000
0.999218 0.027734 -0.028180 0.000000 -0.025736 0.997286 0.068977 7.463500 0.030016 -0.068198 0.997220 -1.336300 0.000000 0.000000 0.000000 1.000000
0.998055 0.035786 -0.051035 0.000000 -0.031777 0.996500 0.077320 7.463500 0.053624 -0.075548 0.995699 -1.336300 0.000000 0.000000 0.000000 1.000000
0.996704 0.047126 -0.066037 0.000000 -0.041240 0.995282 0.087819 7.463500 0.069864 -0.084807 0.993945 -1.336300 0.000000 0.000000 0.000000 1.000000
0.995644 0.059745 -0.071578 0.000000 -0.052443 0.993617 0.099872 7.463500 0.077088 -0.095683 0.992422 -1.336300 0.000000 0.000000 0.000000 1.000000
0.995062 0.071239 -0.069115 0.000000 -0.063154 0.991604 0.112843 7.463500 0.076574 -0.107921 0.991206 -1.336300 0.000000 0.000000 0.000000 1.000000
0.994770 0.080644 -0.062680 -0.000000 -0.072263 0.989385 0.126081 7.463500 0.072182 -0.120892 0.990038 -1.336300 0.000000 0.000000 0.000000 1.000000
0.994624 0.087072 -0.056050 -0.000000 -0.078614 0.987224 0.138593 7.463500 0.067401 -0.133442 0.988762 -1.336300 0.000000 0.000000 0.000000 1.000000
0.994616 0.089847 -0.051638 0.000000 -0.081254 0.985417 0.149503 7.463500 0.064318 -0.144502 0.987412 -1.336300 0.000000 0.000000 0.000000 1.000000
0.994821 0.088429 -0.050112 0.000000 -0.079507 0.984178 0.158342 7.463500 0.063321 -0.153538 0.986112 -1.336300 0.000000 0.000000 0.000000 1.000000
0.995236 0.083212 -0.050806 -0.000000 -0.073795 0.983491 0.165224 7.463500 0.063715 -0.160688 0.984947 -1.336300 0.000000 0.000000 0.000000 1.000000
0.995788 0.075128 -0.052554 -0.000000 -0.065165 0.983162 0.170723 7.463500 0.064495 -0.166580 0.983917 -1.336300 0.000000 0.000000 0.000000 1.000000
0.996360 0.065649 -0.054383 0.000000 -0.055176 0.982908 0.175633 7.463500 0.064984 -0.171993 0.982952 -1.336300 0.000000 0.000000 0.000000 1.000000
0.996853 0.056323 -0.055775 0.000000 -0.045414 0.982525 0.180506 7.463500 0.064967 -0.177405 0.981991 -1.336300 0.000000 0.000000 0.000000 1.000000
0.997301 0.047556 -0.055946 -0.000000 -0.036444 0.982041 0.185117 7.463500 0.063744 -0.182578 0.981123 -1.336300 0.000000 0.000000 0.000000 1.000000
0.997660 0.040601 -0.055002 0.000000 -0.029544 0.981591 0.188697 7.463500 0.061651 -0.186630 0.980494 -1.336300 0.000000 0.000000 0.000000 1.000000
0.997900 0.035921 -0.053899 0.000000 -0.025011 0.981287 0.190918 7.463500 0.059748 -0.189169 0.980125 -1.336300 0.000000 0.000000 0.000000 1.000000
0.998042 0.033953 -0.052538 -0.000000 -0.023286 0.981170 0.191739 7.463500 0.058059 -0.190140 0.980039 -1.336300 0.000000 0.000000 0.000000 1.000000
0.998152 0.032970 -0.051043 0.000000 -0.022623 0.981250 0.191408 7.463500 0.056397 -0.189900 0.980182 -1.336300 0.000000 0.000000 0.000000 1.000000
0.998266 0.031980 -0.049412 -0.000000 -0.022016 0.981455 0.190424 7.463500 0.054585 -0.189006 0.980458 -1.336300 0.000000 0.000000 0.000000 1.000000
0.998393 0.030763 -0.047600 0.000000 -0.021224 0.981695 0.189273 7.463500 0.052552 -0.187958 0.980770 -1.336300 0.000000 0.000000 0.000000 1.000000
0.998526 0.029334 -0.045675 0.000000 -0.020237 0.981919 0.188218 7.463500 0.050370 -0.187016 0.981065 -1.336300 0.000000 0.000000 0.000000 1.000000
0.998652 0.027894 -0.043773 0.000000 -0.019223 0.982117 0.187286 7.463500 0.048214 -0.186192 0.981330 -1.336300 0.000000 0.000000 0.000000 1.000000
0.998758 0.026616 -0.042110 0.000000 -0.018325 0.982331 0.186254 7.463500 0.046323 -0.185251 0.981599 -1.336300 0.000000 0.000000 0.000000 1.000000</float_array><technique_common><accessor source="#mixamorig_Spine-Matrix-animation-output-transform-array" count="78" stride="16"><param type="float4x4"/></accessor></technique_common></source><source id="mixamorig_Spine-Interpolations"><Name_array id="mixamorig_Spine-Interpolations-array" count="78">
 LINEAR LINEAR LINEAR LINEAR LINEAR LINEAR LINEAR LINEAR LINEAR LINEAR LINEAR
LINEAR LINEAR LINEAR LINEAR LINEAR LINEAR LINEAR LINEAR LINEAR LINEAR LINEAR LINEAR
LINEAR LINEAR LINEAR LINEAR LINEAR LINEAR LINEAR LINEAR LINEAR LINEAR LINEAR LINEAR
LINEAR LINEAR LINEAR LINEAR LINEAR LINEAR LINEAR LINEAR LINEAR LINEAR LINEAR LINEAR
LINEAR LINEAR LINEAR LINEAR LINEAR LINEAR LINEAR LINEAR LINEAR LINEAR LINEAR LINEAR
LINEAR LINEAR LINEAR LINEAR LINEAR LINEAR LINEAR LINEAR LINEAR LINEAR LINEAR LINEAR
LINEAR LINEAR LINEAR LINEAR LINEAR LINEAR LINEAR</Name_array><technique_common><accessor source="#mixamorig_Spine-Interpolations-array" count="78"><param type="name"/></accessor></technique_common></source><sampler id="mixamorig_Spine-Matrix-animation-transform"><input semantic="INPUT" source="#mixamorig_Spine-Matrix-animation-input"/><input semantic="OUTPUT" source="#mixamorig_Spine-Matrix-animation-output-transform"/><input semantic="INTERPOLATION" source="#mixamorig_Spine-Interpolations"/></sampler><channel source="#mixamorig_Spine-Matrix-animation-transform" target="mixamorig_Spine/matrix"/></animation>
    <animation id="mixamorig_Spine1-anim" name="mixamorig_Spine1"><source id="mixamorig_Spine1-Matrix-animation-input"><float_array id="mixamorig_Spine1-Matrix-animation-input-array" count="78">

0.000000 0.033333 0.066667 0.100000 0.133333 0.166667 0.200000 0.233333 0.266667 0.300000 0.333333 0.366667 0.400000 0.433333 0.466667 0.500000
0.533333 0.566667 0.600000 0.633333 0.666667 0.700000 0.733333 0.766667 0.800000 0.833333 0.866667 0.900000 0.933333 0.966667 1.000000 1.033333
1.066667 1.100000 1.133333 1.166667 1.200000 1.233333 1.266667 1.300000 1.333333 1.366667 1.400000 1.433333 1.466667 1.500000 1.533333 1.566667
1.600000 1.633333 1.666667 1.700000 1.733333 1.766667 1.800000 1.833333 1.866667 1.900000 1.933333 1.966667 2.000000 2.033333 2.066667 2.100000
2.133333 2.166667 2.200000 2.233333 2.266667 2.300000 2.333333 2.366667 2.400000 2.433333 2.466667 2.500000 2.533333 2.566667</float_array><technique_common><accessor source="#mixamorig_Spine1-Matrix-animation-input-array" count="78"><param name="TIME" type="float"/></accessor></technique_common></source><source id="mixamorig_Spine1-Matrix-animation-output-transform"><float_array id="mixamorig_Spine1-Matrix-animation-output-transform-array" count="1248">

0.995781 0.015624 -0.090423 0.000000 -0.014095 0.999747 0.017523 8.845900 0.090674 -0.016174 0.995749 0.000000 0.000000 0.000000 0.000000 1.000000
0.996067 0.013714 -0.087532 -0.000000 -0.012398 0.999802 0.015551 8.845900 0.087728 -0.014405 0.996040 0.000000 0.000000 0.000000 0.000000 1.000000
0.996283 0.012147 -0.085282 0.000000 -0.011016 0.999845 0.013715 8.845900 0.085435 -0.012724 0.996262 0.000000 0.000000 0.000000 0.000000 1.000000
0.996413 0.010898 -0.083917 0.000000 -0.009929 0.999879 0.011945 8.845900 0.084037 -0.011069 0.996401 -0.000000 0.000000 0.000000 0.000000 1.000000
0.996453 0.009992 -0.083561 0.000000 -0.009207 0.999910 0.009772 8.845900 0.083652 -0.008968 0.996455 0.000000 0.000000 0.000000 0.000000 1.000000
0.996370 0.009401 -0.084603 0.000000 -0.008902 0.999941 0.006272 8.845900 0.084657 -0.005496 0.996395 0.000000 0.000000 0.000000 0.000000 1.000000
0.996133 0.009148 -0.087375 0.000000 -0.009171 0.999958 0.000146 8.845900 0.087373 0.000656 0.996175 0.000000 0.000000 0.000000 0.000000 1.000000
0.995703 0.009005 -0.092170 0.000000 -0.009970 0.999900 -0.010017 8.845900 0.092070 0.010893 0.995693 -0.000000 0.000000 0.000000 0.000000 1.000000
0.995045 0.008271 -0.099083 0.000000 -0.010832 0.999620 -0.025335 8.845900 0.098836 0.026283 0.994757 -0.000000 0.000000 0.000000 0.000000 1.000000
0.994185 0.005726 -0.107530 0.000000 -0.010767 0.998867 -0.046357 8.845900 0.107143 0.047245 0.993121 -0.000000 0.000000 0.000000 0.000000 1.000000
0.993318 0.000027 -0.115410 0.000000 -0.008508 0.997296 -0.073000 8.845900 0.115096 0.073494 0.990632 0.000000 0.000000 0.000000 0.000000 1.000000
0.992953 -0.007538 -0.118268 -0.000000 -0.004100 0.995193 -0.097851 8.845900 0.118437 0.097647 0.988149 0.000000 0.000000 0.000000 0.000000 1.000000
0.993715 -0.017035 -0.110632 0.000000 0.003218 0.992291 -0.123889 8.845900 0.111889 0.122755 0.986110 0.000000 0.000000 0.000000 0.000000 1.000000
0.995775 -0.026228 -0.088002 -0.000000 0.012836 0.988691 -0.149420 8.845900 0.090926 0.147659 0.984850 0.000000 0.000000 0.000000 0.000000 1.000000
0.998272 -0.032912 -0.048683 0.000000 0.024060 0.984739 -0.172368 8.845900 0.053613 0.170898 0.983829 0.000000 0.000000 0.000000 0.000000 1.000000
0.999339 -0.036075 0.004484 0.000000 0.036269 0.981036 -0.190403 8.845900 0.002470 0.190440 0.981696 0.000000 0.000000 0.000000 0.000000 1.000000
0.997278 -0.036373 0.064130 0.000000 0.048646 0.978248 -0.201653 8.845900 -0.055400 0.204223 0.977355 0.000000 0.000000 0.000000 0.000000 1.000000
0.992052 -0.035565 0.120697 0.000000 0.060042 0.976774 -0.205686 8.845900 -0.110578 0.211298 0.971147 0.000000 0.000000 0.000000 0.000000 1.000000
0.985468 -0.035284 0.166157 0.000000 0.069322 0.976561 -0.203771 8.845900 -0.155073 0.212328 0.964816 0.000000 0.000000 0.000000 0.000000 1.000000
0.979729 -0.036242 0.197023 0.000000 0.075959 0.977264 -0.197954 8.845900 -0.185369 0.208907 0.960206 0.000000 0.000000 0.000000 0.000000 1.000000
0.975869 -0.038184 0.214994 0.000000 0.080181 0.978472 -0.190165 8.845900 -0.203105 0.202814 0.957922 0.000000 0.000000 0.000000 0.000000 1.000000
0.973490 -0.040527 0.225110 0.000000 0.082776 0.979891 -0.181554 8.845900 -0.213225 0.195375 0.957269 0.000000 0.000000 0.000000 0.000000 1.000000
0.971610 -0.042901 0.232666 -0.000000 0.084619 0.981383 -0.172413 8.845900 -0.220938 0.187206 0.957152 0.000000 0.000000 0.000000 0.000000 1.000000
0.969550 -0.045234 0.240681 0.000000 0.086273 0.982878 -0.162815 8.845900 -0.229195 0.178621 0.956851 0.000000 0.000000 0.000000 0.000000 1.000000
0.967306 -0.047549 0.249113 0.000000 0.087814 0.984300 -0.153107 8.845900 -0.237922 0.169978 0.956295 0.000000 0.000000 0.000000 0.000000 1.000000
0.965426 -0.049624 0.255909 -0.000000 0.088873 0.985555 -0.144166 8.845900 -0.245058 0.161925 0.955891 0.000000 0.000000 0.000000 0.000000 1.000000
0.964593 -0.050876 0.258791 0.000000 0.088835 0.986556 -0.137167 8.845900 -0.248334 0.155300 0.956144 0.000000 0.000000 0.000000 0.000000 1.000000
0.965187 -0.050598 0.256621 0.000000 0.087113 0.987283 -0.132980 8.845900 -0.246629 0.150706 0.957320 0.000000 0.000000 0.000000 0.000000 1.000000
0.967086 -0.048373 0.249809 0.000000 0.083408 0.987785 -0.131621 8.845900 -0.240391 0.148125 0.959308 0.000000 0.000000 0.000000 0.000000 1.000000
0.969768 -0.044414 0.239955 -0.000000 0.077966 0.988153 -0.132196 8.845900 -0.231241 0.146908 0.961741 0.000000 0.000000 0.000000 0.000000 1.000000
0.972583 -0.039522 0.229175 0.000000 0.071599 0.988474 -0.133391 8.845900 -0.221262 0.146143 0.964202 0.000000 0.000000 0.000000 0.000000 1.000000
0.975012 -0.034653 0.219435 0.000000 0.065341 0.988801 -0.134178 8.845900 -0.212328 0.145163 0.966356 0.000000 0.000000 0.000000 0.000000 1.000000
0.976794 -0.030417 0.212010 0.000000 0.059941 0.989132 -0.134254 8.845900 -0.205623 0.143846 0.968002 0.000000 0.000000 0.000000 0.000000 1.000000
0.977931 -0.026868 0.207195 -0.000000 0.055572 0.989424 -0.133987 8.845900 -0.201403 0.142545 0.969081 0.000000 0.000000 0.000000 0.000000 1.000000
0.978605 -0.023672 0.204382 -0.000000 0.051929 0.989617 -0.134022 8.845900 -0.199087 0.141768 0.969673 0.000000 0.000000 0.000000 0.000000 1.000000
0.979064 -0.020487 0.202521 0.000000 0.048604 0.989673 -0.134854 8.845900 -0.197667 0.141874 0.969948 -0.000000 0.000000 0.000000 0.000000 1.000000
0.979495 -0.017275 0.200729 0.000000 0.045446 0.989583 -0.136602 8.845900 -0.196278 0.142923 0.970076 0.000000 0.000000 0.000000 0.000000 1.000000
0.979956 -0.014394 0.198695 -0.000000 0.042730 0.989360 -0.139072 8.845900 -0.194579 0.144775 0.970144 -0.000000 0.000000 0.000000 0.000000 1.000000
0.980390 -0.012389 0.196678 -0.000000 0.040952 0.989043 -0.141835 8.845900 -0.192766 0.147108 0.970155 0.000000 0.000000 0.000000 0.000000 1.000000
0.980712 -0.011734 0.195105 -0.000000 0.040576 0.988673 -0.144499 8.845900 -0.191200 0.149629 0.970079 0.000000 0.000000 0.000000 0.000000 1.000000
0.980903 -0.012569 0.194093 -0.000000 0.041712 0.988285 -0.146806 8.845900 -0.189974 0.152098 0.969936 0.000000 0.000000 0.000000 0.000000 1.000000
0.981049 -0.014674 0.193205 -0.000000 0.044060 0.987901 -0.148694 8.845900 -0.188685 0.154389 0.969826 0.000000 0.000000 0.000000 0.000000 1.000000
0.981310 -0.017659 0.191621 0.000000 0.047117 0.987519 -0.150286 8.845900 -0.186576 0.156506 0.969895 0.000000 0.000000 0.000000 0.000000 1.000000
0.981813 -0.021221 0.188660 0.000000 0.050509 0.987116 -0.151823 8.845900 -0.183007 0.158590 0.970236 0.000000 0.000000 0.000000 0.000000 1.000000
0.982532 -0.025226 0.184378 0.000000 0.054151 0.986652 -0.153574 8.845900 -0.178043 0.160876 0.970783 0.000000 0.000000 0.000000 0.000000 1.000000
0.983249 -0.029483 0.179867 -0.000000 0.058060 0.986089 -0.155751 8.845900 -0.172773 0.163585 0.971282 0.000000 0.000000 0.000000 0.000000 1.000000
0.983660 -0.033384 0.176914 -0.000000 0.061938 0.985426 -0.158429 8.845900 -0.169047 0.166798 0.971392 0.000000 0.000000 0.000000 0.000000 1.000000
0.983565 -0.035785 0.176975 0.000000 0.064897 0.984728 -0.161555 8.845900 -0.168490 0.170385 0.970866 -0.000000 0.000000 0.000000 0.000000 1.000000
0.983053 -0.035476 0.179856 0.000000 0.065708 0.984097 -0.165033 8.845900 -0.171141 0.174054 0.969750 -0.000000 0.000000 0.000000 0.000000 1.000000
0.982621 -0.032123 0.182822 0.000000 0.063563 0.983597 -0.168810 8.845900 -0.174400 0.177497 0.968545 -0.000000 0.000000 0.000000 0.000000 1.000000
0.983153 -0.026978 0.180783 -0.000000 0.058766 0.983191 -0.172866 8.845900 -0.173081 0.180577 0.968212 0.000000 0.000000 0.000000 0.000000 1.000000
0.985571 -0.022511 0.167761 0.000000 0.052585 0.982795 -0.177057 8.845900 -0.160889 0.183324 0.969797 -0.000000 0.000000 0.000000 0.000000 1.000000
0.990048 -0.020761 0.139190 0.000000 0.046025 0.982436 -0.180837 8.845900 -0.132991 0.185443 0.973614 -0.000000 0.000000 0.000000 0.000000 1.000000
0.995314 -0.021603 0.094250 0.000000 0.038647 0.982361 -0.182958 8.845900 -0.088635 0.185743 0.978592 0.000000 0.000000 0.000000 0.000000 1.000000
0.999058 -0.022197 0.037300 0.000000 0.028620 0.982949 -0.181636 8.845900 -0.032632 0.182532 0.982658 0.000000 0.000000 0.000000 0.000000 1.000000
0.999574 -0.018439 -0.022611 0.000000 0.014193 0.984405 -0.175344 8.845900 0.025492 0.174948 0.984248 -0.000000 0.000000 0.000000 0.000000 1.000000
0.997184 -0.007616 -0.074606 0.000000 -0.004708 0.986510 -0.163636 8.845900 0.074846 0.163526 0.983696 0.000000 0.000000 0.000000 0.000000 1.000000
0.993861 0.009789 -0.110204 -0.000000 -0.026054 0.988773 -0.147135 8.845900 0.107526 0.149103 0.982958 0.000000 0.000000 0.000000 0.000000 1.000000
0.991483 0.030728 -0.126558 0.000000 -0.046915 0.990795 -0.126982 8.845900 0.121491 0.131838 0.983798 0.000000 0.000000 0.000000 0.000000 1.000000
0.990567 0.051519 -0.126977 0.000000 -0.064988 0.992418 -0.104324 8.845900 0.120639 0.111591 0.986404 0.000000 0.000000 0.000000 0.000000 1.000000
0.990515 0.069175 -0.118720 -0.000000 -0.079053 0.993606 -0.080613 8.845900 0.112385 0.089234 0.989650 -0.000000 0.000000 0.000000 0.000000 1.000000
0.990608 0.082076 -0.109358 0.000000 -0.088778 0.994368 -0.057890 8.845900 0.103991 0.067055 0.992315 0.000000 0.000000 0.000000 0.000000 1.000000
0.990545 0.089785 -0.103731 -0.000000 -0.094164 0.994827 -0.038109 8.845900 0.099773 0.047517 0.993875 0.000000 0.000000 0.000000 0.000000 1.000000
0.990382 0.092345 -0.103029 0.000000 -0.095126 0.995213 -0.022402 8.845900 0.100467 0.031987 0.994426 0.000000 0.000000 0.000000 0.000000 1.000000
0.990304 0.089947 -0.105869 -0.000000 -0.091580 0.995741 -0.010651 8.845900 0.104460 0.020243 0.994323 0.000000 0.000000 0.000000 0.000000 1.000000
