<?xml version="1.0" encoding="utf-8"?>
<COLLADA xmlns="http://www.collada.org/2005/11/COLLADASchema" version="1.4.1">
  <asset><contributor><author>Mixamo</author><authoring_tool>COLLADA Mixamo exporter</authoring_tool><comments></comments></contributor><created>2020-12-04T01:58:51Z</created><modified>2020-12-04T01:58:51Z</modified><revision></revision><title></title><unit meter="0.010000"/><up_axis>Y_UP</up_axis></asset>
  <library_animations>
    <animation id="mixamorig_Hips-anim" name="mixamorig_Hips"><source id="mixamorig_Hips-Matrix-animation-input"><float_array id="mixamorig_Hips-Matrix-animation-input-array" count="108">

0.000000 0.033333 0.066667 0.100000 0.133333 0.166667 0.200000 0.233333 0.266667 0.300000 0.333333 0.366667 0.400000 0.433333 0.466667 0.500000
0.533333 0.566667 0.600000 0.633333 0.666667 0.700000 0.733333 0.766667 0.800000 0.833333 0.866667 0.900000 0.933333 0.966667 1.000000 1.033333
1.066667 1.100000 1.133333 1.166667 1.200000 1.233333 1.266667 1.300000 1.333333 1.366667 1.400000 1.433333 1.466667 1.500000 1.533333 1.566667
1.600000 1.633333 1.666667 1.700000 1.733333 1.766667 1.800000 1.833333 1.866667 1.900000 1.933333 1.966667 2.000000 2.033333 2.066667 2.100000
2.133333 2.166667 2.200000 2.233333 2.266667 2.300000 2.333333 2.366667 2.400000 2.433333 2.466667 2.500000 2.533333 2.566667 2.600000 2.633333
2.666667 2.700000 2.733333 2.766667 2.800000 2.833333 2.866667 2.900000 2.933333 2.966667 3.000000 3.033333 3.066667 3.100000 3.133333 3.166667
3.200000 3.233333 3.266667 3.300000 3.333333 3.366667 3.400000 3.433333 3.466667 3.500000 3.533333 3.566667</float_array><technique_common><accessor source="#mixamorig_Hips-Matrix-animation-input-array" count="108"><param name="TIME" type="float"/></accessor></technique_common></source><source id="mixamorig_Hips-Matrix-animation-output-transform"><float_array id="mixamorig_Hips-Matrix-animation-output-transform-array" count="1728">

0.992562 0.007249 -0.121528 1.310153 0.023253 0.968560 0.247690 132.449677 0.119503 -0.248673 0.961187 -0.971844 0.000000 0.000000 0.000000 1.000000
0.992627 0.007195 -0.120992 1.236672 0.023155 0.968595 0.247564 132.557159 0.118974 -0.248540 0.961287 -0.957658 0.000000 0.000000 0.000000 1.000000
0.992820 0.006887 -0.119423 1.173958 0.022939 0.968851 0.246579 132.681320 0.117401 -0.247548 0.961736 -0.925170 0.000000 0.000000 0.000000 1.000000
0.993134 0.006604 -0.116798 1.118688 0.022337 0.969333 0.244733 132.795670 0.114832 -0.245662 0.962530 -0.877322 0.000000 0.000000 0.000000 1.000000
0.993577 0.006433 -0.112977 1.072091 0.021279 0.969951 0.242369 132.881821 0.111142 -0.243216 0.963584 -0.812200 0.000000 0.000000 0.000000 1.000000
0.994143 0.006516 -0.107879 1.034191 0.019675 0.970588 0.239940 132.919006 0.106269 -0.240657 0.964775 -0.729689 0.000000 0.000000 0.000000 1.000000
0.994815 0.007015 -0.101458 1.003344 0.017415 0.971133 0.237903 132.891052 0.100198 -0.238436 0.965975 -0.630649 0.000000 0.000000 0.000000 1.000000
0.995568 0.008057 -0.093695 0.976768 0.014404 0.971501 0.236596 132.790634 0.092931 -0.236898 0.967080 -0.517542 0.000000 0.000000 0.000000 1.000000
0.996369 0.009701 -0.084580 0.951472 0.010586 0.971658 0.236155 132.623627 0.084474 -0.236193 0.968028 -0.394233 0.000000 0.000000 0.000000 1.000000
0.997178 0.011885 -0.074123 0.924857 0.005998 0.971618 0.236479 132.409729 0.074830 -0.236257 0.968805 -0.264873 0.000000 0.000000 0.000000 1.000000
0.997948 0.014434 -0.062379 0.895809 0.000783 0.971436 0.237302 132.175293 0.064022 -0.236864 0.969431 -0.136525 0.000000 0.000000 0.000000 1.000000
0.998628 0.017071 -0.049497 0.864840 -0.004789 0.971175 0.238320 131.945984 0.052139 -0.237756 0.969925 -0.021830 0.000000 0.000000 0.000000 1.000000
0.999172 0.019461 -0.035728 0.833302 -0.010351 0.970877 0.239355 131.741455 0.039345 -0.238787 0.970275 0.065694 0.000000 0.000000 0.000000 1.000000
0.999544 0.021287 -0.021401 0.802611 -0.015521 0.970536 0.240455 131.574615 0.025889 -0.240014 0.970424 0.120802 0.000000 0.000000 0.000000 1.000000
0.999726 0.022356 -0.006902 0.773943 -0.020023 0.970093 0.241908 131.451538 0.012104 -0.241703 0.970275 0.145895 0.000000 0.000000 0.000000 1.000000
0.999716 0.022681 0.007368 0.747761 -0.023794 0.969449 0.244135 131.371613 -0.001606 -0.244241 0.969713 0.142638 0.000000 0.000000 0.000000 1.000000
0.999525 0.022504 0.021064 0.723631 -0.027022 0.968507 0.247517 131.325836 -0.014831 -0.247969 0.968654 0.109928 0.000000 0.000000 0.000000 1.000000
0.999175 0.022259 0.033954 0.700668 -0.030117 0.967210 0.252186 131.296143 -0.027227 -0.253001 0.967083 0.048867 0.000000 0.000000 0.000000 1.000000
0.998693 0.022481 0.045901 0.678221 -0.033588 0.965600 0.257854 131.262177 -0.038525 -0.259058 0.965093 -0.034415 0.000000 0.000000 0.000000 1.000000
0.998106 0.023584 0.056825 0.656262 -0.037792 0.963841 0.263784 131.213837 -0.048549 -0.265431 0.962907 -0.130352 0.000000 0.000000 0.000000 1.000000
0.997446 0.025632 0.066670 0.635661 -0.042704 0.962208 0.268946 131.157257 -0.057257 -0.271107 0.960845 -0.229690 0.000000 0.000000 0.000000 1.000000
0.996752 0.028302 0.075400 0.618315 -0.047888 0.961012 0.272328 131.107224 -0.064753 -0.275054 0.959246 -0.323710 0.000000 0.000000 0.000000 1.000000
0.996068 0.031071 0.082959 0.606781 -0.052720 0.960495 0.273258 131.074692 -0.071192 -0.276557 0.958357 -0.401597 0.000000 0.000000 0.000000 1.000000
0.995449 0.033414 0.089245 0.602749 -0.056598 0.960747 0.271591 131.063583 -0.076667 -0.275406 0.958266 -0.451148 0.000000 0.000000 0.000000 1.000000
0.994949 0.034992 0.094088 0.605982 -0.059136 0.961690 0.267686 131.072372 -0.081116 -0.271897 0.958901 -0.463527 0.000000 0.000000 0.000000 1.000000
0.994617 0.035753 0.097256 0.614734 -0.060262 0.963125 0.262220 131.096710 -0.084295 -0.266669 0.960095 -0.439016 0.000000 0.000000 0.000000 1.000000
0.994487 0.035951 0.098504 0.627406 -0.060231 0.964809 0.255959 131.129730 -0.085836 -0.260481 0.961656 -0.386979 0.000000 0.000000 0.000000 1.000000
0.994566 0.036023 0.097681 0.644450 -0.059519 0.966526 0.249571 131.153946 -0.085421 -0.254028 0.963417 -0.318106 0.000000 0.000000 0.000000 1.000000
0.994842 0.036350 0.094699 0.666635 -0.058556 0.968122 0.243537 131.168655 -0.082828 -0.247826 0.965257 -0.233533 0.000000 0.000000 0.000000 1.000000
0.995274 0.037002 0.089775 0.694449 -0.057526 0.969524 0.238148 131.172394 -0.078227 -0.242187 0.967071 -0.138621 0.000000 0.000000 0.000000 1.000000
0.995801 0.037678 0.083426 0.726608 -0.056297 0.970707 0.233576 131.164215 -0.072182 -0.237292 0.968753 -0.047876 0.000000 0.000000 0.000000 1.000000
0.996352 0.038130 0.076349 0.759217 -0.054808 0.971650 0.229982 131.146088 -0.065416 -0.233328 0.970195 0.026534 0.000000 0.000000 0.000000 1.000000
0.996862 0.038373 0.069242 0.785724 -0.053236 0.972304 0.227577 131.129578 -0.058592 -0.230548 0.971295 0.083206 0.000000 0.000000 0.000000 1.000000
0.997283 0.038665 0.062701 0.799668 -0.051954 0.972603 0.226593 131.123108 -0.052222 -0.229235 0.971969 0.126599 0.000000 0.000000 0.000000 1.000000
0.997602 0.039214 0.057037 0.797481 -0.051217 0.972499 0.227205 131.134933 -0.046559 -0.229582 0.972175 0.159208 0.000000 0.000000 0.000000 1.000000
0.997835 0.040011 0.052201 0.781209 -0.050977 0.971986 0.229443 131.171570 -0.041558 -0.231607 0.971921 0.177233 0.000000 0.000000 0.000000 1.000000
0.998021 0.040811 0.047837 0.757797 -0.050885 0.971112 0.233134 131.234802 -0.036941 -0.235107 0.971267 0.173428 0.000000 0.000000 0.000000 1.000000
0.998179 0.042051 0.043237 0.738934 -0.051167 0.969937 0.237918 131.291672 -0.031932 -0.239697 0.970322 0.161139 0.000000 0.000000 0.000000 1.000000
0.998385 0.042116 0.038123 0.732124 -0.050147 0.968697 0.243129 131.359451 -0.026690 -0.244648 0.969244 0.112885 0.000000 0.000000 0.000000 1.000000
0.998673 0.040244 0.032151 0.744837 -0.046976 0.967628 0.247969 131.444153 -0.021131 -0.249150 0.968234 0.016599 0.000000 0.000000 0.000000 1.000000
0.999013 0.036790 0.024876 0.781810 -0.041875 0.966907 0.251671 131.531845 -0.014794 -0.252464 0.967493 -0.121462 0.000000 0.000000 0.000000 1.000000
0.999333 0.032864 0.015937 0.843833 -0.035834 0.966616 0.253713 131.601578 -0.007067 -0.254115 0.967148 -0.284519 0.000000 0.000000 0.000000 1.000000
0.999542 0.029813 0.005235 0.928540 -0.030164 0.966732 0.254007 131.636307 0.002512 -0.254048 0.967188 -0.455018 0.000000 0.000000 0.000000 1.000000
0.999593 0.027673 -0.006920 1.027486 -0.025025 0.967171 0.252892 131.658020 0.013691 -0.252616 0.967470 -0.635527 0.000000 0.000000 0.000000 1.000000
0.999476 0.025414 -0.020054 1.127759 -0.019572 0.967794 0.250983 131.709457 0.025787 -0.250459 0.967784 -0.836913 0.000000 0.000000 0.000000 1.000000
0.999148 0.023754 -0.033753 1.225047 -0.014612 0.968404 0.248956 131.772339 0.038600 -0.248251 0.967926 -1.044028 0.000000 0.000000 0.000000 1.000000
0.998633 0.021786 -0.047521 1.310273 -0.009375 0.968918 0.247203 131.865814 0.051430 -0.246420 0.967798 -1.261993 0.000000 0.000000 0.000000 1.000000
0.997942 0.020151 -0.060875 1.382974 -0.004577 0.969299 0.245840 131.959946 0.063960 -0.245056 0.967397 -1.481668 0.000000 0.000000 0.000000 1.000000
0.997125 0.019449 -0.073232 1.443130 -0.000936 0.969584 0.244756 132.028290 0.075765 -0.243984 0.966815 -1.700540 0.000000 0.000000 0.000000 1.000000
0.996270 0.018853 -0.084202 1.481382 0.002248 0.969837 0.243744 132.088058 0.086258 -0.243024 0.966177 -1.920657 0.000000 0.000000 0.000000 1.000000
0.995454 0.018350 -0.093458 1.491801 0.004905 0.970086 0.242713 132.139252 0.095116 -0.242068 0.965586 -2.132472 0.000000 0.000000 0.000000 1.000000
0.994745 0.017879 -0.100807 1.469316 0.007054 0.970324 0.241705 132.187958 0.102137 -0.241146 0.965099 -2.321274 0.000000 0.000000 0.000000 1.000000
0.994193 0.017445 -0.106192 1.413473 0.008696 0.970524 0.240847 132.237076 0.107263 -0.240372 0.964736 -2.471019 0.000000 0.000000 0.000000 1.000000
0.993823 0.017116 -0.109652 1.330304 0.009792 0.970658 0.240266 132.281876 0.110547 -0.239856 0.964494 -2.568578 0.000000 0.000000 0.000000 1.000000
0.993644 0.016902 -0.111296 1.230218 0.010372 0.970714 0.240014 132.321442 0.112094 -0.239642 0.964368 -2.605276 0.000000 0.000000 0.000000 1.000000
0.993652 0.016741 -0.111244 1.125134 0.010520 0.970703 0.240053 132.359787 0.112003 -0.239700 0.964365 -2.578007 0.000000 0.000000 0.000000 1.000000
0.993841 0.016676 -0.109554 1.025776 0.010204 0.970642 0.240310 132.396545 0.110345 -0.239948 0.964494 -2.489205 0.000000 0.000000 0.000000 1.000000
0.994203 0.016876 -0.106183 0.938955 0.009234 0.970552 0.240713 132.422226 0.107118 -0.240298 0.964771 -2.345137 0.000000 0.000000 0.000000 1.000000
0.994732 0.017524 -0.101002 0.865648 0.007395 0.970445 0.241209 132.421494 0.102243 -0.240685 0.965203 -2.154037 0.000000 0.000000 0.000000 1.000000
0.995407 0.018746 -0.093878 0.801294 0.004525 0.970330 0.241743 132.381439 0.095624 -0.241057 0.965789 -1.925412 0.000000 0.000000 0.000000 1.000000
0.996187 0.020582 -0.084777 0.738548 0.000569 0.970220 0.242225 132.296936 0.087238 -0.241350 0.966509 -1.670310 0.000000 0.000000 0.000000 1.000000
0.997005 0.022988 -0.073838 0.671547 -0.004406 0.970133 0.242533 132.169510 0.077208 -0.241482 0.967329 -1.402010 0.000000 0.000000 0.000000 1.000000
0.997779 0.025851 -0.061387 0.598416 -0.010211 0.970084 0.242554 132.006516 0.065821 -0.241389 0.968194 -1.134871 0.000000 0.000000 0.000000 1.000000
0.998431 0.028979 -0.047909 0.520971 -0.016530 0.970069 0.242268 131.820831 0.053495 -0.241096 0.969026 -0.882950 0.000000 0.000000 0.000000 1.000000
0.998907 0.032083 -0.033994 0.442928 -0.022927 0.970051 0.241818 131.630646 0.040734 -0.240774 0.969726 -0.660228 0.000000 0.000000 0.000000 1.000000
0.999186 0.034891 -0.020227 0.368750 -0.028981 0.969960 0.241530 131.453293 0.028046 -0.240747 0.970183 -0.479265 0.000000 0.000000 0.000000 1.000000
0.999283 0.037194 -0.007075 0.303168 -0.034381 0.969707 0.241837 131.301346 0.015855 -0.241421 0.970291 -0.346315 0.000000 0.000000 0.000000 1.000000
0.999232 0.038837 0.005163 0.251299 -0.038927 0.969214 0.243125 131.181900 0.004438 -0.243139 0.969981 -0.261097 0.000000 0.000000 0.000000 1.000000
0.999078 0.039688 0.016355 0.218122 -0.042492 0.968446 0.245576 131.096420 -0.006093 -0.246044 0.969239 -0.221162 0.000000 0.000000 0.000000 1.000000
0.998862 0.039648 0.026516 0.207512 -0.045012 0.967438 0.249074 131.041092 -0.015777 -0.249984 0.968121 -0.223737 0.000000 0.000000 0.000000 1.000000
0.998610 0.038716 0.035761 0.221406 -0.046531 0.966291 0.253214 131.007965 -0.024752 -0.254526 0.966749 -0.264902 0.000000 0.000000 0.000000 1.000000
0.998331 0.037152 0.044225 0.259117 -0.047320 0.965144 0.257404 130.982391 -0.033121 -0.259067 0.965291 -0.339083 0.000000 0.000000 0.000000 1.000000
0.998019 0.035488 0.051958 0.316279 -0.047873 0.964145 0.261021 130.947388 -0.040832 -0.262991 0.963934 -0.438294 0.000000 0.000000 0.000000 1.000000
0.997679 0.034250 0.058846 0.384634 -0.048619 0.963417 0.263559 130.898163 -0.047666 -0.265809 0.962847 -0.554871 0.000000 0.000000 0.000000 1.000000
0.997338 0.033769 0.064634 0.454197 -0.049765 0.963034 0.264745 130.845581 -0.053304 -0.267256 0.962150 -0.685170 0.000000 0.000000 0.000000 1.000000
0.997028 0.034226 0.069017 0.516298 -0.051372 0.962997 0.264573 130.805008 -0.057408 -0.267332 0.961893 -0.827881 0.000000 0.000000 0.000000 1.000000
0.996785 0.035633 0.071765 0.565467 -0.053387 0.963248 0.263255 130.787933 -0.059747 -0.266240 0.962053 -0.979429 0.000000 0.000000 0.000000 1.000000
0.996629 0.037774 0.072824 0.600200 -0.055605 0.963709 0.261098 130.800278 -0.060318 -0.264267 0.962561 -1.131841 0.000000 0.000000 0.000000 1.000000
0.996568 0.040221 0.072343 0.622813 -0.057676 0.964318 0.258387 130.842590 -0.059369 -0.261673 0.963329 -1.272965 0.000000 0.000000 0.000000 1.000000
0.996599 0.042470 0.070612 0.638558 -0.059217 0.965036 0.255342 130.909668 -0.057299 -0.258655 0.964269 -1.388064 0.000000 0.000000 0.000000 1.000000
0.996714 0.044122 0.067923 0.653830 -0.059938 0.965832 0.252144 130.991669 -0.054477 -0.255387 0.965303 -1.463128 0.000000 0.000000 0.000000 1.000000
0.996903 0.044996 0.064498 0.674366 -0.059739 0.966666 0.248973 131.074463 -0.051145 -0.252055 0.966360 -1.490709 0.000000 0.000000 0.000000 1.000000
0.997151 0.045173 0.060412 0.703310 -0.058733 0.967486 0.246012 131.153152 -0.047335 -0.248859 0.967382 -1.468126 0.000000 0.000000 0.000000 1.000000
0.997433 0.044959 0.055733 0.741041 -0.057243 0.968235 0.243401 131.223312 -0.043019 -0.245966 0.968323 -1.397979 0.000000 0.000000 0.000000 1.000000
0.997716 0.044783 0.050572 0.783964 -0.055714 0.968876 0.241197 131.281754 -0.038196 -0.243463 0.969158 -1.282359 0.000000 0.000000 0.000000 1.000000
0.997970 0.044940 0.045115 0.825215 -0.054475 0.969399 0.239369 131.327637 -0.032977 -0.241340 0.969880 -1.128627 0.000000 0.000000 0.000000 1.000000
0.998178 0.045512 0.039605 0.857650 -0.053656 0.969822 0.237835 131.357361 -0.027586 -0.239527 0.970498 -0.952974 0.000000 0.000000 0.000000 1.000000
0.998338 0.046437 0.034144 0.876478 -0.053216 0.970166 0.236528 131.379333 -0.022141 -0.237952 0.971025 -0.768415 0.000000 0.000000 0.000000 1.000000
0.998455 0.047562 0.028738 0.881554 -0.053004 0.970443 0.235439 131.406128 -0.016690 -0.236598 0.971464 -0.587727 0.000000 0.000000 0.000000 1.000000
0.998544 0.048666 0.023288 0.877455 -0.052779 0.970646 0.234649 131.444839 -0.011185 -0.235536 0.971801 -0.422411 0.000000 0.000000 0.000000 1.000000
0.998621 0.049453 0.017610 0.872713 -0.052206 0.970754 0.234331 131.498657 -0.005507 -0.234928 0.971997 -0.283591 0.000000 0.000000 0.000000 1.000000
0.998697 0.049743 0.011441 0.877270 -0.051039 0.970722 0.234719 131.558609 0.000570 -0.234997 0.971996 -0.175213 0.000000 0.000000 0.000000 1.000000
0.998765 0.049476 0.004517 0.898868 -0.049143 0.970506 0.236014 131.610840 0.007294 -0.235944 0.971739 -0.096327 0.000000 0.000000 0.000000 1.000000
0.998807 0.048713 -0.003377 0.941732 -0.046507 0.970082 0.238283 131.645996 0.014883 -0.237842 0.971190 -0.046877 0.000000 0.000000 0.000000 1.000000
0.998744 0.048510 -0.012502 1.008732 -0.044063 0.969421 0.241417 131.635529 0.023831 -0.240563 0.970341 -0.011354 0.000000 0.000000 0.000000 1.000000
0.998635 0.047092 -0.022578 1.092601 -0.040141 0.968694 0.244992 131.637634 0.033409 -0.243751 0.969262 -0.025666 0.000000 0.000000 0.000000 1.000000
0.998430 0.044847 -0.033572 1.186694 -0.035122 0.967987 0.248529 131.656708 0.043643 -0.246960 0.968042 -0.086223 0.000000 0.000000 0.000000 1.000000
0.998066 0.042464 -0.045407 1.284430 -0.029714 0.967387 0.251555 131.681519 0.054608 -0.249719 0.966777 -0.182893 0.000000 0.000000 0.000000 1.000000
0.997524 0.040079 -0.057782 1.378865 -0.024157 0.966985 0.253685 131.713394 0.066041 -0.251661 0.965560 -0.313455 0.000000 0.000000 0.000000 1.000000
0.996831 0.037375 -0.070215 1.462397 -0.018310 0.966846 0.254703 131.763657 0.077407 -0.252611 0.964467 -0.476191 0.000000 0.000000 0.000000 1.000000
0.996033 0.034187 -0.082152 1.528265 -0.012191 0.966972 0.254591 131.837784 0.088142 -0.252580 0.963553 -0.659105 0.000000 0.000000 0.000000 1.000000
0.995166 0.031644 -0.092964 1.577748 -0.007074 0.967302 0.253529 131.900253 0.097947 -0.251646 0.962850 -0.833492 0.000000 0.000000 0.000000 1.000000
0.994343 0.029086 -0.102153 1.604921 -0.002442 0.967781 0.251780 131.964691 0.106185 -0.250106 0.962378 -0.987418 0.000000 0.000000 0.000000 1.000000
0.993649 0.025970 -0.109485 1.605055 0.002207 0.968316 0.249718 132.043488 0.112501 -0.248374 0.962109 -1.105381 0.000000 0.000000 0.000000 1.000000
0.993124 0.022466 -0.114890 1.578751 0.006753 0.968786 0.247808 132.133026 0.116871 -0.246880 0.961973 -1.172329 0.000000 0.000000 0.000000 1.000000
0.992781 0.018451 -0.118510 1.526065 0.011414 0.969075 0.246501 132.241028 0.119393 -0.246075 0.961869 -1.182767 0.000000 0.000000 0.000000 1.000000
0.992604 0.014235 -0.120558 1.452553 0.015999 0.969099 0.246151 132.357407 0.120336 -0.246259 0.961704 -1.140465 0.000000 0.000000 0.000000 1.000000
0.992566 0.010174 -0.121285 1.365531 0.020240 0.968827 0.246910 132.467514 0.120017 -0.247529 0.961418 -1.058203 0.000000 0.000000 0.000000 1.000000</float_array><technique_common><accessor source="#mixamorig_Hips-Matrix-animation-output-transform-array" count="108" stride="16"><param type="float4x4"/></accessor></technique_common></source><source id="mixamorig_Hips-Interpolations"><Name_array id="mixamorig_Hips-Interpolations-array" count="108">
 LINEAR LINEAR LINEAR LINEAR LINEAR LINEAR LINEAR LINEAR LINEAR LINEAR LINEAR
LINEAR LINEAR LINEAR LINEAR LINEAR LINEAR LINEAR LINEAR LINEAR LINEAR LINEAR LINEAR
LINEAR LINEAR LINEAR LINEAR LINEAR LINEAR LINEAR LINEAR LINEAR LINEAR LINEAR LINEAR
LINEAR LINEAR LINEAR LINEAR LINEAR LINEAR LINEAR LINEAR LINEAR LINEAR LINEAR LINEAR
LINEAR LINEAR LINEAR LINEAR LINEAR LINEAR LINEAR LINEAR LINEAR LINEAR LINEAR LINEAR
LINEAR LINEAR LINEAR LINEAR LINEAR LINEAR LINEAR LINEAR LINEAR LINEAR LINEAR LINEAR
LINEAR LINEAR LINEAR LINEAR LINEAR LINEAR LINEAR LINEAR LINEAR LINEAR LINEAR LINEAR
LINEAR LINEAR LINEAR LINEAR LINEAR LINEAR LINEAR LINEAR LINEAR LINEAR LINEAR LINEAR
LINEAR LINEAR LINEAR LINEAR LINEAR LINEAR LINEAR LINEAR LINEAR LINEAR LINEAR LINEAR
LINEAR</Name_array><technique_common><accessor source="#mixamorig_Hips-Interpolations-array" count="108"><param type="name"/></accessor></technique_common></source><sampler id="mixamorig_Hips-Matrix-animation-transform"><input semantic="INPUT" source="#mixamorig_Hips-Matrix-animation-input"/><input semantic="OUTPUT" source="#mixamorig_Hips-Matrix-animation-output-transform"/><input semantic="INTERPOLATION" source="#mixamorig_Hips-Interpolations"/></sampler><channel source="#mixamorig_Hips-Matrix-animation-transform" target="mixamorig_Hips/matrix"/></animation>
    <animation id="mixamorig_Spine-anim" name="mixamorig_Spine"><source id="mixamorig_Spine-Matrix-animation-input"><float_array id="mixamorig_Spine-Matrix-animation-input-array" count="108">

0.000000 0.033333 0.066667 0.100000 0.133333 0.166667 0.200000 0.233333 0.266667 0.300000 0.333333 0.366667 0.400000 0.433333 0.466667 0.500000
0.533333 0.566667 0.600000 0.633333 0.666667 0.700000 0.733333 0.766667 0.800000 0.833333 0.866667 0.900000 0.933333 0.966667 1.000000 1.033333
1.066667 1.100000 1.133333 1.166667 1.200000 1.233333 1.266667 1.300000 1.333333 1.366667 1.400000 1.433333 1.466667 1.500000 1.533333 1.566667
1.600000 1.633333 1.666667 1.700000 1.733333 1.766667 1.800000 1.833333 1.866667 1.900000 1.933333 1.966667 2.000000 2.033333 2.066667 2.100000
2.133333 2.166667 2.200000 2.233333 2.266667 2.300000 2.333333 2.366667 2.400000 2.433333 2.466667 2.500000 2.533333 2.566667 2.600000 2.633333
2.666667 2.700000 2.733333 2.766667 2.800000 2.833333 2.866667 2.900000 2.933333 2.966667 3.000000 3.033333 3.066667 3.100000 3.133333 3.166667
3.200000 3.233333 3.266667 3.300000 3.333333 3.366667 3.400000 3.433333 3.466667 3.500000 3.533333 3.566667</float_array><technique_common><accessor source="#mixamorig_Spine-Matrix-animation-input-array" count="108"><param name="TIME" type="float"/></accessor></technique_common></source><source id="mixamorig_Spine-Matrix-animation-output-transform"><float_array id="mixamorig_Spine-Matrix-animation-output-transform-array" count="1728">

0.989613 0.001193 -0.143755 -0.000000 -0.057455 0.919915 -0.387886 7.463500 0.131780 0.392116 0.910428 -1.336300 0.000000 0.000000 0.000000 1.000000
0.989100 0.000851 -0.147246 0.000000 -0.059063 0.918305 -0.391442 7.463500 0.134884 0.395872 0.908346 -1.336300 0.000000 0.000000 0.000000 1.000000
0.988878 0.000105 -0.148726 0.000000 -0.058822 0.918740 -0.390458 7.463500 0.136600 0.394864 0.908528 -1.336300 0.000000 0.000000 0.000000 1.000000
0.988975 -0.000710 -0.148081 0.000000 -0.056974 0.921189 -0.384923 7.463500 0.136684 0.389115 0.910992 -1.336300 0.000000 0.000000 0.000000 1.000000
0.989338 -0.001609 -0.145629 0.000000 -0.053941 0.924775 -0.376673 7.463500 0.135280 0.380512 0.914828 -1.336300 0.000000 0.000000 0.000000 1.000000
0.989835 -0.003189 -0.142188 0.000000 -0.049840 0.928573 -0.367789 7.463500 0.133205 0.371137 0.918974 -1.336300 0.000000 0.000000 0.000000 1.000000
0.990361 -0.005945 -0.138385 0.000000 -0.044544 0.932339 -0.358832 7.463500 0.131155 0.361537 0.923087 -1.336300 0.000000 0.000000 0.000000 1.000000
0.990913 -0.009160 -0.134195 0.000000 -0.038638 0.936247 -0.349212 7.463500 0.128838 0.351224 0.927385 -1.336300 0.000000 0.000000 0.000000 1.000000
0.991548 -0.011056 -0.129267 -0.000000 -0.033633 0.940396 -0.338413 7.463500 0.125303 0.339901 0.932077 -1.336300 0.000000 0.000000 0.000000 1.000000
0.992284 -0.010551 -0.123539 0.000000 -0.030653 0.944568 -0.326881 7.463500 0.120140 0.328146 0.936956 -1.336300 0.000000 0.000000 0.000000 1.000000
0.993058 -0.008529 -0.117320 -0.000000 -0.029217 0.948228 -0.316243 7.463500 0.113943 0.317475 0.941396 -1.336300 0.000000 0.000000 0.000000 1.000000
0.993810 -0.006751 -0.110885 0.000000 -0.027954 0.950837 -0.308428 7.463500 0.107516 0.309618 0.944763 -1.336300 0.000000 0.000000 0.000000 1.000000
0.994532 -0.005864 -0.104271 -0.000000 -0.026293 0.952202 -0.304334 7.463500 0.101072 0.305411 0.946841 -1.336300 0.000000 0.000000 0.000000 1.000000
0.995218 -0.005192 -0.097542 0.000000 -0.024753 0.952587 -0.303258 7.463500 0.094492 0.304223 0.947903 -1.336300 0.000000 0.000000 0.000000 1.000000
0.995850 -0.004185 -0.090912 0.000000 -0.023732 0.952438 -0.303808 7.463500 0.087859 0.304705 0.948386 -1.336300 0.000000 0.000000 0.000000 1.000000
0.996432 -0.003011 -0.084343 0.000000 -0.023000 0.951849 -0.305702 7.463500 0.081202 0.306552 0.948384 -1.336300 0.000000 0.000000 0.000000 1.000000
0.997002 -0.001790 -0.077353 0.000000 -0.022387 0.950298 -0.310536 7.463500 0.074064 0.311337 0.947409 -1.336300 0.000000 0.000000 0.000000 1.000000
0.997580 -0.000540 -0.069526 0.000000 -0.021806 0.947087 -0.320235 7.463500 0.066020 0.320976 0.944783 -1.336300 0.000000 0.000000 0.000000 1.000000
0.998137 -0.000261 -0.061010 0.000000 -0.020212 0.942107 -0.334703 7.463500 0.057565 0.335312 0.940347 -1.336300 0.000000 0.000000 0.000000 1.000000
0.998628 -0.002990 -0.052279 -0.000000 -0.015578 0.936205 -0.351108 7.463500 0.049994 0.351440 0.934874 -1.336300 0.000000 0.000000 0.000000 1.000000
0.998992 -0.010063 -0.043749 -0.000000 -0.006617 0.930897 -0.365221 7.463500 0.044401 0.365142 0.929892 -1.336300 0.000000 0.000000 0.000000 1.000000
0.999140 -0.020669 -0.035945 0.000000 0.005743 0.927533 -0.373697 7.463500 0.041064 0.373169 0.926854 -1.336300 0.000000 0.000000 0.000000 1.000000
0.999040 -0.032153 -0.029746 0.000000 0.018620 0.926424 -0.376022 7.463500 0.039648 0.375107 0.926133 -1.336300 0.000000 0.000000 0.000000 1.000000
0.998802 -0.041348 -0.026173 0.000000 0.028558 0.926833 -0.374387 7.463500 0.039738 0.373191 0.926903 -1.336300 0.000000 0.000000 0.000000 1.000000
0.998604 -0.046103 -0.025772 -0.000000 0.033268 0.928021 -0.371039 7.463500 0.041023 0.369663 0.928260 -1.336300 0.000000 0.000000 0.000000 1.000000
0.998525 -0.046440 -0.028145 -0.000000 0.032935 0.930002 -0.366075 7.463500 0.043175 0.364608 0.930160 -1.336300 0.000000 0.000000 0.000000 1.000000
0.998499 -0.044371 -0.032110 0.000000 0.029929 0.933010 -0.358605 7.463500 0.045870 0.357106 0.932937 -1.336300 0.000000 0.000000 0.000000 1.000000
0.998450 -0.042093 -0.036422 0.000000 0.026733 0.936548 -0.349519 7.463500 0.048823 0.348003 0.936221 -1.336300 0.000000 0.000000 0.000000 1.000000
0.998383 -0.040093 -0.040301 0.000000 0.023938 0.939523 -0.341648 7.463500 0.051561 0.340131 0.938963 -1.336300 0.000000 0.000000 0.000000 1.000000
0.998352 -0.037257 -0.043650 0.000000 0.020395 0.941295 -0.336970 7.463500 0.053642 0.335524 0.940503 -1.336300 0.000000 0.000000 0.000000 1.000000
0.998378 -0.032663 -0.046625 0.000000 0.015187 0.942154 -0.334835 7.463500 0.054865 0.333584 0.941123 -1.336300 0.000000 0.000000 0.000000 1.000000
0.998407 -0.027187 -0.049447 0.000000 0.009179 0.942854 -0.333080 7.463500 0.055677 0.332095 0.941601 -1.336300 0.000000 0.000000 0.000000 1.000000
0.998350 -0.022992 -0.052622 0.000000 0.004336 0.943912 -0.330168 7.463500 0.057261 0.329395 0.942454 -1.336300 0.000000 0.000000 0.000000 1.000000
0.998156 -0.021754 -0.056671 0.000000 0.002085 0.945317 -0.326146 7.463500 0.060667 0.325427 0.943619 -1.336300 0.000000 0.000000 0.000000 1.000000
0.997859 -0.023139 -0.061173 -0.000000 0.002231 0.946821 -0.321752 7.463500 0.065365 0.320926 0.944846 -1.336300 0.000000 0.000000 0.000000 1.000000
0.997593 -0.025164 -0.064607 -0.000000 0.003381 0.948362 -0.317171 7.463500 0.069253 0.316190 0.946165 -1.336300 0.000000 0.000000 0.000000 1.000000
0.997486 -0.026133 -0.065871 0.000000 0.004261 0.949955 -0.312357 7.463500 0.070737 0.311291 0.947678 -1.336300 0.000000 0.000000 0.000000 1.000000
0.997505 -0.026663 -0.065362 0.000000 0.005213 0.951221 -0.308467 7.463500 0.070398 0.307357 0.948987 -1.336300 0.000000 0.000000 0.000000 1.000000
0.997474 -0.026229 -0.066013 0.000000 0.004660 0.951490 -0.307643 7.463500 0.070880 0.306559 0.949209 -1.336300 0.000000 0.000000 0.000000 1.000000
0.997261 -0.024220 -0.069888 -0.000000 0.001261 0.950300 -0.311334 7.463500 0.073955 0.310393 0.947727 -1.336300 0.000000 0.000000 0.000000 1.000000
0.996818 -0.020760 -0.076961 -0.000000 -0.004825 0.948007 -0.318213 7.463500 0.079566 0.317572 0.944890 -1.336300 0.000000 0.000000 0.000000 1.000000
0.996133 -0.017643 -0.086071 0.000000 -0.011268 0.945884 -0.324309 7.463500 0.087135 0.324025 0.942027 -1.336300 0.000000 0.000000 0.000000 1.000000
0.995239 -0.016744 -0.096015 0.000000 -0.015579 0.945136 -0.326306 7.463500 0.096211 0.326248 0.940375 -1.336300 0.000000 0.000000 0.000000 1.000000
0.994206 -0.016979 -0.106143 -0.000000 -0.018587 0.945418 -0.325329 7.463500 0.105873 0.325417 0.939625 -1.336300 0.000000 0.000000 0.000000 1.000000
0.993122 -0.015959 -0.115992 0.000000 -0.022963 0.944880 -0.326609 7.463500 0.114811 0.327026 0.938015 -1.336300 0.000000 0.000000 0.000000 1.000000
0.992100 -0.014936 -0.124559 -0.000000 -0.027783 0.942076 -0.334248 7.463500 0.122336 0.335068 0.934218 -1.336300 0.000000 0.000000 0.000000 1.000000
0.991154 -0.014501 -0.131923 0.000000 -0.032371 0.937579 -0.346263 7.463500 0.128709 0.347471 0.928815 -1.336300 0.000000 0.000000 0.000000 1.000000
0.990320 -0.014751 -0.138019 -0.000000 -0.035962 0.933119 -0.357766 7.463500 0.134066 0.359266 0.923555 -1.336300 0.000000 0.000000 0.000000 1.000000
0.989623 -0.014172 -0.142985 0.000000 -0.039664 0.929514 -0.366647 7.463500 0.138103 0.368514 0.919307 -1.336300 0.000000 0.000000 0.000000 1.000000
0.989034 -0.011174 -0.147263 -0.000000 -0.045265 0.926210 -0.374281 7.463500 0.140579 0.376843 0.915547 -1.336300 0.000000 0.000000 0.000000 1.000000
0.988514 -0.007177 -0.150958 0.000000 -0.051627 0.922744 -0.381940 7.463500 0.142037 0.385347 0.911775 -1.336300 0.000000 0.000000 0.000000 1.000000
0.988043 -0.003785 -0.154133 0.000000 -0.057087 0.919664 -0.388535 7.463500 0.143221 0.392688 0.908451 -1.336300 0.000000 0.000000 0.000000 1.000000
0.987636 -0.001299 -0.156761 0.000000 -0.061114 0.917659 -0.392641 7.463500 0.144363 0.397367 0.906233 -1.336300 0.000000 0.000000 0.000000 1.000000
0.987324 0.000633 -0.158715 -0.000000 -0.063971 0.916759 -0.394285 7.463500 0.145253 0.399440 0.905179 -1.336300 0.000000 0.000000 0.000000 1.000000
0.987176 0.001978 -0.159623 -0.000000 -0.065522 0.916835 -0.393854 7.463500 0.145569 0.399262 0.905207 -1.336300 0.000000 0.000000 0.000000 1.000000
0.987311 0.002283 -0.158785 0.000000 -0.064975 0.918177 -0.390807 7.463500 0.144900 0.396165 0.906674 -1.336300 0.000000 0.000000 0.000000 1.000000
0.987823 0.001135 -0.155579 0.000000 -0.061642 0.920994 -0.384669 7.463500 0.142851 0.389575 0.909849 -1.336300 0.000000 0.000000 0.000000 1.000000
0.988652 -0.001498 -0.150213 0.000000 -0.055800 0.924744 -0.376478 7.463500 0.139473 0.380588 0.914167 -1.336300 0.000000 0.000000 0.000000 1.000000
0.989592 -0.005157 -0.143807 -0.000000 -0.048633 0.928568 -0.367963 7.463500 0.135432 0.371127 0.918653 -1.336300 0.000000 0.000000 0.000000 1.000000
0.990465 -0.009192 -0.137458 0.000000 -0.041291 0.932094 -0.359856 7.463500 0.131431 0.362100 0.922827 -1.336300 0.000000 0.000000 0.000000 1.000000
0.991242 -0.013168 -0.131403 0.000000 -0.034250 0.935336 -0.352100 7.463500 0.127542 0.353517 0.926693 -1.336300 0.000000 0.000000 0.000000 1.000000
0.991973 -0.017059 -0.125290 -0.000000 -0.027414 0.938274 -0.344804 7.463500 0.123439 0.345471 0.930276 -1.336300 0.000000 0.000000 0.000000 1.000000
0.992674 -0.021056 -0.118978 0.000000 -0.020534 0.940975 -0.337853 7.463500 0.119069 0.337821 0.933649 -1.336300 0.000000 0.000000 0.000000 1.000000
0.993313 -0.025051 -0.112699 0.000000 -0.013691 0.943725 -0.330446 7.463500 0.114635 0.329780 0.937072 -1.336300 0.000000 0.000000 0.000000 1.000000
0.993912 -0.028298 -0.106483 -0.000000 -0.007577 0.946609 -0.322295 7.463500 0.109918 0.321139 0.940632 -1.336300 0.000000 0.000000 0.000000 1.000000
0.994551 -0.029970 -0.099854 -0.000000 -0.003031 0.949072 -0.315044 7.463500 0.104210 0.313630 0.943809 -1.336300 0.000000 0.000000 0.000000 1.000000
0.995260 -0.030083 -0.092483 0.000000 -0.000189 0.950355 -0.311167 7.463500 0.097253 0.309709 0.945845 -1.336300 0.000000 0.000000 0.000000 1.000000
0.995957 -0.029461 -0.084867 -0.000000 0.001571 0.950266 -0.311435 7.463500 0.089821 0.310042 0.946470 -1.336300 0.000000 0.000000 0.000000 1.000000
0.996552 -0.028669 -0.077858 0.000000 0.002715 0.949168 -0.314758 7.463500 0.082924 0.313461 0.945973 -1.336300 0.000000 0.000000 0.000000 1.000000
0.997053 -0.027515 -0.071608 0.000000 0.003140 0.947319 -0.320277 7.463500 0.076648 0.319109 0.944613 -1.336300 0.000000 0.000000 0.000000 1.000000
0.997519 -0.025810 -0.065491 -0.000000 0.002907 0.944668 -0.328014 7.463500 0.070333 0.327010 0.942400 -1.336300 0.000000 0.000000 0.000000 1.000000
0.997962 -0.024029 -0.059114 -0.000000 0.002677 0.941343 -0.337442 7.463500 0.063755 0.336596 0.939489 -1.336300 0.000000 0.000000 0.000000 1.000000
0.998337 -0.022783 -0.052955 -0.000000 0.002996 0.937855 -0.347013 7.463500 0.057570 0.346277 0.936364 -1.336300 0.000000 0.000000 0.000000 1.000000
0.998615 -0.022080 -0.047747 0.000000 0.003665 0.934645 -0.355563 7.463500 0.052478 0.354896 0.933432 -1.336300 0.000000 0.000000 0.000000 1.000000
0.998816 -0.021678 -0.043559 0.000000 0.004384 0.931715 -0.363164 7.463500 0.048457 0.362543 0.930706 -1.336300 0.000000 0.000000 0.000000 1.000000
0.998963 -0.021950 -0.039887 0.000000 0.005634 0.928970 -0.370112 7.463500 0.045178 0.369504 0.928130 -1.336300 0.000000 0.000000 0.000000 1.000000
0.999047 -0.023839 -0.036575 0.000000 0.008350 0.926631 -0.375879 7.463500 0.042852 0.375216 0.925947 -1.336300 0.000000 0.000000 0.000000 1.000000
0.999034 -0.027764 -0.034050 0.000000 0.012762 0.924990 -0.379778 7.463500 0.042040 0.378977 0.924451 -1.336300 0.000000 0.000000 0.000000 1.000000
0.998937 -0.032643 -0.032542 0.000000 0.017748 0.923977 -0.382037 7.463500 0.042539 0.381053 0.923574 -1.336300 0.000000 0.000000 0.000000 1.000000
0.998841 -0.036361 -0.031540 -0.000000 0.021502 0.923296 -0.383486 7.463500 0.043065 0.382364 0.923008 -1.336300 0.000000 0.000000 0.000000 1.000000
0.998834 -0.037527 -0.030375 0.000000 0.022973 0.922787 -0.384625 7.463500 0.042464 0.383479 0.922573 -1.336300 0.000000 0.000000 0.000000 1.000000
0.998903 -0.036754 -0.029019 0.000000 0.022742 0.922432 -0.385489 7.463500 0.040937 0.384406 0.922256 -1.336300 0.000000 0.000000 0.000000 1.000000
0.998962 -0.035986 -0.027934 0.000000 0.022436 0.922310 -0.385798 7.463500 0.039647 0.384771 0.922160 -1.336300 0.000000 0.000000 0.000000 1.000000
0.998954 -0.036430 -0.027621 0.000000 0.023018 0.922787 -0.384623 7.463500 0.039500 0.383585 0.922660 -1.336300 0.000000 0.000000 0.000000 1.000000
0.998901 -0.037311 -0.028380 0.000000 0.023719 0.924460 -0.380540 7.463500 0.040434 0.379448 0.924329 -1.336300 0.000000 0.000000 0.000000 1.000000
0.998856 -0.036923 -0.030390 0.000000 0.022939 0.927549 -0.372997 7.463500 0.041960 0.371873 0.927335 -1.336300 0.000000 0.000000 0.000000 1.000000
0.998824 -0.034849 -0.033698 0.000000 0.020241 0.931450 -0.363305 7.463500 0.044049 0.362196 0.931060 -1.336300 0.000000 0.000000 0.000000 1.000000
0.998755 -0.032341 -0.037982 0.000000 0.016835 0.935230 -0.353640 7.463500 0.046959 0.352560 0.934610 -1.336300 0.000000 0.000000 0.000000 1.000000
0.998620 -0.030614 -0.042676 -0.000000 0.014009 0.938372 -0.345342 7.463500 0.050619 0.344268 0.937506 -1.336300 0.000000 0.000000 0.000000 1.000000
0.998443 -0.029536 -0.047331 0.000000 0.011794 0.940939 -0.338371 7.463500 0.054529 0.337286 0.939822 -1.336300 0.000000 0.000000 0.000000 1.000000
0.998251 -0.028195 -0.051960 -0.000000 0.009353 0.943196 -0.332106 7.463500 0.058372 0.331040 0.941810 -1.336300 0.000000 0.000000 0.000000 1.000000
0.998046 -0.026197 -0.056733 -0.000000 0.006240 0.945123 -0.326655 7.463500 0.062177 0.325663 0.943439 -1.336300 0.000000 0.000000 0.000000 1.000000
0.997822 -0.023856 -0.061502 0.000000 0.002705 0.946331 -0.323189 7.463500 0.065912 0.322319 0.944334 -1.336300 0.000000 0.000000 0.000000 1.000000
0.997581 -0.021834 -0.065988 -0.000000 -0.000625 0.946528 -0.322621 7.463500 0.069504 0.321882 0.944225 -1.336300 0.000000 0.000000 0.000000 1.000000
0.997299 -0.021698 -0.070174 0.000000 -0.002242 0.945935 -0.324349 7.463500 0.073418 0.323631 0.943331 -1.336300 0.000000 0.000000 0.000000 1.000000
0.996856 -0.022110 -0.076093 0.000000 -0.003976 0.945118 -0.326706 7.463500 0.079140 0.325981 0.942058 -1.336300 0.000000 0.000000 0.000000 1.000000
0.996182 -0.022825 -0.084261 -0.000000 -0.006242 0.944117 -0.329552 7.463500 0.087074 0.328819 0.940370 -1.336300 0.000000 0.000000 0.000000 1.000000
0.995327 -0.023319 -0.093706 -0.000000 -0.009391 0.942429 -0.334273 7.463500 0.096106 0.333591 0.937806 -1.336300 0.000000 0.000000 0.000000 1.000000
0.994404 -0.022898 -0.103129 -0.000000 -0.013763 0.939825 -0.341379 7.463500 0.104740 0.340889 0.934251 -1.336300 0.000000 0.000000 0.000000 1.000000
0.993481 -0.021164 -0.112014 -0.000000 -0.019430 0.936800 -0.349327 7.463500 0.112328 0.349226 0.930282 -1.336300 0.000000 0.000000 0.000000 1.000000
0.992561 -0.018390 -0.120350 0.000000 -0.025924 0.933931 -0.356511 7.463500 0.118955 0.356979 0.926507 -1.336300 0.000000 0.000000 0.000000 1.000000
0.991700 -0.016555 -0.127502 0.000000 -0.031183 0.931096 -0.363439 7.463500 0.124733 0.364398 0.922852 -1.336300 0.000000 0.000000 0.000000 1.000000
0.990967 -0.016053 -0.133143 0.000000 -0.034842 0.927899 -0.371200 7.463500 0.129502 0.372486 0.918958 -1.336300 0.000000 0.000000 0.000000 1.000000
0.990410 -0.016270 -0.137201 0.000000 -0.037342 0.924561 -0.379201 7.463500 0.133020 0.380688 0.915086 -1.336300 0.000000 0.000000 0.000000 1.000000
0.990027 -0.015676 -0.140002 0.000000 -0.039867 0.921991 -0.385154 7.463500 0.135118 0.386895 0.912171 -1.336300 0.000000 0.000000 0.000000 1.000000
0.989778 -0.012476 -0.142073 0.000000 -0.044025 0.920789 -0.387568 7.463500 0.135655 0.389860 0.910827 -1.336300 0.000000 0.000000 0.000000 1.000000
0.989627 -0.007256 -0.143475 0.000000 -0.049450 0.920483 -0.387642 7.463500 0.134879 0.390716 0.910576 -1.336300 0.000000 0.000000 0.000000 1.000000
0.989562 -0.002061 -0.144094 0.000000 -0.054552 0.920131 -0.387794 7.463500 0.133384 0.391606 0.910414 -1.336300 0.000000 0.000000 0.000000 1.000000</float_array><technique_common><accessor source="#mixamorig_Spine-Matrix-animation-output-transform-array" count="108" stride="16"><param type="float4x4"/></accessor></technique_common></source><source id="mixamorig_Spine-Interpolations"><Name_array id="mixamorig_Spine-Interpolations-array" count="108">
 LINEAR LINEAR LINEAR LINEAR LINEAR LINEAR LINEAR LINEAR LINEAR LINEAR LINEAR
LINEAR LINEAR LINEAR LINEAR LINEAR LINEAR LINEAR LINEAR LINEAR LINEAR LINEAR LINEAR
LINEAR LINEAR LINEAR LINEAR LINEAR LINEAR LINEAR LINEAR LINEAR LINEAR LINEAR LINEAR
LINEAR LINEAR LINEAR LINEAR LINEAR LINEAR LINEAR LINEAR LINEAR LINEAR LINEAR LINEAR
LINEAR LINEAR LINEAR LINEAR LINEAR LINEAR LINEAR LINEAR LINEAR LINEAR LINEAR LINEAR
LINEAR LINEAR LINEAR LINEAR LINEAR LINEAR LINEAR LINEAR LINEAR LINEAR LINEAR LINEAR
LINEAR LINEAR LINEAR LINEAR LINEAR LINEAR LINEAR LINEAR LINEAR LINEAR LINEAR LINEAR
LINEAR LINEAR LINEAR LINEAR LINEAR LINEAR LINEAR LINEAR LINEAR LINEAR LINEAR LINEAR
LINEAR LINEAR LINEAR LINEAR LINEAR LINEAR LINEAR LINEAR LINEAR LINEAR LINEAR LINEAR
LINEAR</Name_array><technique_common><accessor source="#mixamorig_Spine-Interpolations-array" count="108"><param type="name"/></accessor></technique_common></source><sampler id="mixamorig_Spine-Matrix-animation-transform"><input semantic="INPUT" source="#mixamorig_Spine-Matrix-animation-input"/><input semantic="OUTPUT" source="#mixamorig_Spine-Matrix-animation-output-transform"/><input semantic="INTERPOLATION" source="#mixamorig_Spine-Interpolations"/></sampler><channel source="#mixamorig_Spine-Matrix-animation-transform" target="mixamorig_Spine/matrix"/></animation>
    <animation id="mixamorig_Spine1-anim" name="mixamorig_Spine1"><source id="mixamorig_Spine1-Matrix-animation-input"><float_array id="mixamorig_Spine1-Matrix-animation-input-array" count="108">

0.000000 0.033333 0.066667 0.100000 0.133333 0.166667 0.200000 0.233333 0.266667 0.300000 0.333333 0.366667 0.400000 0.433333 0.466667 0.500000
0.533333 0.566667 0.600000 0.633333 0.666667 0.700000 0.733333 0.766667 0.800000 0.833333 0.866667 0.900000 0.933333 0.966667 1.000000 1.033333
1.066667 1.100000 1.133333 1.166667 1.200000 1.233333 1.266667 1.300000 1.333333 1.366667 1.400000 1.433333 1.466667 1.500000 1.533333 1.566667
1.600000 1.633333 1.666667 1.700000 1.733333 1.766667 1.800000 1.833333 1.866667 1.900000 1.933333 1.966667 2.000000 2.033333 2.066667 2.100000
2.133333 2.166667 2.200000 2.233333 2.266667 2.300000 2.333333 2.366667 2.400000 2.433333 2.466667 2.500000 2.533333 2.566667 2.600000 2.633333
2.666667 2.700000 2.733333 2.766667 2.800000 2.833333 2.866667 2.900000 2.933333 2.966667 3.000000 3.033333 3.066667 3.100000 3.133333 3.166667
