<?xml version="1.0" encoding="utf-8"?>
<COLLADA xmlns="http://www.collada.org/2005/11/COLLADASchema" version="1.4.1">
  <asset><contributor><author>Mixamo</author><authoring_tool>COLLADA Mixamo exporter</authoring_tool><comments></comments></contributor><created>2020-10-31T23:08:12Z</created><modified>2020-10-31T23:08:12Z</modified><revision></revision><title></title><unit meter="0.010000"/><up_axis>Y_UP</up_axis></asset>
  <library_animations>
    <animation id="mixamorig_Hips-anim" name="mixamorig_Hips"><source id="mixamorig_Hips-Matrix-animation-input"><float_array id="mixamorig_Hips-Matrix-animation-input-array" count="80">

0.000000 0.033333 0.066667 0.100000 0.133333 0.166667 0.200000 0.233333 0.266667 0.300000 0.333333 0.366667 0.400000 0.433333 0.466667 0.500000
0.533333 0.566667 0.600000 0.633333 0.666667 0.700000 0.733333 0.766667 0.800000 0.833333 0.866667 0.900000 0.933333 0.966667 1.000000 1.033333
1.066667 1.100000 1.133333 1.166667 1.200000 1.233333 1.266667 1.300000 1.333333 1.366667 1.400000 1.433333 1.466667 1.500000 1.533333 1.566667
1.600000 1.633333 1.666667 1.700000 1.733333 1.766667 1.800000 1.833333 1.866667 1.900000 1.933333 1.966667 2.000000 2.033333 2.066667 2.100000
2.133333 2.166667 2.200000 2.233333 2.266667 2.300000 2.333333 2.366667 2.400000 2.433333 2.466667 2.500000 2.533333 2.566667 2.600000 2.633333</float_array><technique_common><accessor source="#mixamorig_Hips-Matrix-animation-input-array" count="80"><param name="TIME" type="float"/></accessor></technique_common></source><source id="mixamorig_Hips-Matrix-animation-output-transform"><float_array id="mixamorig_Hips-Matrix-animation-output-transform-array" count="1280">

0.999909 -0.012904 -0.003848 0.117374 -0.003866 -0.001337 -0.999992 45.476349 0.012899 0.999916 -0.001387 -0.838161 0.000000 0.000000 0.000000 1.000000
0.999907 -0.012932 -0.004233 0.064872 -0.004253 -0.001540 -0.999990 45.485603 0.012926 0.999915 -0.001595 -0.862043 0.000000 0.000000 0.000000 1.000000
0.999903 -0.012962 -0.005049 0.013605 -0.005075 -0.001978 -0.999985 45.497822 0.012952 0.999914 -0.002044 -0.888278 0.000000 0.000000 0.000000 1.000000
0.999896 -0.012960 -0.006397 -0.032752 -0.006432 -0.002714 -0.999976 45.517593 0.012942 0.999912 -0.002797 -0.919446 0.000000 0.000000 0.000000 1.000000
0.999883 -0.012884 -0.008251 -0.071343 -0.008300 -0.003741 -0.999959 45.547146 0.012853 0.999910 -0.003847 -0.956232 0.000000 0.000000 0.000000 1.000000
0.999864 -0.012726 -0.010495 -0.103882 -0.010559 -0.004998 -0.999932 45.582111 0.012672 0.999907 -0.005132 -0.994472 0.000000 0.000000 0.000000 1.000000
0.999837 -0.012563 -0.012969 -0.137075 -0.013050 -0.006391 -0.999894 45.615036 0.012479 0.999901 -0.006554 -1.026019 0.000000 0.000000 0.000000 1.000000
0.999801 -0.012515 -0.015544 -0.177059 -0.015643 -0.007828 -0.999847 45.639816 0.012391 0.999891 -0.008022 -1.044415 0.000000 0.000000 0.000000 1.000000
0.999758 -0.012577 -0.018062 -0.223302 -0.018178 -0.009221 -0.999792 45.657551 0.012408 0.999878 -0.009447 -1.049675 0.000000 0.000000 0.000000 1.000000
0.999711 -0.012665 -0.020414 -0.270699 -0.020548 -0.010517 -0.999734 45.673206 0.012447 0.999864 -0.010774 -1.045774 0.000000 0.000000 0.000000 1.000000
0.999664 -0.012717 -0.022574 -0.315335 -0.022723 -0.011707 -0.999673 45.690502 0.012449 0.999851 -0.011992 -1.035773 0.000000 0.000000 0.000000 1.000000
0.999617 -0.012744 -0.024576 -0.356881 -0.024740 -0.012810 -0.999612 45.709839 0.012424 0.999837 -0.013121 -1.020303 0.000000 0.000000 0.000000 1.000000
0.999567 -0.012784 -0.026496 -0.397047 -0.026672 -0.013864 -0.999548 45.729553 0.012411 0.999822 -0.014199 -0.999465 0.000000 0.000000 0.000000 1.000000
0.999515 -0.012853 -0.028366 -0.435561 -0.028556 -0.014886 -0.999481 45.748642 0.012424 0.999807 -0.015246 -0.974618 0.000000 0.000000 0.000000 1.000000
0.999461 -0.012938 -0.030173 -0.471184 -0.030377 -0.015871 -0.999412 45.767357 0.012452 0.999790 -0.016255 -0.948602 0.000000 0.000000 0.000000 1.000000
0.999407 -0.013021 -0.031871 -0.503313 -0.032088 -0.016795 -0.999344 45.786369 0.012478 0.999774 -0.017203 -0.923482 0.000000 0.000000 0.000000 1.000000
0.999356 -0.013096 -0.033403 -0.532600 -0.033632 -0.017628 -0.999279 45.805851 0.012498 0.999759 -0.018057 -0.899754 0.000000 0.000000 0.000000 1.000000
0.999309 -0.013176 -0.034741 -0.559691 -0.034980 -0.018351 -0.999220 45.825409 0.012528 0.999745 -0.018799 -0.876624 0.000000 0.000000 0.000000 1.000000
0.999267 -0.013269 -0.035895 -0.583763 -0.036144 -0.018970 -0.999167 45.844051 0.012577 0.999732 -0.019436 -0.853266 0.000000 0.000000 0.000000 1.000000
0.999229 -0.013343 -0.036918 -0.602511 -0.037175 -0.019521 -0.999118 45.860092 0.012610 0.999720 -0.020002 -0.828626 0.000000 0.000000 0.000000 1.000000
0.999195 -0.013348 -0.037839 -0.613813 -0.038102 -0.020030 -0.999073 45.871555 0.012578 0.999710 -0.020522 -0.800733 0.000000 0.000000 0.000000 1.000000
0.999164 -0.013293 -0.038654 -0.617454 -0.038921 -0.020491 -0.999032 45.877483 0.012488 0.999702 -0.020992 -0.767350 0.000000 0.000000 0.000000 1.000000
0.999140 -0.013238 -0.039298 -0.614696 -0.039569 -0.020861 -0.998999 45.878777 0.012405 0.999695 -0.021366 -0.728340 0.000000 0.000000 0.000000 1.000000
0.999124 -0.013219 -0.039697 -0.606600 -0.039970 -0.021089 -0.998978 45.877426 0.012369 0.999690 -0.021598 -0.686230 0.000000 0.000000 0.000000 1.000000
0.999120 -0.013215 -0.039815 -0.593612 -0.040089 -0.021157 -0.998972 45.874531 0.012359 0.999689 -0.021669 -0.644242 0.000000 0.000000 0.000000 1.000000
0.999125 -0.013207 -0.039690 -0.576258 -0.039963 -0.021091 -0.998979 45.869816 0.012357 0.999690 -0.021600 -0.604395 0.000000 0.000000 0.000000 1.000000
0.999137 -0.013205 -0.039392 -0.555033 -0.039663 -0.020926 -0.998994 45.862747 0.012367 0.999694 -0.021432 -0.567724 0.000000 0.000000 0.000000 1.000000
0.999153 -0.013216 -0.038973 -0.530690 -0.039241 -0.020691 -0.999016 45.853615 0.012397 0.999699 -0.021192 -0.535745 0.000000 0.000000 0.000000 1.000000
0.999173 -0.013243 -0.038432 -0.506211 -0.038697 -0.020385 -0.999043 45.842537 0.012447 0.999704 -0.020881 -0.510287 0.000000 0.000000 0.000000 1.000000
0.999199 -0.013320 -0.037741 -0.487465 -0.038003 -0.019986 -0.999078 45.827831 0.012553 0.999712 -0.020476 -0.491338 0.000000 0.000000 0.000000 1.000000
0.999228 -0.013508 -0.036889 -0.478263 -0.037148 -0.019480 -0.999120 45.806240 0.012778 0.999719 -0.019967 -0.476082 0.000000 0.000000 0.000000 1.000000
0.999261 -0.013768 -0.035878 -0.473197 -0.036134 -0.018877 -0.999169 45.775661 0.013080 0.999727 -0.019360 -0.460294 0.000000 0.000000 0.000000 1.000000
0.999301 -0.013929 -0.034686 -0.459362 -0.034936 -0.018189 -0.999224 45.737957 0.013288 0.999738 -0.018663 -0.441377 0.000000 0.000000 0.000000 1.000000
0.999347 -0.013928 -0.033336 -0.427407 -0.033577 -0.017438 -0.999284 45.699287 0.013337 0.999751 -0.017894 -0.420471 0.000000 0.000000 0.000000 1.000000
0.999396 -0.013854 -0.031882 -0.377458 -0.032111 -0.016639 -0.999346 45.666409 0.013314 0.999766 -0.017074 -0.399842 0.000000 0.000000 0.000000 1.000000
0.999443 -0.013777 -0.030396 -0.315741 -0.030613 -0.015824 -0.999406 45.642353 0.013288 0.999780 -0.016237 -0.379609 0.000000 0.000000 0.000000 1.000000
0.999487 -0.013701 -0.028942 -0.248628 -0.029148 -0.015028 -0.999462 45.625069 0.013258 0.999793 -0.015419 -0.358907 0.000000 0.000000 0.000000 1.000000
0.999527 -0.013629 -0.027563 -0.179621 -0.027757 -0.014274 -0.999513 45.610142 0.013229 0.999805 -0.014645 -0.338060 0.000000 0.000000 0.000000 1.000000
0.999563 -0.013594 -0.026246 -0.110482 -0.026430 -0.013551 -0.999559 45.594109 0.013232 0.999816 -0.013904 -0.318243 0.000000 0.000000 0.000000 1.000000
0.999596 -0.013607 -0.024938 -0.043364 -0.025113 -0.012828 -0.999602 45.576332 0.013281 0.999825 -0.013165 -0.300344 0.000000 0.000000 0.000000 1.000000
0.999629 -0.013645 -0.023572 0.019555 -0.023737 -0.012071 -0.999645 45.558304 0.013356 0.999834 -0.012390 -0.285041 0.000000 0.000000 0.000000 1.000000
0.999662 -0.013691 -0.022111 0.078184 -0.022266 -0.011261 -0.999689 45.542278 0.013437 0.999843 -0.011562 -0.273679 0.000000 0.000000 0.000000 1.000000
0.999694 -0.013738 -0.020581 0.134681 -0.020725 -0.010413 -0.999731 45.529194 0.013520 0.999851 -0.010695 -0.267655 0.000000 0.000000 0.000000 1.000000
0.999725 -0.013755 -0.019016 0.191513 -0.019149 -0.009552 -0.999771 45.517666 0.013571 0.999860 -0.009813 -0.265311 0.000000 0.000000 0.000000 1.000000
0.999754 -0.013677 -0.017445 0.249883 -0.017565 -0.008700 -0.999808 45.504650 0.013523 0.999869 -0.008938 -0.262349 0.000000 0.000000 0.000000 1.000000
0.999783 -0.013500 -0.015879 0.309506 -0.015986 -0.007866 -0.999841 45.488209 0.013373 0.999878 -0.008080 -0.255095 0.000000 0.000000 0.000000 1.000000
0.999808 -0.013326 -0.014350 0.369261 -0.014445 -0.007052 -0.999871 45.469402 0.013223 0.999886 -0.007243 -0.244057 0.000000 0.000000 0.000000 1.000000
0.999830 -0.013238 -0.012857 0.428074 -0.012940 -0.006245 -0.999897 45.451275 0.013156 0.999893 -0.006416 -0.231101 0.000000 0.000000 0.000000 1.000000
0.999848 -0.013237 -0.011367 0.484570 -0.011440 -0.005429 -0.999920 45.436039 0.013174 0.999898 -0.005580 -0.217617 0.000000 0.000000 0.000000 1.000000
0.999863 -0.013280 -0.009884 0.537446 -0.009945 -0.004610 -0.999940 45.423565 0.013234 0.999901 -0.004741 -0.204653 0.000000 0.000000 0.000000 1.000000
0.999876 -0.013317 -0.008422 0.586911 -0.008473 -0.003801 -0.999957 45.412098 0.013285 0.999904 -0.003914 -0.194588 0.000000 0.000000 0.000000 1.000000
0.999887 -0.013309 -0.007028 0.634123 -0.007068 -0.003033 -0.999970 45.400188 0.013287 0.999907 -0.003127 -0.190480 0.000000 0.000000 0.000000 1.000000
0.999896 -0.013238 -0.005718 0.678969 -0.005749 -0.002318 -0.999981 45.387745 0.013225 0.999910 -0.002394 -0.193539 0.000000 0.000000 0.000000 1.000000
0.999903 -0.013132 -0.004541 0.719439 -0.004563 -0.001680 -0.999988 45.375759 0.013124 0.999912 -0.001739 -0.203035 0.000000 0.000000 0.000000 1.000000
0.999909 -0.013040 -0.003482 0.753585 -0.003497 -0.001104 -0.999993 45.365410 0.013036 0.999914 -0.001150 -0.216886 0.000000 0.000000 0.000000 1.000000
0.999912 -0.013009 -0.002786 0.781241 -0.002796 -0.000725 -0.999996 45.358059 0.013007 0.999915 -0.000761 -0.233415 0.000000 0.000000 0.000000 1.000000
0.999912 -0.013036 -0.002549 0.804378 -0.002557 -0.000593 -0.999997 45.355286 0.013034 0.999915 -0.000626 -0.252127 0.000000 0.000000 0.000000 1.000000
0.999910 -0.013075 -0.002850 0.825415 -0.002860 -0.000756 -0.999996 45.358688 0.013073 0.999914 -0.000793 -0.273008 0.000000 0.000000 0.000000 1.000000
0.999909 -0.013076 -0.003320 0.845182 -0.003333 -0.001018 -0.999994 45.368275 0.013072 0.999914 -0.001061 -0.296503 0.000000 0.000000 0.000000 1.000000
0.999908 -0.013029 -0.003807 0.861508 -0.003824 -0.001294 -0.999992 45.381393 0.013024 0.999914 -0.001344 -0.322165 0.000000 0.000000 0.000000 1.000000
0.999908 -0.012977 -0.003974 0.871109 -0.003993 -0.001397 -0.999991 45.393135 0.012971 0.999915 -0.001448 -0.348608 0.000000 0.000000 0.000000 1.000000
0.999909 -0.012965 -0.003847 0.872039 -0.003865 -0.001334 -0.999992 45.399403 0.012960 0.999915 -0.001384 -0.373766 0.000000 0.000000 0.000000 1.000000
0.999910 -0.012980 -0.003500 0.864771 -0.003516 -0.001147 -0.999993 45.399426 0.012976 0.999915 -0.001192 -0.396296 0.000000 0.000000 0.000000 1.000000
0.999911 -0.012975 -0.003182 0.850551 -0.003195 -0.000977 -0.999994 45.395863 0.012972 0.999915 -0.001019 -0.414860 0.000000 0.000000 0.000000 1.000000
0.999912 -0.012923 -0.002927 0.830663 -0.002938 -0.000845 -0.999995 45.392464 0.012920 0.999916 -0.000883 -0.428636 0.000000 0.000000 0.000000 1.000000
0.999913 -0.012852 -0.002853 0.806836 -0.002864 -0.000812 -0.999996 45.391750 0.012850 0.999917 -0.000849 -0.438105 0.000000 0.000000 0.000000 1.000000
0.999914 -0.012815 -0.002763 0.781166 -0.002773 -0.000767 -0.999996 45.393768 0.012813 0.999918 -0.000802 -0.445839 0.000000 0.000000 0.000000 1.000000
0.999914 -0.012838 -0.002684 0.754129 -0.002694 -0.000723 -0.999996 45.396767 0.012836 0.999917 -0.000758 -0.455059 0.000000 0.000000 0.000000 1.000000
0.999913 -0.012896 -0.002679 0.724278 -0.002689 -0.000716 -0.999996 45.398811 0.012894 0.999917 -0.000750 -0.467979 0.000000 0.000000 0.000000 1.000000
0.999912 -0.012945 -0.002768 0.689677 -0.002778 -0.000759 -0.999996 45.399384 0.012943 0.999916 -0.000794 -0.485414 0.000000 0.000000 0.000000 1.000000
0.999912 -0.012957 -0.002854 0.649296 -0.002865 -0.000803 -0.999996 45.399830 0.012955 0.999916 -0.000840 -0.507529 0.000000 0.000000 0.000000 1.000000
0.999911 -0.012939 -0.003158 0.602607 -0.003171 -0.000967 -0.999995 45.402531 0.012936 0.999916 -0.001008 -0.536022 0.000000 0.000000 0.000000 1.000000
0.999911 -0.012917 -0.003416 0.549285 -0.003430 -0.001108 -0.999994 45.408684 0.012914 0.999916 -0.001152 -0.572460 0.000000 0.000000 0.000000 1.000000
0.999910 -0.012909 -0.003708 0.488772 -0.003725 -0.001269 -0.999992 45.417606 0.012904 0.999916 -0.001317 -0.617507 0.000000 0.000000 0.000000 1.000000
0.999909 -0.012910 -0.003878 0.421952 -0.003896 -0.001362 -0.999991 45.427372 0.012905 0.999916 -0.001412 -0.667571 0.000000 0.000000 0.000000 1.000000
0.999909 -0.012906 -0.003892 0.352482 -0.003910 -0.001371 -0.999991 45.436962 0.012900 0.999916 -0.001422 -0.716258 0.000000 0.000000 0.000000 1.000000
0.999910 -0.012891 -0.003823 0.285855 -0.003840 -0.001336 -0.999992 45.447258 0.012886 0.999916 -0.001385 -0.757123 0.000000 0.000000 0.000000 1.000000
0.999910 -0.012880 -0.003721 0.225403 -0.003738 -0.001280 -0.999992 45.457386 0.012875 0.999916 -0.001328 -0.788819 0.000000 0.000000 0.000000 1.000000
0.999910 -0.012884 -0.003723 0.170219 -0.003740 -0.001277 -0.999992 45.467167 0.012880 0.999916 -0.001325 -0.814467 0.000000 0.000000 0.000000 1.000000
0.999909 -0.012904 -0.003848 0.117375 -0.003866 -0.001337 -0.999992 45.476349 0.012899 0.999916 -0.001387 -0.838161 0.000000 0.000000 0.000000 1.000000</float_array><technique_common><accessor source="#mixamorig_Hips-Matrix-animation-output-transform-array" count="80" stride="16"><param type="float4x4"/></accessor></technique_common></source><source id="mixamorig_Hips-Interpolations"><Name_array id="mixamorig_Hips-Interpolations-array" count="80">
 LINEAR LINEAR LINEAR LINEAR LINEAR LINEAR LINEAR LINEAR LINEAR LINEAR LINEAR
LINEAR LINEAR LINEAR LINEAR LINEAR LINEAR LINEAR LINEAR LINEAR LINEAR LINEAR LINEAR
LINEAR LINEAR LINEAR LINEAR LINEAR LINEAR LINEAR LINEAR LINEAR LINEAR LINEAR LINEAR
LINEAR LINEAR LINEAR LINEAR LINEAR LINEAR LINEAR LINEAR LINEAR LINEAR LINEAR LINEAR
LINEAR LINEAR LINEAR LINEAR LINEAR LINEAR LINEAR LINEAR LINEAR LINEAR LINEAR LINEAR
LINEAR LINEAR LINEAR LINEAR LINEAR LINEAR LINEAR LINEAR LINEAR LINEAR LINEAR LINEAR
LINEAR LINEAR LINEAR LINEAR LINEAR LINEAR LINEAR LINEAR LINEAR</Name_array><technique_common><accessor source="#mixamorig_Hips-Interpolations-array" count="80"><param type="name"/></accessor></technique_common></source><sampler id="mixamorig_Hips-Matrix-animation-transform"><input semantic="INPUT" source="#mixamorig_Hips-Matrix-animation-input"/><input semantic="OUTPUT" source="#mixamorig_Hips-Matrix-animation-output-transform"/><input semantic="INTERPOLATION" source="#mixamorig_Hips-Interpolations"/></sampler><channel source="#mixamorig_Hips-Matrix-animation-transform" target="mixamorig_Hips/matrix"/></animation>
    <animation id="mixamorig_Spine-anim" name="mixamorig_Spine"><source id="mixamorig_Spine-Matrix-animation-input"><float_array id="mixamorig_Spine-Matrix-animation-input-array" count="80">

0.000000 0.033333 0.066667 0.100000 0.133333 0.166667 0.200000 0.233333 0.266667 0.300000 0.333333 0.366667 0.400000 0.433333 0.466667 0.500000
0.533333 0.566667 0.600000 0.633333 0.666667 0.700000 0.733333 0.766667 0.800000 0.833333 0.866667 0.900000 0.933333 0.966667 1.000000 1.033333
1.066667 1.100000 1.133333 1.166667 1.200000 1.233333 1.266667 1.300000 1.333333 1.366667 1.400000 1.433333 1.466667 1.500000 1.533333 1.566667
1.600000 1.633333 1.666667 1.700000 1.733333 1.766667 1.800000 1.833333 1.866667 1.900000 1.933333 1.966667 2.000000 2.033333 2.066667 2.100000
2.133333 2.166667 2.200000 2.233333 2.266667 2.300000 2.333333 2.366667 2.400000 2.433333 2.466667 2.500000 2.533333 2.566667 2.600000 2.633333</float_array><technique_common><accessor source="#mixamorig_Spine-Matrix-animation-input-array" count="80"><param name="TIME" type="float"/></accessor></technique_common></source><source id="mixamorig_Spine-Matrix-animation-output-transform"><float_array id="mixamorig_Spine-Matrix-animation-output-transform-array" count="1280">

0.998633 0.017220 0.049352 -0.000000 -0.023919 0.990067 0.138549 3.753200 -0.046476 -0.139540 0.989125 -0.033300 0.000000 0.000000 0.000000 1.000000
0.998641 0.014762 0.049987 -0.000000 -0.021591 0.990063 0.138956 3.753200 -0.047439 -0.139846 0.989036 -0.033300 0.000000 0.000000 0.000000 1.000000
0.998655 0.011978 0.050444 0.000000 -0.018917 0.990052 0.139425 3.753200 -0.048272 -0.140192 0.988947 -0.033300 0.000000 0.000000 0.000000 1.000000
0.998678 0.008830 0.050640 0.000000 -0.015861 0.989998 0.140185 3.753200 -0.048896 -0.140803 0.988830 -0.033300 0.000000 0.000000 0.000000 1.000000
0.998702 0.005451 0.050646 0.000000 -0.012581 0.989849 0.141563 3.753200 -0.049361 -0.142017 0.988633 -0.033300 0.000000 0.000000 0.000000 1.000000
0.998716 0.002037 0.050618 0.000000 -0.009302 0.989577 0.143702 3.753200 -0.049798 -0.143989 0.988326 -0.033300 0.000000 0.000000 0.000000 1.000000
0.998715 -0.001361 0.050662 0.000000 -0.006101 0.989140 0.146851 3.753200 -0.050312 -0.146972 0.987860 -0.033300 0.000000 0.000000 0.000000 1.000000
0.998703 -0.004878 0.050674 0.000000 -0.002822 0.988564 0.150773 3.753200 -0.050830 -0.150720 0.987269 -0.033300 0.000000 0.000000 0.000000 1.000000
0.998681 -0.008480 0.050644 0.000000 0.000532 0.987925 0.154932 3.753200 -0.051347 -0.154701 0.986626 -0.033300 0.000000 0.000000 0.000000 1.000000
0.998643 -0.012155 0.050639 0.000000 0.003960 0.987291 0.158872 3.753200 -0.051927 -0.158455 0.986000 -0.033300 0.000000 0.000000 0.000000 1.000000
0.998587 -0.015736 0.050751 -0.000000 0.007296 0.986700 0.162388 3.753200 -0.052631 -0.161788 0.985421 -0.033300 0.000000 0.000000 0.000000 1.000000
0.998520 -0.019032 0.050940 -0.000000 0.010356 0.986164 0.165452 3.753200 -0.053384 -0.164679 0.984901 -0.033300 0.000000 0.000000 0.000000 1.000000
0.998449 -0.022024 0.051138 0.000000 0.013133 0.985682 0.168102 3.753200 -0.054108 -0.167169 0.984442 -0.033300 0.000000 0.000000 0.000000 1.000000
0.998372 -0.024785 0.051380 -0.000000 0.015690 0.985250 0.170402 3.753200 -0.054845 -0.169318 0.984034 -0.033300 0.000000 0.000000 0.000000 1.000000
0.998294 -0.027244 0.051632 0.000000 0.017959 0.984856 0.172441 3.753200 -0.055548 -0.171220 0.983666 -0.033300 0.000000 0.000000 0.000000 1.000000
0.998233 -0.029191 0.051758 0.000000 0.019753 0.984499 0.174274 3.753200 -0.056043 -0.172944 0.983336 -0.033300 0.000000 0.000000 0.000000 1.000000
0.998197 -0.030543 0.051671 0.000000 0.021011 0.984191 0.175861 3.753200 -0.056226 -0.174458 0.983058 -0.033300 0.000000 0.000000 0.000000 1.000000
0.998181 -0.031483 0.051415 0.000000 0.021912 0.983949 0.177100 3.753200 -0.056165 -0.175651 0.982849 -0.033300 0.000000 0.000000 0.000000 1.000000
0.998172 -0.032296 0.051079 -0.000000 0.022724 0.983775 0.177963 3.753200 -0.055998 -0.176477 0.982711 -0.033300 0.000000 0.000000 0.000000 1.000000
0.998165 -0.033141 0.050687 0.000000 0.023588 0.983637 0.178610 3.753200 -0.055777 -0.177086 0.982614 -0.033300 0.000000 0.000000 0.000000 1.000000
0.998162 -0.033976 0.050181 0.000000 0.024464 0.983493 0.179283 3.753200 -0.055444 -0.177726 0.982517 -0.033300 0.000000 0.000000 0.000000 1.000000
0.998172 -0.034711 0.049477 0.000000 0.025269 0.983329 0.180071 3.753200 -0.054903 -0.178491 0.982409 -0.033300 0.000000 0.000000 0.000000 1.000000
0.998198 -0.035365 0.048484 0.000000 0.026051 0.983175 0.180801 3.753200 -0.054063 -0.179212 0.982324 -0.033300 0.000000 0.000000 0.000000 1.000000
0.998240 -0.036017 0.047119 0.000000 0.026915 0.983072 0.181231 3.753200 -0.052848 -0.179644 0.982311 -0.033300 0.000000 0.000000 0.000000 1.000000
0.998301 -0.036615 0.045336 0.000000 0.027820 0.983028 0.181332 3.753200 -0.051206 -0.179763 0.982376 -0.033300 0.000000 0.000000 0.000000 1.000000
0.998384 -0.036926 0.043203 0.000000 0.028511 0.983011 0.181318 3.753200 -0.049165 -0.179793 0.982475 -0.033300 0.000000 0.000000 0.000000 1.000000
0.998489 -0.036684 0.040917 0.000000 0.028679 0.982984 0.181438 3.753200 -0.046876 -0.179991 0.982551 -0.033300 0.000000 0.000000 0.000000 1.000000
0.998611 -0.035788 0.038679 0.000000 0.028186 0.982937 0.181771 3.753200 -0.044524 -0.180428 0.982580 -0.033300 0.000000 0.000000 0.000000 1.000000
0.998739 -0.034422 0.036539 0.000000 0.027210 0.982886 0.182193 3.753200 -0.042186 -0.180969 0.982584 -0.033300 0.000000 0.000000 0.000000 1.000000
0.998863 -0.032975 0.034420 0.000000 0.026157 0.982854 0.182520 3.753200 -0.039848 -0.181412 0.982599 -0.033300 0.000000 0.000000 0.000000 1.000000
0.998976 -0.031748 0.032236 0.000000 0.025341 0.982847 0.182672 3.753200 -0.037483 -0.181668 0.982645 -0.033300 0.000000 0.000000 0.000000 1.000000
0.999077 -0.030706 0.030026 0.000000 0.024717 0.982862 0.182677 3.753200 -0.035121 -0.181766 0.982714 -0.033300 0.000000 0.000000 0.000000 1.000000
0.999169 -0.029535 0.028081 -0.000000 0.023923 0.982906 0.182545 3.753200 -0.032993 -0.181722 0.982796 -0.033300 0.000000 0.000000 0.000000 1.000000
0.999249 -0.027964 0.026834 0.000000 0.022618 0.983009 0.182157 3.753200 -0.031471 -0.181414 0.982903 -0.033300 0.000000 0.000000 0.000000 1.000000
0.999309 -0.026057 0.026491 0.000000 0.020828 0.983187 0.181409 3.753200 -0.030773 -0.180732 0.983051 -0.033300 0.000000 0.000000 0.000000 1.000000
0.999349 -0.024087 0.026873 0.000000 0.018851 0.983407 0.180432 3.753200 -0.030773 -0.179808 0.983220 -0.033300 0.000000 0.000000 0.000000 1.000000
0.999374 -0.022160 0.027584 -0.000000 0.016853 0.983598 0.179587 3.753200 -0.031111 -0.179009 0.983355 -0.033300 0.000000 0.000000 0.000000 1.000000
0.999398 -0.020136 0.028242 0.000000 0.014756 0.983706 0.179177 3.753200 -0.031390 -0.178653 0.983411 -0.033300 0.000000 0.000000 0.000000 1.000000
0.999431 -0.017859 0.028620 0.000000 0.012446 0.983725 0.179250 3.753200 -0.031355 -0.178792 0.983387 -0.033300 0.000000 0.000000 0.000000 1.000000
0.999471 -0.015334 0.028672 0.000000 0.009939 0.983686 0.179620 3.753200 -0.030959 -0.179240 0.983318 -0.033300 0.000000 0.000000 0.000000 1.000000
0.999512 -0.012675 0.028557 0.000000 0.007331 0.983639 0.180004 3.753200 -0.030371 -0.179707 0.983251 -0.033300 0.000000 0.000000 0.000000 1.000000
0.999541 -0.010030 0.028583 0.000000 0.004719 0.983627 0.180152 3.753200 -0.029922 -0.179935 0.983223 -0.033300 0.000000 0.000000 0.000000 1.000000
0.999551 -0.007553 0.028985 -0.000000 0.002215 0.983673 0.179951 3.753200 -0.029871 -0.179806 0.983248 -0.033300 0.000000 0.000000 0.000000 1.000000
0.999544 -0.005349 0.029719 0.000000 -0.000072 0.983761 0.179482 3.753200 -0.030197 -0.179402 0.983312 -0.033300 0.000000 0.000000 0.000000 1.000000
0.999529 -0.003383 0.030493 0.000000 -0.002131 0.983847 0.179001 3.753200 -0.030606 -0.178982 0.983376 -0.033300 0.000000 0.000000 0.000000 1.000000
0.999519 -0.001440 0.030988 0.000000 -0.004124 0.983886 0.178751 3.753200 -0.030746 -0.178793 0.983406 -0.033300 0.000000 0.000000 0.000000 1.000000
0.999517 0.000709 0.031080 0.000000 -0.006257 0.983872 0.178765 3.753200 -0.030452 -0.178873 0.983401 -0.033300 0.000000 0.000000 0.000000 1.000000
0.999519 0.003062 0.030859 0.000000 -0.008535 0.983840 0.178844 3.753200 -0.029813 -0.179022 0.983393 -0.033300 0.000000 0.000000 0.000000 1.000000
0.999520 0.005418 0.030511 0.000000 -0.010790 0.983832 0.178768 3.753200 -0.029049 -0.179011 0.983418 -0.033300 0.000000 0.000000 0.000000 1.000000
0.999514 0.007639 0.030213 -0.000000 -0.012914 0.983860 0.178473 3.753200 -0.028362 -0.178777 0.983481 -0.033300 0.000000 0.000000 0.000000 1.000000
0.999498 0.009784 0.030130 0.000000 -0.014999 0.983908 0.178045 3.753200 -0.027903 -0.178407 0.983561 -0.033300 0.000000 0.000000 0.000000 1.000000
0.999467 0.012024 0.030343 -0.000000 -0.017229 0.983956 0.177578 3.753200 -0.027721 -0.178006 0.983639 -0.033300 0.000000 0.000000 0.000000 1.000000
0.999422 0.014445 0.030788 0.000000 -0.019679 0.983990 0.177133 3.753200 -0.027736 -0.177636 0.983705 -0.033300 0.000000 0.000000 0.000000 1.000000
0.999365 0.016969 0.031326 0.000000 -0.022249 0.983999 0.176781 3.753200 -0.027825 -0.177366 0.983752 -0.033300 0.000000 0.000000 0.000000 1.000000
0.999303 0.019413 0.031886 -0.000000 -0.024750 0.983971 0.176600 3.753200 -0.027946 -0.177266 0.983766 -0.033300 0.000000 0.000000 0.000000 1.000000
0.999238 0.021619 0.032494 -0.000000 -0.027029 0.983924 0.176533 3.753200 -0.028155 -0.177277 0.983758 -0.033300 0.000000 0.000000 0.000000 1.000000
0.999171 0.023524 0.033230 0.000000 -0.029029 0.983907 0.176310 3.753200 -0.028548 -0.177128 0.983774 -0.033300 0.000000 0.000000 0.000000 1.000000
0.999100 0.025116 0.034179 0.000000 -0.030743 0.983983 0.175589 3.753200 -0.029221 -0.176482 0.983870 -0.033300 0.000000 0.000000 0.000000 1.000000
0.999024 0.026428 0.035402 -0.000000 -0.032211 0.984170 0.174276 3.753200 -0.030236 -0.175246 0.984060 -0.033300 0.000000 0.000000 0.000000 1.000000
0.998937 0.027586 0.036923 0.000000 -0.033566 0.984411 0.172652 3.753200 -0.031584 -0.173708 0.984291 -0.033300 0.000000 0.000000 0.000000 1.000000
0.998837 0.028734 0.038706 0.000000 -0.034958 0.984624 0.171155 3.753200 -0.033193 -0.172309 0.984484 -0.033300 0.000000 0.000000 0.000000 1.000000
0.998729 0.029833 0.040614 0.000000 -0.036327 0.984783 0.169950 3.753200 -0.034926 -0.171209 0.984615 -0.033300 0.000000 0.000000 0.000000 1.000000
0.998632 0.030594 0.042393 0.000000 -0.037339 0.984949 0.168761 3.753200 -0.036592 -0.170114 0.984745 -0.033300 0.000000 0.000000 0.000000 1.000000
0.998571 0.030700 0.043745 0.000000 -0.037610 0.985225 0.167086 3.753200 -0.037969 -0.168493 0.984971 -0.033300 0.000000 0.000000 0.000000 1.000000
0.998558 0.030052 0.044482 -0.000000 -0.036997 0.985663 0.164620 3.753200 -0.038897 -0.166028 0.985354 -0.033300 0.000000 0.000000 0.000000 1.000000
0.998586 0.028804 0.044679 -0.000000 -0.035674 0.986224 0.161525 3.753200 -0.039411 -0.162891 0.985857 -0.033300 0.000000 0.000000 0.000000 1.000000
0.998632 0.027217 0.044636 0.000000 -0.033970 0.986810 0.158276 3.753200 -0.039739 -0.159576 0.986385 -0.033300 0.000000 0.000000 0.000000 1.000000
0.998677 0.025538 0.044634 0.000000 -0.032187 0.987348 0.155265 3.753200 -0.040105 -0.156496 0.986864 -0.033300 0.000000 0.000000 0.000000 1.000000
0.998710 0.023990 0.044746 0.000000 -0.030564 0.987821 0.152563 3.753200 -0.040541 -0.153734 0.987280 -0.033300 0.000000 0.000000 0.000000 1.000000
0.998731 0.022821 0.044898 -0.000000 -0.029327 0.988242 0.150059 3.753200 -0.040945 -0.151185 0.987657 -0.033300 0.000000 0.000000 0.000000 1.000000
0.998738 0.022189 0.045045 0.000000 -0.028625 0.988621 0.147680 3.753200 -0.041256 -0.148783 0.988009 -0.033300 0.000000 0.000000 0.000000 1.000000
0.998734 0.022015 0.045239 -0.000000 -0.028389 0.988958 0.145454 3.753200 -0.041537 -0.146554 0.988330 -0.033300 0.000000 0.000000 0.000000 1.000000
0.998719 0.022024 0.045550 0.000000 -0.028357 0.989254 0.143432 3.753200 -0.041902 -0.144540 0.988611 -0.033300 0.000000 0.000000 0.000000 1.000000
0.998701 0.021962 0.045987 0.000000 -0.028282 0.989516 0.141626 3.753200 -0.042395 -0.142743 0.988851 -0.033300 0.000000 0.000000 0.000000 1.000000
0.998681 0.021782 0.046493 0.000000 -0.028108 0.989743 0.140070 3.753200 -0.042965 -0.141192 0.989049 -0.033300 0.000000 0.000000 0.000000 1.000000
0.998661 0.021611 0.047004 -0.000000 -0.027958 0.989915 0.138873 3.753200 -0.043529 -0.140001 0.989194 -0.033300 0.000000 0.000000 0.000000 1.000000
0.998638 0.021562 0.047504 0.000000 -0.027951 0.990007 0.138223 3.753200 -0.044049 -0.139363 0.989261 -0.033300 0.000000 0.000000 0.000000 1.000000
0.998627 0.020836 0.048052 0.000000 -0.027299 0.990052 0.138031 3.753200 -0.044698 -0.139153 0.989262 -0.033300 0.000000 0.000000 0.000000 1.000000
0.998628 0.019322 0.048676 0.000000 -0.025893 0.990067 0.138194 3.753200 -0.045522 -0.139265 0.989208 -0.033300 0.000000 0.000000 0.000000 1.000000
0.998633 0.017220 0.049352 0.000000 -0.023919 0.990067 0.138549 3.753200 -0.046476 -0.139540 0.989125 -0.033300 0.000000 0.000000 0.000000 1.000000</float_array><technique_common><accessor source="#mixamorig_Spine-Matrix-animation-output-transform-array" count="80" stride="16"><param type="float4x4"/></accessor></technique_common></source><source id="mixamorig_Spine-Interpolations"><Name_array id="mixamorig_Spine-Interpolations-array" count="80">
 LINEAR LINEAR LINEAR LINEAR LINEAR LINEAR LINEAR LINEAR LINEAR LINEAR LINEAR
LINEAR LINEAR LINEAR LINEAR LINEAR LINEAR LINEAR LINEAR LINEAR LINEAR LINEAR LINEAR
LINEAR LINEAR LINEAR LINEAR LINEAR LINEAR LINEAR LINEAR LINEAR LINEAR LINEAR LINEAR
LINEAR LINEAR LINEAR LINEAR LINEAR LINEAR LINEAR LINEAR LINEAR LINEAR LINEAR LINEAR
LINEAR LINEAR LINEAR LINEAR LINEAR LINEAR LINEAR LINEAR LINEAR LINEAR LINEAR LINEAR
LINEAR LINEAR LINEAR LINEAR LINEAR LINEAR LINEAR LINEAR LINEAR LINEAR LINEAR LINEAR
LINEAR LINEAR LINEAR LINEAR LINEAR LINEAR LINEAR LINEAR LINEAR</Name_array><technique_common><accessor source="#mixamorig_Spine-Interpolations-array" count="80"><param type="name"/></accessor></technique_common></source><sampler id="mixamorig_Spine-Matrix-animation-transform"><input semantic="INPUT" source="#mixamorig_Spine-Matrix-animation-input"/><input semantic="OUTPUT" source="#mixamorig_Spine-Matrix-animation-output-transform"/><input semantic="INTERPOLATION" source="#mixamorig_Spine-Interpolations"/></sampler><channel source="#mixamorig_Spine-Matrix-animation-transform" target="mixamorig_Spine/matrix"/></animation>
    <animation id="mixamorig_Spine1-anim" name="mixamorig_Spine1"><source id="mixamorig_Spine1-Matrix-animation-input"><float_array id="mixamorig_Spine1-Matrix-animation-input-array" count="80">

0.000000 0.033333 0.066667 0.100000 0.133333 0.166667 0.200000 0.233333 0.266667 0.300000 0.333333 0.366667 0.400000 0.433333 0.466667 0.500000
0.533333 0.566667 0.600000 0.633333 0.666667 0.700000 0.733333 0.766667 0.800000 0.833333 0.866667 0.900000 0.933333 0.966667 1.000000 1.033333
1.066667 1.100000 1.133333 1.166667 1.200000 1.233333 1.266667 1.300000 1.333333 1.366667 1.400000 1.433333 1.466667 1.500000 1.533333 1.566667
1.600000 1.633333 1.666667 1.700000 1.733333 1.766667 1.800000 1.833333 1.866667 1.900000 1.933333 1.966667 2.000000 2.033333 2.066667 2.100000
2.133333 2.166667 2.200000 2.233333 2.266667 2.300000 2.333333 2.366667 2.400000 2.433333 2.466667 2.500000 2.533333 2.566667 2.600000 2.633333</float_array><technique_common><accessor source="#mixamorig_Spine1-Matrix-animation-input-array" count="80"><param name="TIME" type="float"/></accessor></technique_common></source><source id="mixamorig_Spine1-Matrix-animation-output-transform"><float_array id="mixamorig_Spine1-Matrix-animation-output-transform-array" count="1280">

0.999946 0.003561 0.009735 0.000000 -0.003813 0.999654 0.026038 4.378900 -0.009639 -0.026074 0.999614 0.000000 0.000000 0.000000 0.000000 1.000000
0.999946 0.003070 0.009897 0.000000 -0.003328 0.999654 0.026083 4.378900 -0.009814 -0.026114 0.999611 0.000000 0.000000 0.000000 0.000000 1.000000
0.999947 0.002519 0.010028 -0.000000 -0.002780 0.999655 0.026126 4.378900 -0.009958 -0.026153 0.999608 0.000000 0.000000 0.000000 0.000000 1.000000
0.999947 0.001918 0.010114 0.000000 -0.002182 0.999654 0.026213 4.378900 -0.010061 -0.026234 0.999605 0.000000 0.000000 0.000000 0.000000 1.000000
0.999947 0.001311 0.010180 0.000000 -0.001580 0.999650 0.026422 4.378900 -0.010141 -0.026437 0.999599 0.000000 0.000000 0.000000 0.000000 1.000000
0.999947 0.000741 0.010256 0.000000 -0.001015 0.999640 0.026798 4.378900 -0.010233 -0.026807 0.999588 0.000000 0.000000 0.000000 0.000000 1.000000
0.999946 0.000189 0.010365 0.000000 -0.000473 0.999624 0.027407 4.378900 -0.010356 -0.027411 0.999571 -0.000000 0.000000 0.000000 0.000000 1.000000
0.999945 -0.000427 0.010471 0.000000 0.000132 0.999602 0.028196 4.378900 -0.010479 -0.028193 0.999548 0.000000 0.000000 0.000000 0.000000 1.000000
0.999944 -0.001103 0.010567 0.000000 0.000796 0.999578 0.029048 4.378900 -0.010595 -0.029038 0.999522 0.000000 0.000000 0.000000 0.000000 1.000000
0.999941 -0.001807 0.010667 0.000000 0.001488 0.999553 0.029859 4.378900 -0.010716 -0.029842 0.999497 0.000000 0.000000 0.000000 0.000000 1.000000
0.999939 -0.002484 0.010790 0.000000 0.002153 0.999530 0.030583 4.378900 -0.010861 -0.030558 0.999474 0.000000 0.000000 0.000000 0.000000 1.000000
0.999936 -0.003095 0.010922 0.000000 0.002752 0.999509 0.031213 4.378900 -0.011013 -0.031181 0.999453 -0.000000 0.000000 0.000000 0.000000 1.000000
0.999932 -0.003647 0.011047 0.000000 0.003295 0.999490 0.031757 4.378900 -0.011158 -0.031719 0.999435 0.000000 0.000000 0.000000 0.000000 1.000000
0.999929 -0.004160 0.011174 -0.000000 0.003798 0.999473 0.032229 4.378900 -0.011302 -0.032184 0.999418 0.000000 0.000000 0.000000 0.000000 1.000000
0.999926 -0.004614 0.011294 -0.000000 0.004243 0.999458 0.032644 4.378900 -0.011439 -0.032594 0.999403 0.000000 0.000000 0.000000 0.000000 1.000000
0.999923 -0.004965 0.011378 -0.000000 0.004587 0.999444 0.033014 4.378900 -0.011536 -0.032960 0.999390 0.000000 0.000000 0.000000 0.000000 1.000000
0.999921 -0.005203 0.011406 -0.000000 0.004820 0.999433 0.033335 4.378900 -0.011573 -0.033278 0.999379 0.000000 0.000000 0.000000 0.000000 1.000000
0.999921 -0.005369 0.011385 0.000000 0.004983 0.999423 0.033592 4.378900 -0.011559 -0.033532 0.999371 0.000000 0.000000 0.000000 0.000000 1.000000
0.999920 -0.005515 0.011342 0.000000 0.005129 0.999416 0.033776 4.378900 -0.011521 -0.033715 0.999365 0.000000 0.000000 0.000000 0.000000 1.000000
0.999920 -0.005663 0.011287 0.000000 0.005277 0.999411 0.033918 4.378900 -0.011473 -0.033856 0.999361 0.000000 0.000000 0.000000 0.000000 1.000000
0.999920 -0.005801 0.011215 -0.000000 0.005415 0.999405 0.034064 4.378900 -0.011405 -0.034001 0.999357 0.000000 0.000000 0.000000 0.000000 1.000000
0.999921 -0.005917 0.011104 0.000000 0.005534 0.999399 0.034234 4.378900 -0.011300 -0.034170 0.999352 0.000000 0.000000 0.000000 0.000000 1.000000
0.999922 -0.006035 0.010931 -0.000000 0.005655 0.999392 0.034396 4.378900 -0.011132 -0.034332 0.999348 0.000000 0.000000 0.000000 0.000000 1.000000
0.999924 -0.006176 0.010674 -0.000000 0.005804 0.999388 0.034507 4.378900 -0.010881 -0.034443 0.999347 -0.000000 0.000000 0.000000 0.000000 1.000000
0.999927 -0.006327 0.010324 0.000000 0.005967 0.999385 0.034558 4.378900 -0.010536 -0.034494 0.999349 -0.000000 0.000000 0.000000 0.000000 1.000000
0.999930 -0.006437 0.009892 0.000000 0.006091 0.999383 0.034593 4.378900 -0.010109 -0.034530 0.999353 0.000000 0.000000 0.000000 0.000000 1.000000
0.999935 -0.006447 0.009419 0.000000 0.006117 0.999380 0.034663 4.378900 -0.009637 -0.034603 0.999355 0.000000 0.000000 0.000000 0.000000 1.000000
0.999940 -0.006330 0.008945 0.000000 0.006015 0.999377 0.034781 4.378900 -0.009160 -0.034725 0.999355 -0.000000 0.000000 0.000000 0.000000 1.000000
0.999945 -0.006119 0.008482 0.000000 0.005820 0.999373 0.034918 4.378900 -0.008691 -0.034867 0.999354 0.000000 0.000000 0.000000 0.000000 1.000000
0.999950 -0.005904 0.008017 0.000000 0.005620 0.999370 0.035035 4.378900 -0.008218 -0.034988 0.999354 0.000000 0.000000 0.000000 0.000000 1.000000
0.999955 -0.005767 0.007530 0.000000 0.005500 0.999368 0.035116 4.378900 -0.007728 -0.035073 0.999355 0.000000 0.000000 0.000000 0.000000 1.000000
0.999959 -0.005698 0.007032 -0.000000 0.005448 0.999367 0.035167 4.378900 -0.007228 -0.035127 0.999357 -0.000000 0.000000 0.000000 0.000000 1.000000
0.999963 -0.005588 0.006589 -0.000000 0.005352 0.999367 0.035183 4.378900 -0.006782 -0.035147 0.999359 0.000000 0.000000 0.000000 0.000000 1.000000
0.999966 -0.005347 0.006290 -0.000000 0.005123 0.999370 0.035131 4.378900 -0.006474 -0.035097 0.999363 0.000000 0.000000 0.000000 0.000000 1.000000
0.999968 -0.004999 0.006172 0.000000 0.004780 0.999376 0.034984 4.378900 -0.006343 -0.034954 0.999369 -0.000000 0.000000 0.000000 0.000000 1.000000
0.999970 -0.004620 0.006199 0.000000 0.004402 0.999385 0.034778 4.378900 -0.006356 -0.034750 0.999376 0.000000 0.000000 0.000000 0.000000 1.000000
0.999971 -0.004244 0.006297 0.000000 0.004023 0.999393 0.034592 4.378900 -0.006440 -0.034566 0.999382 0.000000 0.000000 0.000000 0.000000 1.000000
0.999972 -0.003844 0.006389 -0.000000 0.003622 0.999398 0.034497 4.378900 -0.006518 -0.034473 0.999384 0.000000 0.000000 0.000000 0.000000 1.000000
0.999974 -0.003398 0.006424 0.000000 0.003174 0.999399 0.034512 4.378900 -0.006537 -0.034491 0.999384 0.000000 0.000000 0.000000 0.000000 1.000000
0.999975 -0.002912 0.006389 0.000000 0.002690 0.999398 0.034601 4.378900 -0.006486 -0.034583 0.999381 -0.000000 0.000000 0.000000 0.000000 1.000000
0.999977 -0.002411 0.006316 0.000000 0.002191 0.999395 0.034700 4.378900 -0.006396 -0.034685 0.999378 0.000000 0.000000 0.000000 0.000000 1.000000
0.999979 -0.001914 0.006268 0.000000 0.001696 0.999395 0.034747 4.378900 -0.006331 -0.034736 0.999376 0.000000 0.000000 0.000000 0.000000 1.000000
0.999979 -0.001438 0.006297 0.000000 0.001218 0.999397 0.034704 4.378900 -0.006344 -0.034696 0.999378 0.000000 0.000000 0.000000 0.000000 1.000000
0.999979 -0.000991 0.006401 0.000000 0.000769 0.999401 0.034594 4.378900 -0.006432 -0.034588 0.999381 0.000000 0.000000 0.000000 0.000000 1.000000
0.999979 -0.000563 0.006526 0.000000 0.000338 0.999405 0.034481 4.378900 -0.006541 -0.034478 0.999384 0.000000 0.000000 0.000000 0.000000 1.000000
0.999978 -0.000129 0.006602 0.000000 -0.000099 0.999407 0.034425 4.378900 -0.006603 -0.034425 0.999385 0.000000 0.000000 0.000000 0.000000 1.000000
0.999978 0.000329 0.006594 0.000000 -0.000556 0.999407 0.034436 4.378900 -0.006578 -0.034439 0.999385 0.000000 0.000000 0.000000 0.000000 1.000000
0.999978 0.000796 0.006511 0.000000 -0.001020 0.999405 0.034468 4.378900 -0.006479 -0.034474 0.999385 -0.000000 0.000000 0.000000 0.000000 1.000000
0.999979 0.001239 0.006393 0.000000 -0.001458 0.999405 0.034471 4.378900 -0.006347 -0.034479 0.999385 0.000000 0.000000 0.000000 0.000000 1.000000
0.999979 0.001640 0.006282 -0.000000 -0.001855 0.999405 0.034428 4.378900 -0.006222 -0.034439 0.999387 0.000000 0.000000 0.000000 0.000000 1.000000
0.999979 0.002024 0.006214 0.000000 -0.002236 0.999407 0.034356 4.378900 -0.006141 -0.034369 0.999390 0.000000 0.000000 0.000000 0.000000 1.000000
0.999978 0.002440 0.006207 0.000000 -0.002651 0.999409 0.034273 4.378900 -0.006120 -0.034289 0.999393 0.000000 0.000000 0.000000 0.000000 1.000000
0.999976 0.002915 0.006249 0.000000 -0.003127 0.999410 0.034193 4.378900 -0.006145 -0.034211 0.999396 0.000000 0.000000 0.000000 0.000000 1.000000
0.999974 0.003429 0.006312 -0.000000 -0.003643 0.999411 0.034133 4.378900 -0.006191 -0.034155 0.999397 0.000000 0.000000 0.000000 0.000000 1.000000
0.999972 0.003934 0.006383 0.000000 -0.004149 0.999409 0.034113 4.378900 -0.006245 -0.034138 0.999398 -0.000000 0.000000 0.000000 0.000000 1.000000
0.999969 0.004382 0.006466 -0.000000 -0.004601 0.999407 0.034119 4.378900 -0.006313 -0.034147 0.999397 0.000000 0.000000 0.000000 0.000000 1.000000
0.999967 0.004762 0.006578 -0.000000 -0.004983 0.999406 0.034091 4.378900 -0.006411 -0.034123 0.999397 0.000000 0.000000 0.000000 0.000000 1.000000
0.999964 0.005085 0.006736 0.000000 -0.005311 0.999409 0.033955 4.378900 -0.006559 -0.033990 0.999401 0.000000 0.000000 0.000000 0.000000 1.000000
0.999961 0.005378 0.006956 0.000000 -0.005609 0.999417 0.033689 4.378900 -0.006771 -0.033727 0.999408 -0.000000 0.000000 0.000000 0.000000 1.000000
0.999958 0.005664 0.007243 0.000000 -0.005902 0.999426 0.033354 4.378900 -0.007050 -0.033395 0.999417 0.000000 0.000000 0.000000 0.000000 1.000000
