<?xml version="1.0" encoding="utf-8"?>
<COLLADA xmlns="http://www.collada.org/2005/11/COLLADASchema" version="1.4.1">
  <asset><contributor><author>Mixamo</author><authoring_tool>COLLADA Mixamo exporter</authoring_tool><comments></comments></contributor><created>2020-10-31T23:36:42Z</created><modified>2020-10-31T23:36:42Z</modified><revision></revision><title></title><unit meter="0.010000"/><up_axis>Y_UP</up_axis></asset>
  <library_animations>
    <animation id="mixamorig_Hips-anim" name="mixamorig_Hips"><source id="mixamorig_Hips-Matrix-animation-input"><float_array id="mixamorig_Hips-Matrix-animation-input-array" count="67">

0.000000 0.033333 0.066667 0.100000 0.133333 0.166667 0.200000 0.233333 0.266667 0.300000 0.333333 0.366667 0.400000 0.433333 0.466667 0.500000
0.533333 0.566667 0.600000 0.633333 0.666667 0.700000 0.733333 0.766667 0.800000 0.833333 0.866667 0.900000 0.933333 0.966667 1.000000 1.033333
1.066667 1.100000 1.133333 1.166667 1.200000 1.233333 1.266667 1.300000 1.333333 1.366667 1.400000 1.433333 1.466667 1.500000 1.533333 1.566667
1.600000 1.633333 1.666667 1.700000 1.733333 1.766667 1.800000 1.833333 1.866667 1.900000 1.933333 1.966667 2.000000 2.033333 2.066667 2.100000
2.133333 2.166667 2.200000</float_array><technique_common><accessor source="#mixamorig_Hips-Matrix-animation-input-array" count="67"><param name="TIME" type="float"/></accessor></technique_common></source><source id="mixamorig_Hips-Matrix-animation-output-transform"><float_array id="mixamorig_Hips-Matrix-animation-output-transform-array" count="1072">

0.969456 -0.133391 -0.205822 -0.082407 0.096641 0.979035 -0.179305 43.067577 0.225424 0.153937 0.962022 0.186118 0.000000 0.000000 0.000000 1.000000
0.966606 -0.213518 -0.141712 0.142173 0.195203 0.971748 -0.132674 46.340034 0.166037 0.100581 0.980977 7.766605 0.000000 0.000000 0.000000 1.000000
0.968561 -0.232659 -0.088085 0.205557 0.218712 0.965082 -0.144162 50.877502 0.118550 0.120364 0.985626 15.304429 0.000000 0.000000 0.000000 1.000000
0.971712 -0.221710 -0.081362 0.364831 0.197848 0.952337 -0.232187 53.761505 0.128962 0.209521 0.969262 22.208675 0.000000 0.000000 0.000000 1.000000
0.979021 -0.166781 -0.117053 0.665907 0.120547 0.937245 -0.327169 55.365990 0.164272 0.306195 0.937688 29.342695 0.000000 0.000000 0.000000 1.000000
0.981648 -0.084303 -0.171053 0.926008 0.012072 0.922652 -0.385445 56.074440 0.190317 0.376307 0.906737 36.762936 0.000000 0.000000 0.000000 1.000000
0.968282 0.001437 -0.249858 1.165555 -0.112267 0.895860 -0.429920 56.522915 0.223220 0.444334 0.867606 44.763443 0.000000 0.000000 0.000000 1.000000
0.943296 0.088158 -0.320032 1.314651 -0.245490 0.834213 -0.493786 56.294621 0.223443 0.544351 0.808551 52.807705 0.000000 0.000000 0.000000 1.000000
0.914342 0.136355 -0.381294 1.574799 -0.345514 0.753756 -0.558992 54.858879 0.211182 0.642852 0.736304 60.966526 0.000000 0.000000 0.000000 1.000000
0.904297 0.140555 -0.403103 1.911442 -0.355261 0.771359 -0.528011 51.501717 0.236723 0.620685 0.747471 68.617439 0.000000 0.000000 0.000000 1.000000
0.909305 0.145005 -0.390049 2.028183 -0.319165 0.844475 -0.430111 46.944534 0.267019 0.515592 0.814166 74.321739 0.000000 0.000000 0.000000 1.000000
0.922866 0.141888 -0.358030 2.044606 -0.257021 0.919247 -0.298203 41.918823 0.286807 0.367222 0.884810 79.568489 0.000000 0.000000 0.000000 1.000000
0.942014 0.122759 -0.312314 2.013354 -0.178427 0.971454 -0.156339 36.796173 0.284207 0.202998 0.937026 85.446693 0.000000 0.000000 0.000000 1.000000
0.969154 0.057916 -0.239554 1.811293 -0.081103 0.992805 -0.088089 33.747601 0.232729 0.104801 0.966878 92.763374 0.000000 0.000000 0.000000 1.000000
0.975495 0.028497 -0.218168 1.699018 -0.054918 0.991728 -0.116016 35.487598 0.213058 0.125154 0.968991 96.538605 0.000000 0.000000 0.000000 1.000000
0.985143 -0.033681 -0.168401 1.270321 -0.015851 0.958562 -0.284443 41.494381 0.171003 0.282887 0.943787 101.730438 0.000000 0.000000 0.000000 1.000000
0.994511 -0.085841 -0.059822 0.627246 0.042644 0.854656 -0.517441 49.079617 0.095545 0.512049 0.853626 107.351776 0.000000 0.000000 0.000000 1.000000
0.986722 -0.086597 0.137410 -0.035581 0.156693 0.730234 -0.664985 56.136223 -0.042756 0.677686 0.734107 112.084427 0.000000 0.000000 0.000000 1.000000
0.938999 -0.026552 0.342892 -0.622307 0.285553 0.615856 -0.734289 64.130714 -0.191676 0.787411 0.585871 116.454346 0.000000 0.000000 0.000000 1.000000
0.813411 0.013080 0.581542 -1.388024 0.499270 0.497302 -0.709522 70.982796 -0.298482 0.867479 0.397980 120.806168 0.000000 0.000000 0.000000 1.000000
0.557919 0.096782 0.824233 -2.114846 0.770281 0.309235 -0.557710 77.154411 -0.308858 0.946048 0.097979 126.617546 0.000000 0.000000 0.000000 1.000000
0.222918 0.239360 0.944994 -2.709269 0.962719 0.098317 -0.252002 82.003647 -0.153228 0.965940 -0.208520 133.550415 0.000000 0.000000 0.000000 1.000000
-0.082759 0.391601 0.916406 -2.855267 0.987562 -0.091130 0.128127 85.168449 0.133687 0.915611 -0.379188 140.536026 0.000000 0.000000 0.000000 1.000000
-0.326316 0.520809 0.788845 -2.614151 0.829079 -0.243152 0.503492 87.228500 0.454032 0.818313 -0.352447 146.511322 0.000000 0.000000 0.000000 1.000000
-0.502339 0.609318 0.613504 -2.661355 0.490243 -0.383759 0.782554 88.559319 0.712262 0.693874 -0.105936 151.180893 0.000000 0.000000 0.000000 1.000000
-0.616804 0.661387 0.426756 -2.565316 0.003877 -0.539617 0.841902 89.361748 0.787107 0.520943 0.330274 154.764191 0.000000 0.000000 0.000000 1.000000
-0.661246 0.707572 0.249188 -2.152670 -0.474264 -0.651678 0.591937 89.932495 0.581229 0.273235 0.766496 158.544235 0.000000 0.000000 0.000000 1.000000
-0.664577 0.742326 0.085374 -2.206536 -0.726318 -0.668592 0.159518 90.498039 0.175494 0.044003 0.983497 163.204727 0.000000 0.000000 0.000000 1.000000
-0.655874 0.751138 -0.074971 -2.417087 -0.709552 -0.647345 -0.278354 90.688263 -0.257614 -0.129370 0.957548 169.033966 0.000000 0.000000 0.000000 1.000000
-0.632989 0.740889 -0.224517 -2.687688 -0.497572 -0.611532 -0.615184 89.876480 -0.593082 -0.277691 0.755739 176.230591 0.000000 0.000000 0.000000 1.000000
-0.572519 0.718439 -0.395054 -3.064360 -0.127295 -0.553883 -0.822806 88.874519 -0.809950 -0.420784 0.408562 184.262131 0.000000 0.000000 0.000000 1.000000
-0.404067 0.697102 -0.592265 -3.083375 0.379069 -0.461653 -0.801987 86.877396 -0.832488 -0.548566 -0.077711 192.213165 0.000000 0.000000 0.000000 1.000000
-0.139170 0.684195 -0.715898 -2.894048 0.798419 -0.350128 -0.489834 83.752975 -0.585798 -0.639756 -0.497547 199.688873 0.000000 0.000000 0.000000 1.000000
0.158223 0.669312 -0.725938 -2.465226 0.966700 -0.254765 -0.024193 79.720436 -0.201136 -0.697937 -0.687334 207.365814 0.000000 0.000000 0.000000 1.000000
0.411338 0.609077 -0.678105 -1.544573 0.900273 -0.155165 0.406734 74.621414 0.142514 -0.777784 -0.612161 217.591324 0.000000 0.000000 0.000000 1.000000
0.600820 0.528119 -0.600088 -1.150718 0.707567 -0.002031 0.706643 69.210251 0.371973 -0.849168 -0.374900 225.202423 0.000000 0.000000 0.000000 1.000000
0.723981 0.455913 -0.517682 -0.960370 0.501305 0.167789 0.848847 63.948486 0.473862 -0.874065 -0.107075 230.884964 0.000000 0.000000 0.000000 1.000000
0.810600 0.381346 -0.444414 -0.730991 0.325689 0.337124 0.883331 58.665733 0.486677 -0.860769 0.149073 236.056046 0.000000 0.000000 0.000000 1.000000
0.879496 0.318561 -0.353561 -0.293459 0.152150 0.515716 0.843142 52.868988 0.450930 -0.795334 0.405101 240.769394 0.000000 0.000000 0.000000 1.000000
0.932881 0.257677 -0.251666 0.099329 0.008642 0.682499 0.730835 46.548759 0.360081 -0.683957 0.634464 245.126984 0.000000 0.000000 0.000000 1.000000
0.969603 0.205912 -0.132174 0.516083 -0.099877 0.826201 0.554451 40.272682 0.223370 -0.524396 0.821653 249.542755 0.000000 0.000000 0.000000 1.000000
0.988562 0.150756 0.004195 1.442341 -0.143225 0.929736 0.339231 34.689392 0.047241 -0.335952 0.940694 252.068359 0.000000 0.000000 0.000000 1.000000
0.986997 0.110940 0.116312 2.004017 -0.132305 0.971650 0.195938 29.472164 -0.091277 -0.208779 0.973694 254.263947 0.000000 0.000000 0.000000 1.000000
0.983596 0.110278 0.142752 2.619125 -0.128466 0.983782 0.125179 26.119232 -0.126633 -0.141465 0.981811 256.160736 0.000000 0.000000 0.000000 1.000000
0.978023 0.105497 0.179838 2.672043 -0.116459 0.991859 0.051501 24.737656 -0.172940 -0.071313 0.982347 257.630066 0.000000 0.000000 0.000000 1.000000
0.968851 0.092940 0.229542 2.574100 -0.097320 0.995223 0.007809 24.185165 -0.227720 -0.029905 0.973267 258.802338 0.000000 0.000000 0.000000 1.000000
0.959936 0.096793 0.262971 2.682393 -0.094369 0.995297 -0.021863 23.863405 -0.263850 -0.003830 0.964556 259.831390 0.000000 0.000000 0.000000 1.000000
0.946630 0.127666 0.295960 2.805077 -0.114364 0.991508 -0.061907 23.728577 -0.301350 0.024756 0.953192 260.928741 0.000000 0.000000 0.000000 1.000000
0.928098 0.162792 0.334863 2.893251 -0.132513 0.984887 -0.111528 23.685596 -0.347958 0.059136 0.935643 261.942474 0.000000 0.000000 0.000000 1.000000
0.910619 0.190590 0.366672 2.991058 -0.136299 0.976164 -0.168899 23.980476 -0.390122 0.103826 0.914891 262.996460 0.000000 0.000000 0.000000 1.000000
0.901895 0.217362 0.373281 3.155522 -0.137104 0.963531 -0.229804 24.851000 -0.409618 0.156081 0.898806 264.792938 0.000000 0.000000 0.000000 1.000000
0.892029 0.246625 0.378760 3.327640 -0.136342 0.945800 -0.294744 25.703203 -0.430923 0.211280 0.877306 266.593018 0.000000 0.000000 0.000000 1.000000
0.881855 0.277632 0.381120 3.520875 -0.134485 0.922799 -0.361048 26.762119 -0.451936 0.267137 0.851112 268.548828 0.000000 0.000000 0.000000 1.000000
0.872556 0.308011 0.379177 3.723638 -0.130822 0.895163 -0.426109 28.227446 -0.470671 0.322200 0.821374 270.794556 0.000000 0.000000 0.000000 1.000000
0.866100 0.333215 0.372610 3.808867 -0.124707 0.865879 -0.484460 30.245897 -0.484064 0.373124 0.791492 273.531921 0.000000 0.000000 0.000000 1.000000
0.864609 0.348606 0.361836 3.473093 -0.123185 0.845244 -0.519989 32.672543 -0.487112 0.405014 0.773748 276.847290 0.000000 0.000000 0.000000 1.000000
0.868043 0.356389 0.345672 3.057240 -0.129376 0.834546 -0.535533 35.142677 -0.479337 0.420144 0.770529 280.354218 0.000000 0.000000 0.000000 1.000000
0.877079 0.355659 0.322861 2.483018 -0.145430 0.837212 -0.527186 37.590321 -0.457802 0.415430 0.786025 284.095551 0.000000 0.000000 0.000000 1.000000
0.891643 0.347313 0.290425 1.916728 -0.161994 0.843760 -0.511690 39.766098 -0.422765 0.409198 0.808595 287.959137 0.000000 0.000000 0.000000 1.000000
0.920942 0.314171 0.230571 1.556946 -0.166374 0.852004 -0.496396 40.939434 -0.352400 0.418791 0.836916 292.101746 0.000000 0.000000 0.000000 1.000000
0.954930 0.253910 0.153745 1.386993 -0.148345 0.856869 -0.493730 41.582310 -0.257103 0.448670 0.855917 296.715149 0.000000 0.000000 0.000000 1.000000
0.974976 0.203735 0.088961 0.823002 -0.135274 0.861247 -0.489852 42.441410 -0.176417 0.465559 0.867255 301.622467 0.000000 0.000000 0.000000 1.000000
0.986318 0.161973 0.030691 0.396976 -0.130213 0.879613 -0.457521 42.851624 -0.101102 0.447265 0.888669 306.661102 0.000000 0.000000 0.000000 1.000000
0.992925 0.110730 -0.042872 0.011428 -0.118597 0.907143 -0.403766 43.212067 -0.005818 0.405994 0.913857 311.910858 0.000000 0.000000 0.000000 1.000000
0.996763 0.025359 -0.076294 -0.459329 -0.050513 0.935798 -0.348900 43.737915 0.062548 0.351625 0.934049 317.371429 0.000000 0.000000 0.000000 1.000000
0.992899 -0.072504 -0.094310 -0.979039 0.041698 0.954619 -0.294895 44.324768 0.111411 0.288869 0.950864 322.904083 0.000000 0.000000 0.000000 1.000000
0.979052 -0.170317 -0.111575 -1.561453 0.139534 0.960315 -0.241507 44.877010 0.148280 0.220880 0.963963 328.480103 0.000000 0.000000 0.000000 1.000000</float_array><technique_common><accessor source="#mixamorig_Hips-Matrix-animation-output-transform-array" count="67" stride="16"><param type="float4x4"/></accessor></technique_common></source><source id="mixamorig_Hips-Interpolations"><Name_array id="mixamorig_Hips-Interpolations-array" count="67">
 LINEAR LINEAR LINEAR LINEAR LINEAR LINEAR LINEAR LINEAR LINEAR LINEAR LINEAR
LINEAR LINEAR LINEAR LINEAR LINEAR LINEAR LINEAR LINEAR LINEAR LINEAR LINEAR LINEAR
LINEAR LINEAR LINEAR LINEAR LINEAR LINEAR LINEAR LINEAR LINEAR LINEAR LINEAR LINEAR
LINEAR LINEAR LINEAR LINEAR LINEAR LINEAR LINEAR LINEAR LINEAR LINEAR LINEAR LINEAR
LINEAR LINEAR LINEAR LINEAR LINEAR LINEAR LINEAR LINEAR LINEAR LINEAR LINEAR LINEAR
LINEAR LINEAR LINEAR LINEAR LINEAR LINEAR LINEAR LINEAR</Name_array><technique_common><accessor source="#mixamorig_Hips-Interpolations-array" count="67"><param type="name"/></accessor></technique_common></source><sampler id="mixamorig_Hips-Matrix-animation-transform"><input semantic="INPUT" source="#mixamorig_Hips-Matrix-animation-input"/><input semantic="OUTPUT" source="#mixamorig_Hips-Matrix-animation-output-transform"/><input semantic="INTERPOLATION" source="#mixamorig_Hips-Interpolations"/></sampler><channel source="#mixamorig_Hips-Matrix-animation-transform" target="mixamorig_Hips/matrix"/></animation>
    <animation id="mixamorig_Spine-anim" name="mixamorig_Spine"><source id="mixamorig_Spine-Matrix-animation-input"><float_array id="mixamorig_Spine-Matrix-animation-input-array" count="67">

0.000000 0.033333 0.066667 0.100000 0.133333 0.166667 0.200000 0.233333 0.266667 0.300000 0.333333 0.366667 0.400000 0.433333 0.466667 0.500000
0.533333 0.566667 0.600000 0.633333 0.666667 0.700000 0.733333 0.766667 0.800000 0.833333 0.866667 0.900000 0.933333 0.966667 1.000000 1.033333
1.066667 1.100000 1.133333 1.166667 1.200000 1.233333 1.266667 1.300000 1.333333 1.366667 1.400000 1.433333 1.466667 1.500000 1.533333 1.566667
1.600000 1.633333 1.666667 1.700000 1.733333 1.766667 1.800000 1.833333 1.866667 1.900000 1.933333 1.966667 2.000000 2.033333 2.066667 2.100000
2.133333 2.166667 2.200000</float_array><technique_common><accessor source="#mixamorig_Spine-Matrix-animation-input-array" count="67"><param name="TIME" type="float"/></accessor></technique_common></source><source id="mixamorig_Spine-Matrix-animation-output-transform"><float_array id="mixamorig_Spine-Matrix-animation-output-transform-array" count="1072">

0.989468 0.092874 0.111030 0.000000 -0.053101 0.946448 -0.318460 3.753200 -0.134661 0.309210 0.941412 -0.033300 0.000000 0.000000 0.000000 1.000000
0.979605 0.141895 0.142264 0.000000 -0.074938 0.914945 -0.396559 3.753200 -0.186433 0.377810 0.906919 -0.033300 0.000000 0.000000 0.000000 1.000000
0.985561 0.147845 0.082537 -0.000000 -0.094474 0.884663 -0.456558 3.753200 -0.140517 0.442168 0.885857 -0.033300 0.000000 0.000000 0.000000 1.000000
0.988840 0.146884 0.024919 0.000000 -0.119606 0.882399 -0.455045 3.753200 -0.088827 0.446986 0.890120 -0.033300 0.000000 0.000000 0.000000 1.000000
0.989723 0.139819 -0.029992 0.000000 -0.138738 0.888045 -0.438323 3.753200 -0.034652 0.437979 0.898317 -0.033300 0.000000 0.000000 0.000000 1.000000
0.990064 0.116069 -0.079378 0.000000 -0.139133 0.890380 -0.433435 3.753200 0.020369 0.440172 0.897682 -0.033300 0.000000 0.000000 0.000000 1.000000
0.990609 0.071584 -0.116492 0.000000 -0.113465 0.905785 -0.408263 3.753200 0.076291 0.417647 0.905401 -0.033300 0.000000 0.000000 0.000000 1.000000
0.988651 0.013331 -0.149641 0.000000 -0.064703 0.936726 -0.344031 3.753200 0.135586 0.349809 0.926957 -0.033300 0.000000 0.000000 0.000000 1.000000
0.980235 -0.078684 -0.181518 0.000000 0.034811 0.971790 -0.233263 3.753200 0.194752 0.222334 0.955322 -0.033300 0.000000 0.000000 0.000000 1.000000
0.972016 -0.104923 -0.210181 0.000000 0.061864 0.977460 -0.201853 3.753200 0.226622 0.183202 0.956598 -0.033300 0.000000 0.000000 0.000000 1.000000
0.971951 -0.068509 -0.224985 -0.000000 0.003454 0.960688 -0.277609 3.753200 0.235159 0.269045 0.933978 -0.033300 0.000000 0.000000 0.000000 1.000000
0.973043 -0.015426 -0.230106 -0.000000 -0.078236 0.916513 -0.392279 3.753200 0.216946 0.399707 0.890600 -0.033300 0.000000 0.000000 0.000000 1.000000
0.974714 0.022511 -0.222319 0.000000 -0.137421 0.844916 -0.516945 3.753200 0.176204 0.534425 0.826645 -0.033300 0.000000 0.000000 0.000000 1.000000
0.982383 0.004976 -0.186810 0.000000 -0.118305 0.790380 -0.601085 3.753200 0.144660 0.612597 0.777045 -0.033300 0.000000 0.000000 0.000000 1.000000
0.983338 -0.005211 -0.181712 0.000000 -0.104286 0.802580 -0.587358 3.753200 0.148899 0.596521 0.788664 -0.033300 0.000000 0.000000 0.000000 1.000000
0.985687 -0.016456 -0.167782 -0.000000 -0.069908 0.865727 -0.495610 3.753200 0.153409 0.500246 0.852185 -0.033300 0.000000 0.000000 0.000000 1.000000
0.992841 -0.006294 -0.119281 0.000000 -0.035426 0.938164 -0.344373 3.753200 0.114073 0.346133 0.931225 -0.033300 0.000000 0.000000 0.000000 1.000000
0.998335 0.034306 -0.046375 -0.000000 -0.044826 0.967371 -0.249369 3.753200 0.036307 0.251032 0.967298 -0.033300 0.000000 0.000000 0.000000 1.000000
0.996820 -0.008854 0.079193 0.000000 0.029897 0.962765 -0.268682 3.753200 -0.073866 0.270195 0.959968 -0.033300 0.000000 0.000000 0.000000 1.000000
0.984271 -0.014512 0.176066 0.000000 0.066192 0.954314 -0.291383 3.753200 -0.163794 0.298454 0.940264 -0.033300 0.000000 0.000000 0.000000 1.000000
0.973653 -0.009276 0.227845 0.000000 0.079472 0.950333 -0.300917 3.753200 -0.213737 0.311096 0.926032 -0.033300 0.000000 0.000000 0.000000 1.000000
0.966584 -0.026308 0.254997 0.000000 0.104868 0.948260 -0.299676 3.753200 -0.233919 0.316403 0.919332 -0.033300 0.000000 0.000000 0.000000 1.000000
0.957755 -0.037392 0.285146 0.000000 0.129244 0.941707 -0.310619 3.753200 -0.256909 0.334350 0.906757 -0.033300 0.000000 0.000000 0.000000 1.000000
0.946960 -0.051153 0.317254 -0.000000 0.162456 0.928006 -0.335281 3.753200 -0.277263 0.369037 0.887095 -0.033300 0.000000 0.000000 0.000000 1.000000
0.943488 -0.068162 0.324320 0.000000 0.196439 0.903195 -0.381641 3.753200 -0.266911 0.423783 0.865544 -0.033300 0.000000 0.000000 0.000000 1.000000
0.958427 -0.081852 0.273344 -0.000000 0.202928 0.868987 -0.451312 3.753200 -0.200592 0.488019 0.849471 -0.033300 0.000000 0.000000 0.000000 1.000000
0.974986 -0.113960 0.190828 0.000000 0.195814 0.846610 -0.494881 3.753200 -0.105160 0.519869 0.847748 -0.033300 0.000000 0.000000 0.000000 1.000000
0.980541 -0.152217 0.123970 0.000000 0.192713 0.866723 -0.460058 3.753200 -0.037419 0.474996 0.879192 -0.033300 0.000000 0.000000 0.000000 1.000000
0.983810 -0.159222 0.082252 0.000000 0.178662 0.907333 -0.380562 3.753200 -0.014036 0.389096 0.921090 -0.033300 0.000000 0.000000 0.000000 1.000000
0.991803 -0.107910 0.068421 0.000000 0.123197 0.949657 -0.288054 3.753200 -0.033893 0.294122 0.955167 -0.033300 0.000000 0.000000 0.000000 1.000000
0.995739 -0.066374 0.064013 0.000000 0.078569 0.974074 -0.212149 3.753200 -0.048272 0.216275 0.975138 -0.033300 0.000000 0.000000 0.000000 1.000000
0.997809 -0.053996 0.038244 0.000000 0.060291 0.980067 -0.189299 3.753200 -0.027260 0.191189 0.981175 -0.033300 0.000000 0.000000 0.000000 1.000000
0.999117 -0.039060 0.015453 -0.000000 0.041430 0.977008 -0.209139 3.753200 -0.006929 0.209594 0.977764 -0.033300 0.000000 0.000000 0.000000 1.000000
0.999947 -0.008936 -0.005140 -0.000000 0.007471 0.971723 -0.236006 3.753200 0.007103 0.235956 0.971738 -0.033300 0.000000 0.000000 0.000000 1.000000
0.999392 0.029655 -0.018353 0.000000 -0.033206 0.969986 -0.240883 3.753200 0.010659 0.241345 0.970381 -0.033300 0.000000 0.000000 0.000000 1.000000
0.998656 0.041742 -0.030737 0.000000 -0.047496 0.974351 -0.219963 3.753200 0.020767 0.221128 0.975024 -0.033300 0.000000 0.000000 0.000000 1.000000
0.997579 0.060173 -0.034862 0.000000 -0.066066 0.976545 -0.204925 3.753200 0.021713 0.206732 0.978157 -0.033300 0.000000 0.000000 0.000000 1.000000
0.994710 0.094387 -0.040537 0.000000 -0.100678 0.974141 -0.202272 3.753200 0.020397 0.205283 0.978490 -0.033300 0.000000 0.000000 0.000000 1.000000
0.995433 0.088177 -0.036568 0.000000 -0.093731 0.975418 -0.199436 3.753200 0.018084 0.201952 0.979228 -0.033300 0.000000 0.000000 0.000000 1.000000
0.997575 0.067974 -0.014936 0.000000 -0.069584 0.978083 -0.196242 3.753200 0.001269 0.196805 0.980442 -0.033300 0.000000 0.000000 0.000000 1.000000
0.998828 0.047373 -0.009878 0.000000 -0.048382 0.981877 -0.183238 3.753200 0.001019 0.183501 0.983019 -0.033300 0.000000 0.000000 0.000000 1.000000
0.999708 0.006974 -0.023135 0.000000 -0.012052 0.973764 -0.227242 3.753200 0.020943 0.227455 0.973563 -0.033300 0.000000 0.000000 0.000000 1.000000
0.999300 -0.023567 -0.029038 0.000000 0.013080 0.947666 -0.318996 3.753200 0.035036 0.318393 0.947311 -0.033300 0.000000 0.000000 0.000000 1.000000
0.998087 -0.056765 0.024503 0.000000 0.061758 0.934208 -0.351344 3.753200 -0.002946 0.352185 0.935926 -0.033300 0.000000 0.000000 0.000000 1.000000
0.997668 -0.054204 0.041479 0.000000 0.066572 0.906859 -0.416143 3.753200 -0.015059 0.417934 0.908352 -0.033300 0.000000 0.000000 0.000000 1.000000
0.996773 -0.063588 0.048990 0.000000 0.079534 0.864884 -0.495631 3.753200 -0.010854 0.497928 0.867150 -0.033300 0.000000 0.000000 0.000000 1.000000
0.995832 -0.070045 0.058418 0.000000 0.090719 0.826922 -0.554951 3.753200 -0.009435 0.557937 0.829830 -0.033300 0.000000 0.000000 0.000000 1.000000
0.997319 -0.053473 0.049954 0.000000 0.072573 0.810252 -0.581571 3.753200 -0.009377 0.583638 0.811960 -0.033300 0.000000 0.000000 0.000000 1.000000
0.999219 -0.023012 0.032138 0.000000 0.037375 0.814657 -0.578738 3.753200 -0.012863 0.579487 0.814880 -0.033300 0.000000 0.000000 0.000000 1.000000
0.999872 0.012914 0.009443 -0.000000 -0.005454 0.830071 -0.557631 3.753200 -0.015040 0.557508 0.830036 -0.033300 0.000000 0.000000 0.000000 1.000000
0.998715 0.048646 -0.014221 0.000000 -0.048934 0.852498 -0.520435 3.753200 -0.013194 0.520462 0.853783 -0.033300 0.000000 0.000000 0.000000 1.000000
0.995887 0.082912 -0.036542 0.000000 -0.090334 0.877251 -0.471455 3.753200 -0.007032 0.472817 0.881133 -0.033300 0.000000 0.000000 0.000000 1.000000
0.992368 0.110814 -0.054100 -0.000000 -0.123287 0.900798 -0.416368 3.753200 0.002593 0.419860 0.907585 -0.033300 0.000000 0.000000 0.000000 1.000000
0.989581 0.128213 -0.065507 0.000000 -0.143303 0.921099 -0.361996 3.753200 0.013926 0.367611 0.929875 -0.033300 0.000000 0.000000 0.000000 1.000000
0.990776 0.115117 -0.071494 0.000000 -0.132297 0.935927 -0.326403 3.753200 0.029339 0.332850 0.942523 -0.033300 0.000000 0.000000 0.000000 1.000000
0.989278 0.107714 -0.098627 0.000000 -0.133946 0.938318 -0.318777 3.753200 0.058207 0.328569 0.942685 -0.033300 0.000000 0.000000 0.000000 1.000000
0.987724 0.090633 -0.127230 0.000000 -0.127758 0.937359 -0.324092 3.753200 0.089887 0.336368 0.937431 -0.033300 0.000000 0.000000 0.000000 1.000000
0.987793 0.061958 -0.142918 0.000000 -0.106201 0.939069 -0.326911 3.753200 0.113955 0.338099 0.934186 -0.033300 0.000000 0.000000 0.000000 1.000000
0.988807 0.030451 -0.146061 0.000000 -0.077743 0.940707 -0.330192 3.753200 0.127346 0.337852 0.932544 -0.033300 0.000000 0.000000 0.000000 1.000000
0.990030 -0.000853 -0.140854 -0.000000 -0.045650 0.944068 -0.326576 3.753200 0.133255 0.329750 0.934617 -0.033300 0.000000 0.000000 0.000000 1.000000
0.991706 -0.037666 -0.122885 0.000000 -0.002535 0.950175 -0.311708 3.753200 0.128503 0.309434 0.942198 -0.033300 0.000000 0.000000 0.000000 1.000000
0.992080 -0.082254 -0.094927 -0.000000 0.050273 0.952603 -0.300032 3.753200 0.115107 0.292884 0.949194 -0.033300 0.000000 0.000000 0.000000 1.000000
0.993367 -0.098924 -0.058616 0.000000 0.076776 0.950103 -0.302340 3.753200 0.085600 0.295834 0.951396 -0.033300 0.000000 0.000000 0.000000 1.000000
0.998115 -0.057800 -0.020624 -0.000000 0.048413 0.948123 -0.314195 3.753200 0.037714 0.312604 0.949134 -0.033300 0.000000 0.000000 0.000000 1.000000
0.999085 0.038483 0.018639 0.000000 -0.030380 0.945595 -0.323925 3.753200 -0.030091 0.323062 0.945899 -0.033300 0.000000 0.000000 0.000000 1.000000
0.991870 0.127250 0.000696 0.000000 -0.120680 0.942366 -0.312061 3.753200 -0.040366 0.309440 0.950062 -0.033300 0.000000 0.000000 0.000000 1.000000
0.977198 0.208095 -0.042199 -0.000000 -0.211444 0.935559 -0.282878 3.753200 -0.019386 0.285351 0.958227 -0.033300 0.000000 0.000000 0.000000 1.000000</float_array><technique_common><accessor source="#mixamorig_Spine-Matrix-animation-output-transform-array" count="67" stride="16"><param type="float4x4"/></accessor></technique_common></source><source id="mixamorig_Spine-Interpolations"><Name_array id="mixamorig_Spine-Interpolations-array" count="67">
 LINEAR LINEAR LINEAR LINEAR LINEAR LINEAR LINEAR LINEAR LINEAR LINEAR LINEAR
LINEAR LINEAR LINEAR LINEAR LINEAR LINEAR LINEAR LINEAR LINEAR LINEAR LINEAR LINEAR
LINEAR LINEAR LINEAR LINEAR LINEAR LINEAR LINEAR LINEAR LINEAR LINEAR LINEAR LINEAR
LINEAR LINEAR LINEAR LINEAR LINEAR LINEAR LINEAR LINEAR LINEAR LINEAR LINEAR LINEAR
LINEAR LINEAR LINEAR LINEAR LINEAR LINEAR LINEAR LINEAR LINEAR LINEAR LINEAR LINEAR
LINEAR LINEAR LINEAR LINEAR LINEAR LINEAR LINEAR LINEAR</Name_array><technique_common><accessor source="#mixamorig_Spine-Interpolations-array" count="67"><param type="name"/></accessor></technique_common></source><sampler id="mixamorig_Spine-Matrix-animation-transform"><input semantic="INPUT" source="#mixamorig_Spine-Matrix-animation-input"/><input semantic="OUTPUT" source="#mixamorig_Spine-Matrix-animation-output-transform"/><input semantic="INTERPOLATION" source="#mixamorig_Spine-Interpolations"/></sampler><channel source="#mixamorig_Spine-Matrix-animation-transform" target="mixamorig_Spine/matrix"/></animation>
    <animation id="mixamorig_Spine1-anim" name="mixamorig_Spine1"><source id="mixamorig_Spine1-Matrix-animation-input"><float_array id="mixamorig_Spine1-Matrix-animation-input-array" count="67">

0.000000 0.033333 0.066667 0.100000 0.133333 0.166667 0.200000 0.233333 0.266667 0.300000 0.333333 0.366667 0.400000 0.433333 0.466667 0.500000
0.533333 0.566667 0.600000 0.633333 0.666667 0.700000 0.733333 0.766667 0.800000 0.833333 0.866667 0.900000 0.933333 0.966667 1.000000 1.033333
1.066667 1.100000 1.133333 1.166667 1.200000 1.233333 1.266667 1.300000 1.333333 1.366667 1.400000 1.433333 1.466667 1.500000 1.533333 1.566667
1.600000 1.633333 1.666667 1.700000 1.733333 1.766667 1.800000 1.833333 1.866667 1.900000 1.933333 1.966667 2.000000 2.033333 2.066667 2.100000
2.133333 2.166667 2.200000</float_array><technique_common><accessor source="#mixamorig_Spine1-Matrix-animation-input-array" count="67"><param name="TIME" type="float"/></accessor></technique_common></source><source id="mixamorig_Spine1-Matrix-animation-output-transform"><float_array id="mixamorig_Spine1-Matrix-animation-output-transform-array" count="1072">

0.992752 0.031287 -0.116033 0.000000 -0.035018 0.998928 -0.030259 4.378900 0.114962 0.034103 0.992784 -0.000000 0.000000 0.000000 0.000000 1.000000
0.993637 0.022647 -0.110332 0.000000 -0.028809 0.998093 -0.054586 4.378900 0.108885 0.057417 0.992395 0.000000 0.000000 0.000000 0.000000 1.000000
0.994922 0.016644 -0.099261 -0.000000 -0.022981 0.997746 -0.063044 4.378900 0.097988 0.065005 0.993062 0.000000 0.000000 0.000000 0.000000 1.000000
0.996488 0.010444 -0.083076 -0.000000 -0.013109 0.999414 -0.031607 4.378900 0.082698 0.032585 0.996042 0.000000 0.000000 0.000000 0.000000 1.000000
0.998069 0.000987 -0.062106 -0.000000 -0.000137 0.999906 0.013686 4.378900 0.062114 -0.013651 0.997976 0.000000 0.000000 0.000000 0.000000 1.000000
0.999223 -0.014554 -0.036617 0.000000 0.016076 0.999004 0.041624 4.378900 0.035975 -0.042181 0.998462 -0.000000 0.000000 0.000000 0.000000 1.000000
0.999241 -0.037279 -0.011300 0.000000 0.037900 0.997420 0.060972 4.378900 0.008998 -0.061354 0.998076 0.000000 0.000000 0.000000 0.000000 1.000000
0.998051 -0.059948 -0.017318 0.000000 0.061073 0.995379 0.074096 4.378900 0.012796 -0.075009 0.997101 0.000000 0.000000 0.000000 0.000000 1.000000
0.998965 -0.028620 -0.035352 0.000000 0.030306 0.998381 0.048132 4.378900 0.033917 -0.049153 0.998215 0.000000 0.000000 0.000000 0.000000 1.000000
0.998934 0.011775 -0.044635 -0.000000 -0.010911 0.999749 0.019546 4.378900 0.044854 -0.019038 0.998812 -0.000000 0.000000 0.000000 0.000000 1.000000
0.998815 0.016420 -0.045823 0.000000 -0.015666 0.999737 0.016746 4.378900 0.046086 -0.016008 0.998809 0.000000 0.000000 0.000000 0.000000 1.000000
0.999003 0.008523 -0.043813 -0.000000 -0.007413 0.999649 0.025436 4.378900 0.044015 -0.025085 0.998716 -0.000000 0.000000 0.000000 0.000000 1.000000
0.999164 0.000828 -0.040876 -0.000000 0.000838 0.999170 0.040715 4.378900 0.040875 -0.040715 0.998334 0.000000 0.000000 0.000000 0.000000 1.000000
0.999283 0.005323 -0.037478 -0.000000 -0.003087 0.998225 0.059477 4.378900 0.037729 -0.059319 0.997526 -0.000000 0.000000 0.000000 0.000000 1.000000
0.999223 0.012463 -0.037396 0.000000 -0.010240 0.998202 0.059054 4.378900 0.038065 -0.058625 0.997554 0.000000 0.000000 0.000000 0.000000 1.000000
0.998920 0.029313 -0.036063 0.000000 -0.027286 0.998087 0.055475 4.378900 0.037620 -0.054431 0.997809 0.000000 0.000000 0.000000 0.000000 1.000000
0.999155 0.031348 -0.026587 -0.000000 -0.030394 0.998905 0.035576 4.378900 0.027673 -0.034737 0.999013 0.000000 0.000000 0.000000 0.000000 1.000000
0.999973 -0.005133 -0.005179 -0.000000 0.005130 0.999987 -0.000638 4.378900 0.005182 0.000611 0.999986 0.000000 0.000000 0.000000 0.000000 1.000000
0.999745 -0.015224 0.016698 0.000000 0.015554 0.999683 -0.019802 4.378900 -0.016391 0.020056 0.999664 -0.000000 0.000000 0.000000 0.000000 1.000000
0.998397 -0.039924 0.040109 0.000000 0.041990 0.997761 -0.052062 4.378900 -0.037941 0.053663 0.997838 0.000000 0.000000 0.000000 0.000000 1.000000
0.996680 -0.061109 0.053797 0.000000 0.064007 0.996493 -0.053892 4.378900 -0.050315 0.057157 0.997097 0.000000 0.000000 0.000000 0.000000 1.000000
0.996550 -0.059949 0.057403 -0.000000 0.062655 0.996949 -0.046556 4.378900 -0.054437 0.049992 0.997265 0.000000 0.000000 0.000000 0.000000 1.000000
0.996657 -0.055385 0.060069 0.000000 0.057874 0.997502 -0.040505 4.378900 -0.057675 0.043846 0.997372 -0.000000 0.000000 0.000000 0.000000 1.000000
0.996659 -0.055745 0.059697 0.000000 0.057625 0.997880 -0.030246 4.378900 -0.057885 0.033585 0.997758 0.000000 0.000000 0.000000 0.000000 1.000000
0.997427 -0.048688 0.052619 0.000000 0.049238 0.998745 -0.009201 4.378900 -0.052105 0.011768 0.998572 0.000000 0.000000 0.000000 0.000000 1.000000
0.998425 -0.038828 0.040498 0.000000 0.038388 0.999196 0.011581 4.378900 -0.040915 -0.010008 0.999112 0.000000 0.000000 0.000000 0.000000 1.000000
0.999399 -0.023377 0.025602 -0.000000 0.023041 0.999645 0.013344 4.378900 -0.025904 -0.012746 0.999583 0.000000 0.000000 0.000000 0.000000 1.000000
0.999814 -0.015139 0.011968 0.000000 0.015066 0.999867 0.006176 4.378900 -0.012060 -0.005994 0.999909 0.000000 0.000000 0.000000 0.000000 1.000000
0.999703 -0.023957 0.004574 0.000000 0.023876 0.999571 0.016952 4.378900 -0.004978 -0.016838 0.999846 0.000000 0.000000 0.000000 0.000000 1.000000
0.998807 -0.048133 0.008216 0.000000 0.047834 0.998297 0.033399 4.378900 -0.009810 -0.032966 0.999408 -0.000000 0.000000 0.000000 0.000000 1.000000
0.997201 -0.073619 0.013048 0.000000 0.073116 0.996689 0.035555 4.378900 -0.015622 -0.034501 0.999283 -0.000000 0.000000 0.000000 0.000000 1.000000
0.995249 -0.096893 0.009565 -0.000000 0.096440 0.994539 0.039901 4.378900 -0.013379 -0.038789 0.999158 0.000000 0.000000 0.000000 0.000000 1.000000
0.994961 -0.100203 0.003346 -0.000000 0.099849 0.993356 0.057212 4.378900 -0.009056 -0.056590 0.998356 0.000000 0.000000 0.000000 0.000000 1.000000
0.997765 -0.066791 -0.001745 0.000000 0.066775 0.995956 0.060113 4.378900 -0.002277 -0.060095 0.998190 0.000000 0.000000 0.000000 0.000000 1.000000
0.999728 -0.023108 -0.003043 0.000000 0.023226 0.998615 0.047219 4.378900 0.001948 -0.047277 0.998880 0.000000 0.000000 0.000000 0.000000 1.000000
0.999841 0.016789 -0.006016 0.000000 -0.016606 0.999433 0.029294 4.378900 0.006504 -0.029189 0.999553 0.000000 0.000000 0.000000 0.000000 1.000000
0.999017 0.043715 -0.007320 0.000000 -0.043528 0.998764 0.023982 4.378900 0.008359 -0.023640 0.999686 0.000000 0.000000 0.000000 0.000000 1.000000
0.998806 0.048334 -0.007055 0.000000 -0.048078 0.998305 0.032787 4.378900 0.008628 -0.032408 0.999437 -0.000000 0.000000 0.000000 0.000000 1.000000
0.998933 0.045807 -0.005814 0.000000 -0.045586 0.998391 0.033717 4.378900 0.007349 -0.033416 0.999414 0.000000 0.000000 0.000000 0.000000 1.000000
0.998625 0.052387 -0.001892 0.000000 -0.052324 0.998321 0.024842 4.378900 0.003190 -0.024709 0.999690 -0.000000 0.000000 0.000000 0.000000 1.000000
0.998549 0.053812 -0.002100 -0.000000 -0.053760 0.998355 0.019908 4.378900 0.003167 -0.019766 0.999800 0.000000 0.000000 0.000000 0.000000 1.000000
0.999189 0.040269 -0.000154 0.000000 -0.040269 0.999188 -0.001117 4.378900 0.000109 0.001122 0.999999 0.000000 0.000000 0.000000 0.000000 1.000000
0.999934 0.009697 0.006100 0.000000 -0.009327 0.998275 -0.057963 4.378900 -0.006652 0.057902 0.998300 0.000000 0.000000 0.000000 0.000000 1.000000
0.999700 -0.012050 0.021334 0.000000 0.014834 0.990654 -0.135587 4.378900 -0.019501 0.135863 0.990536 0.000000 0.000000 0.000000 0.000000 1.000000
0.998961 -0.024459 0.038454 0.000000 0.030898 0.983732 -0.176966 4.378900 -0.033500 0.177971 0.983465 0.000000 0.000000 0.000000 0.000000 1.000000
0.998568 -0.020953 0.049220 0.000000 0.031080 0.976114 -0.215024 4.378900 -0.043539 0.216246 0.975368 -0.000000 0.000000 0.000000 0.000000 1.000000
0.998205 -0.013643 0.058319 0.000000 0.027843 0.967804 -0.250159 4.378900 -0.053028 0.251334 0.966447 0.000000 0.000000 0.000000 0.000000 1.000000
0.997574 -0.010477 0.068827 0.000000 0.028706 0.962561 -0.269540 4.378900 -0.063426 0.270862 0.960526 -0.000000 0.000000 0.000000 0.000000 1.000000
0.996610 -0.009197 0.081758 0.000000 0.031611 0.960261 -0.277307 4.378900 -0.075959 0.278952 0.957296 0.000000 0.000000 0.000000 0.000000 1.000000
0.995359 -0.009121 0.095799 0.000000 0.035449 0.960245 -0.276898 4.378900 -0.089465 0.279009 0.956112 0.000000 0.000000 0.000000 0.000000 1.000000
0.993891 -0.010553 0.109857 -0.000000 0.039933 0.962358 -0.268834 4.378900 -0.102885 0.271579 0.956901 0.000000 0.000000 0.000000 0.000000 1.000000
0.992341 -0.013431 0.122798 0.000000 0.044586 0.966006 -0.254646 4.378900 -0.115203 0.258170 0.959206 0.000000 0.000000 0.000000 0.000000 1.000000
0.990897 -0.017533 0.133473 0.000000 0.048952 0.970537 -0.235926 4.378900 -0.125404 0.240312 0.962561 0.000000 0.000000 0.000000 0.000000 1.000000
0.989791 -0.022504 0.140739 0.000000 0.052647 0.975348 -0.214301 4.378900 -0.132446 0.219523 0.966575 0.000000 0.000000 0.000000 0.000000 1.000000
0.990122 -0.028266 0.137332 0.000000 0.053174 0.981998 -0.181252 4.378900 -0.129737 0.186764 0.973800 0.000000 0.000000 0.000000 0.000000 1.000000
0.990844 -0.040387 0.128826 0.000000 0.058450 0.988470 -0.139679 4.378900 -0.121700 0.145930 0.981781 -0.000000 0.000000 0.000000 0.000000 1.000000
0.992233 -0.048404 0.114593 0.000000 0.061095 0.992056 -0.109968 4.378900 -0.108359 0.116115 0.987307 0.000000 0.000000 0.000000 0.000000 1.000000
0.993799 -0.051002 0.098805 0.000000 0.059034 0.995033 -0.080148 4.378900 -0.094227 0.085484 0.991874 -0.000000 0.000000 0.000000 0.000000 1.000000
0.994863 -0.056251 0.084162 0.000000 0.060545 0.996944 -0.049375 4.378900 -0.081128 0.054217 0.995228 0.000000 0.000000 0.000000 0.000000 1.000000
0.996024 -0.055551 0.069638 0.000000 0.058015 0.997741 -0.033874 4.378900 -0.067599 0.037779 0.996997 0.000000 0.000000 0.000000 0.000000 1.000000
0.997452 -0.044862 0.055472 -0.000000 0.046391 0.998570 -0.026587 4.378900 -0.054200 0.029092 0.998106 0.000000 0.000000 0.000000 0.000000 1.000000
0.998418 -0.034640 0.044284 -0.000000 0.035597 0.999145 -0.021015 4.378900 -0.043518 0.022558 0.998798 0.000000 0.000000 0.000000 0.000000 1.000000
0.998683 -0.017810 0.048116 -0.000000 0.019940 0.998826 -0.044156 4.378900 -0.047273 0.045057 0.997865 0.000000 0.000000 0.000000 0.000000 1.000000
0.997698 0.010845 0.066944 0.000000 -0.004481 0.995516 -0.094488 4.378900 -0.067669 0.093971 0.993273 0.000000 0.000000 0.000000 0.000000 1.000000
0.993762 0.057153 0.095761 -0.000000 -0.041674 0.986801 -0.156481 4.378900 -0.103440 0.151514 0.983028 0.000000 0.000000 0.000000 0.000000 1.000000
0.986478 0.101730 0.128498 0.000000 -0.072467 0.973977 -0.214751 4.378900 -0.147001 0.202536 0.968179 0.000000 0.000000 0.000000 0.000000 1.000000
0.976196 0.142652 0.163376 -0.000000 -0.094622 0.957912 -0.271021 4.378900 -0.195161 0.249110 0.948608 0.000000 0.000000 0.000000 0.000000 1.000000</float_array><technique_common><accessor source="#mixamorig_Spine1-Matrix-animation-output-transform-array" count="67" stride="16"><param type="float4x4"/></accessor></technique_common></source><source id="mixamorig_Spine1-Interpolations"><Name_array id="mixamorig_Spine1-Interpolations-array" count="67">
 LINEAR LINEAR LINEAR LINEAR LINEAR LINEAR LINEAR LINEAR LINEAR LINEAR LINEAR
LINEAR LINEAR LINEAR LINEAR LINEAR LINEAR LINEAR LINEAR LINEAR LINEAR LINEAR LINEAR
LINEAR LINEAR LINEAR LINEAR LINEAR LINEAR LINEAR LINEAR LINEAR LINEAR LINEAR LINEAR
LINEAR LINEAR LINEAR LINEAR LINEAR LINEAR LINEAR LINEAR LINEAR LINEAR LINEAR LINEAR
LINEAR LINEAR LINEAR LINEAR LINEAR LINEAR LINEAR LINEAR LINEAR LINEAR LINEAR LINEAR
LINEAR LINEAR LINEAR LINEAR LINEAR LINEAR LINEAR LINEAR</Name_array><technique_common><accessor source="#mixamorig_Spine1-Interpolations-array" count="67"><param type="name"/></accessor></technique_common></source><sampler id="mixamorig_Spine1-Matrix-animation-transform"><input semantic="INPUT" source="#mixamorig_Spine1-Matrix-animation-input"/><input semantic="OUTPUT" source="#mixamorig_Spine1-Matrix-animation-output-transform"/><input semantic="INTERPOLATION" source="#mixamorig_Spine1-Interpolations"/></sampler><channel source="#mixamorig_Spine1-Matrix-animation-transform" target="mixamorig_Spine1/matrix"/></animation>
    <animation id="mixamorig_Spine2-anim" name="mixamorig_Spine2"><source id="mixamorig_Spine2-Matrix-animation-input"><float_array id="mixamorig_Spine2-Matrix-animation-input-array" count="67">

0.000000 0.033333 0.066667 0.100000 0.133333 0.166667 0.200000 0.233333 0.266667 0.300000 0.333333 0.366667 0.400000 0.433333 0.466667 0.500000
0.533333 0.566667 0.600000 0.633333 0.666667 0.700000 0.733333 0.766667 0.800000 0.833333 0.866667 0.900000 0.933333 0.966667 1.000000 1.033333
1.066667 1.100000 1.133333 1.166667 1.200000 1.233333 1.266667 1.300000 1.333333 1.366667 1.400000 1.433333 1.466667 1.500000 1.533333 1.566667
1.600000 1.633333 1.666667 1.700000 1.733333 1.766667 1.800000 1.833333 1.866667 1.900000 1.933333 1.966667 2.000000 2.033333 2.066667 2.100000
2.133333 2.166667 2.200000</float_array><technique_common><accessor source="#mixamorig_Spine2-Matrix-animation-input-array" count="67"><param name="TIME" type="float"/></accessor></technique_common></source><source id="mixamorig_Spine2-Matrix-animation-output-transform"><float_array id="mixamorig_Spine2-Matrix-animation-output-transform-array" count="1072">

0.992991 0.118182 -0.001574 -0.000000 -0.115776 0.969924 -0.214112 5.004500 -0.023778 0.212793 0.976808 -0.000000 0.000000 0.000000 0.000000 1.000000
0.997618 0.068696 -0.006248 -0.000000 -0.068784 0.983872 -0.165118 5.004500 -0.005196 0.165155 0.986254 0.000000 0.000000 0.000000 0.000000 1.000000
0.999884 0.013324 -0.007427 -0.000000 -0.014095 0.993174 -0.115788 5.004500 0.005833 0.115880 0.993246 -0.000000 0.000000 0.000000 0.000000 1.000000
0.999260 -0.038058 -0.005542 -0.000000 0.037574 0.996813 -0.070375 5.004500 0.008203 0.070115 0.997505 -0.000000 0.000000 0.000000 0.000000 1.000000
0.997134 -0.075652 -0.000793 0.000000 0.075596 0.996701 -0.029538 5.004500 0.003025 0.029394 0.999563 0.000000 0.000000 0.000000 0.000000 1.000000
0.995867 -0.090591 0.006468 -0.000000 0.090534 0.995856 0.008589 5.004500 -0.007219 -0.007968 0.999942 0.000000 0.000000 0.000000 0.000000 1.000000
0.996755 -0.079602 0.011945 -0.000000 0.079001 0.995886 0.044378 5.004500 -0.015428 -0.043291 0.998943 -0.000000 0.000000 0.000000 0.000000 1.000000
