<?xml version="1.0" encoding="utf-8"?>
<COLLADA xmlns="http://www.collada.org/2005/11/COLLADASchema" version="1.4.1">
  <asset><contributor><author>Mixamo</author><authoring_tool>COLLADA Mixamo exporter</authoring_tool><comments></comments></contributor><created>2020-10-31T23:44:17Z</created><modified>2020-10-31T23:44:17Z</modified><revision></revision><title></title><unit meter="0.010000"/><up_axis>Y_UP</up_axis></asset>
  <library_animations>
    <animation id="mixamorig_Hips-anim" name="mixamorig_Hips"><source id="mixamorig_Hips-Matrix-animation-input"><float_array id="mixamorig_Hips-Matrix-animation-input-array" count="98">

0.000000 0.033333 0.066667 0.100000 0.133333 0.166667 0.200000 0.233333 0.266667 0.300000 0.333333 0.366667 0.400000 0.433333 0.466667 0.500000
0.533333 0.566667 0.600000 0.633333 0.666667 0.700000 0.733333 0.766667 0.800000 0.833333 0.866667 0.900000 0.933333 0.966667 1.000000 1.033333
1.066667 1.100000 1.133333 1.166667 1.200000 1.233333 1.266667 1.300000 1.333333 1.366667 1.400000 1.433333 1.466667 1.500000 1.533333 1.566667
1.600000 1.633333 1.666667 1.700000 1.733333 1.766667 1.800000 1.833333 1.866667 1.900000 1.933333 1.966667 2.000000 2.033333 2.066667 2.100000
2.133333 2.166667 2.200000 2.233333 2.266667 2.300000 2.333333 2.366667 2.400000 2.433333 2.466667 2.500000 2.533333 2.566667 2.600000 2.633333
2.666667 2.700000 2.733333 2.766667 2.800000 2.833333 2.866667 2.900000 2.933333 2.966667 3.000000 3.033333 3.066667 3.100000 3.133333 3.166667
3.200000 3.233333</float_array><technique_common><accessor source="#mixamorig_Hips-Matrix-animation-input-array" count="98"><param name="TIME" type="float"/></accessor></technique_common></source><source id="mixamorig_Hips-Matrix-animation-output-transform"><float_array id="mixamorig_Hips-Matrix-animation-output-transform-array" count="1568">

0.998335 0.000083 -0.057685 0.001110 -0.017358 0.954088 -0.299024 44.180630 0.055011 0.299527 0.952501 0.163246 0.000000 0.000000 0.000000 1.000000
0.997986 -0.003391 -0.063348 -0.572556 -0.015947 0.953095 -0.302252 44.272881 0.061401 0.302654 0.951121 0.612298 0.000000 0.000000 0.000000 1.000000
0.997048 0.001883 -0.076762 -1.321959 -0.024750 0.954225 -0.298062 44.428123 0.072687 0.299082 0.951455 1.177448 0.000000 0.000000 0.000000 1.000000
0.996199 0.008177 -0.086727 -2.245584 -0.033023 0.956723 -0.289120 44.740593 0.080610 0.290885 0.953356 1.757750 0.000000 0.000000 0.000000 1.000000
0.996326 0.017540 -0.083823 -3.222089 -0.041098 0.956653 -0.288316 45.205574 0.075132 0.290701 0.953859 2.132295 0.000000 0.000000 0.000000 1.000000
0.996576 0.017035 -0.080909 -4.172418 -0.041518 0.949337 -0.311506 45.486576 0.071504 0.313798 0.946793 2.337175 0.000000 0.000000 0.000000 1.000000
0.996579 0.000872 -0.082647 -5.065700 -0.028759 0.941118 -0.336852 45.313217 0.077487 0.338076 0.937923 2.506823 0.000000 0.000000 0.000000 1.000000
0.994376 -0.025266 -0.102850 -5.885143 -0.011407 0.939926 -0.341187 44.490410 0.105292 0.340441 0.934352 2.653560 0.000000 0.000000 0.000000 1.000000
0.989552 -0.036761 -0.139414 -6.519431 -0.009716 0.947749 -0.318868 43.229809 0.143851 0.316891 0.937490 2.745774 0.000000 0.000000 0.000000 1.000000
0.985462 -0.034461 -0.166362 -7.173601 -0.018318 0.951951 -0.305701 41.600746 0.168904 0.304304 0.937481 2.987500 0.000000 0.000000 0.000000 1.000000
0.985532 -0.052931 -0.161015 -7.992045 0.000742 0.951326 -0.308186 39.841480 0.169490 0.303608 0.937601 3.321290 0.000000 0.000000 0.000000 1.000000
0.988782 -0.070751 -0.131548 -9.215086 0.028643 0.954170 -0.297890 38.458431 0.146595 0.290780 0.945493 3.922484 0.000000 0.000000 0.000000 1.000000
0.985792 -0.091834 -0.140646 -10.997385 0.047041 0.954745 -0.293683 37.743401 0.161251 0.282894 0.945499 5.207031 0.000000 0.000000 0.000000 1.000000
0.975863 -0.120430 -0.182175 -13.284822 0.062541 0.953377 -0.295231 37.399441 0.209236 0.276711 0.937897 7.081644 0.000000 0.000000 0.000000 1.000000
0.962853 -0.158982 -0.218264 -16.243500 0.086419 0.947219 -0.308720 37.438538 0.255825 0.278390 0.925771 9.388230 0.000000 0.000000 0.000000 1.000000
0.949814 -0.228382 -0.213765 -19.248558 0.140537 0.922049 -0.360658 37.177185 0.279470 0.312516 0.907871 11.558701 0.000000 0.000000 0.000000 1.000000
0.930087 -0.293794 -0.220507 -23.207285 0.195594 0.904194 -0.379705 37.655132 0.310936 0.310029 0.898444 13.522649 0.000000 0.000000 0.000000 1.000000
0.908671 -0.370145 -0.193156 -27.269098 0.277753 0.881329 -0.382246 38.615326 0.311721 0.293686 0.903647 15.398558 0.000000 0.000000 0.000000 1.000000
0.867312 -0.454900 -0.202076 -30.803089 0.359814 0.853479 -0.376971 39.427551 0.343952 0.254242 0.903913 16.945156 0.000000 0.000000 0.000000 1.000000
0.824031 -0.534904 -0.186685 -34.992413 0.432092 0.806494 -0.403564 40.350025 0.366428 0.251884 0.895703 18.581268 0.000000 0.000000 0.000000 1.000000
0.781989 -0.600780 -0.166002 -39.185127 0.492647 0.758909 -0.425859 41.307152 0.381828 0.251237 0.889431 20.304056 0.000000 0.000000 0.000000 1.000000
0.738854 -0.658792 -0.141729 -43.349468 0.546538 0.708878 -0.445857 42.294758 0.394196 0.251963 0.883813 22.049955 0.000000 0.000000 0.000000 1.000000
0.694916 -0.709721 -0.115705 -47.524410 0.594478 0.657537 -0.462863 43.309494 0.404583 0.252867 0.878846 23.819086 0.000000 0.000000 0.000000 1.000000
0.649863 -0.754719 -0.089873 -51.757030 0.637375 0.605564 -0.476493 44.343838 0.414042 0.252372 0.874573 25.614908 0.000000 0.000000 0.000000 1.000000
0.603236 -0.794811 -0.066192 -56.090996 0.675899 0.553511 -0.486606 45.384674 0.423398 0.248799 0.871110 27.440222 0.000000 0.000000 0.000000 1.000000
0.554429 -0.830925 -0.046602 -60.565880 0.710564 0.501783 -0.493267 46.413555 0.433251 0.240368 0.868629 29.296768 0.000000 0.000000 0.000000 1.000000
0.502689 -0.863837 -0.033007 -65.216385 0.741762 0.450629 -0.496712 47.408417 0.443953 0.225208 0.867288 31.184143 0.000000 0.000000 0.000000 1.000000
0.447020 -0.893813 -0.035656 -70.285194 0.769083 0.404384 -0.494960 48.295761 0.456821 0.193835 0.868184 33.131588 0.000000 0.000000 0.000000 1.000000
0.409196 -0.912373 -0.011617 -74.336182 0.808452 0.368432 -0.458981 47.995441 0.423042 0.178421 0.888370 34.713100 0.000000 0.000000 0.000000 1.000000
0.375156 -0.926943 0.005811 -78.019058 0.826717 0.331744 -0.454406 47.437119 0.419281 0.175277 0.890776 36.149532 0.000000 0.000000 0.000000 1.000000
0.368389 -0.928978 0.035910 -82.561958 0.816755 0.304953 -0.489811 46.138889 0.444073 0.209771 0.871089 37.517658 0.000000 0.000000 0.000000 1.000000
0.357434 -0.932299 0.055315 -87.341522 0.799344 0.274755 -0.534377 44.390244 0.483001 0.235220 0.843434 38.692333 0.000000 0.000000 0.000000 1.000000
0.342334 -0.937098 0.068221 -92.221054 0.781555 0.243705 -0.574265 42.380493 0.521517 0.249909 0.815822 39.784916 0.000000 0.000000 0.000000 1.000000
0.348544 -0.932562 0.094052 -96.895477 0.751307 0.217977 -0.622915 39.976513 0.560406 0.287775 0.776615 40.763458 0.000000 0.000000 0.000000 1.000000
0.306853 -0.946525 0.099663 -101.787018 0.726311 0.165208 -0.667217 37.105583 0.615072 0.277124 0.738166 41.714043 0.000000 0.000000 0.000000 1.000000
0.247269 -0.960589 0.126994 -106.761406 0.739948 0.102584 -0.664796 33.807251 0.625568 0.258352 0.736151 42.641434 0.000000 0.000000 0.000000 1.000000
0.190616 -0.952836 0.236154 -111.926041 0.758474 -0.009769 -0.651630 30.272833 0.623203 0.303327 0.720840 43.357956 0.000000 0.000000 0.000000 1.000000
0.164264 -0.943245 0.288629 -117.187729 0.779867 -0.054984 -0.623526 25.867290 0.604008 0.327515 0.726573 43.697998 0.000000 0.000000 0.000000 1.000000
0.124533 -0.940522 0.316086 -122.617966 0.823743 -0.079585 -0.561350 20.845684 0.553118 0.330280 0.764837 43.515862 0.000000 0.000000 0.000000 1.000000
0.078869 -0.938842 0.335193 -126.820641 0.869557 -0.099637 -0.483676 16.585751 0.487494 0.329617 0.808519 42.700573 0.000000 0.000000 0.000000 1.000000
0.031818 -0.940170 0.339218 -130.984192 0.898930 -0.121449 -0.420922 14.116906 0.436935 0.318326 0.841282 41.508904 0.000000 0.000000 0.000000 1.000000
-0.010390 -0.940416 0.339867 -134.360352 0.917364 -0.144216 -0.371005 11.966991 0.397913 0.307927 0.864202 41.737835 0.000000 0.000000 0.000000 1.000000
-0.012344 -0.945898 0.324230 -137.746384 0.945307 -0.116738 -0.304577 8.544867 0.325948 0.302737 0.895605 43.087101 0.000000 0.000000 0.000000 1.000000
-0.069276 -0.965477 0.251106 -140.495865 0.985820 -0.104818 -0.131042 8.228292 0.152839 0.238468 0.959048 43.372696 0.000000 0.000000 0.000000 1.000000
-0.098171 -0.982090 0.160816 -144.140976 0.994393 -0.090420 0.054841 8.230968 -0.039318 0.165298 0.985460 43.247047 0.000000 0.000000 0.000000 1.000000
-0.087637 -0.987589 0.130334 -147.318954 0.990188 -0.072068 0.119721 8.407656 -0.108842 0.139547 0.984215 42.700317 0.000000 0.000000 0.000000 1.000000
-0.075878 -0.981863 0.173744 -149.819061 0.996299 -0.067598 0.053099 8.487298 -0.040391 0.177130 0.983358 41.899803 0.000000 0.000000 0.000000 1.000000
-0.066299 -0.974508 0.214332 -151.963654 0.996789 -0.074353 -0.029730 8.383307 0.044908 0.211672 0.976308 41.202950 0.000000 0.000000 0.000000 1.000000
-0.048362 -0.975869 0.212935 -153.809204 0.996576 -0.061455 -0.055306 8.334017 0.067057 0.209531 0.975500 40.656654 0.000000 0.000000 0.000000 1.000000
-0.013227 -0.978484 0.205901 -155.212524 0.996708 -0.029375 -0.075568 8.320381 0.079991 0.204223 0.975651 40.428829 0.000000 0.000000 0.000000 1.000000
0.012291 -0.981359 0.191789 -156.906464 0.995484 -0.006046 -0.094732 8.405992 0.094126 0.192087 0.976854 40.201931 0.000000 0.000000 0.000000 1.000000
0.026292 -0.984391 0.174020 -158.340652 0.994240 0.007657 -0.106904 8.483879 0.103903 0.175828 0.978922 40.293892 0.000000 0.000000 0.000000 1.000000
0.035532 -0.985689 0.164784 -159.201935 0.994402 0.018454 -0.104037 8.547235 0.099507 0.167558 0.980828 40.212711 0.000000 0.000000 0.000000 1.000000
0.044466 -0.985158 0.165788 -159.491043 0.995080 0.028970 -0.094741 8.572298 0.088532 0.169185 0.981600 40.242821 0.000000 0.000000 0.000000 1.000000
0.049471 -0.984446 0.168579 -159.650192 0.995937 0.035906 -0.082586 8.569955 0.075249 0.171980 0.982222 40.289246 0.000000 0.000000 0.000000 1.000000
0.051777 -0.983481 0.173449 -159.697311 0.996856 0.040468 -0.068115 8.548283 0.059971 0.176431 0.982484 40.340569 0.000000 0.000000 0.000000 1.000000
0.053776 -0.982115 0.180437 -159.625290 0.997622 0.045040 -0.052176 8.528721 0.043116 0.182814 0.982202 40.407528 0.000000 0.000000 0.000000 1.000000
0.057716 -0.980112 0.189865 -159.432495 0.998020 0.051880 -0.035572 8.529639 0.025014 0.191542 0.981166 40.490997 0.000000 0.000000 0.000000 1.000000
0.063412 -0.977228 0.202494 -159.144714 0.997973 0.061009 -0.018093 8.539359 0.005327 0.203230 0.979116 40.568943 0.000000 0.000000 0.000000 1.000000
0.072447 -0.973039 0.218966 -158.766785 0.997257 0.074003 -0.001099 8.576860 -0.015135 0.218445 0.975732 40.646523 0.000000 0.000000 0.000000 1.000000
0.086150 -0.966968 0.239898 -158.298584 0.995635 0.092239 0.014248 8.659921 -0.035905 0.237623 0.970694 40.737423 0.000000 0.000000 0.000000 1.000000
0.113054 -0.957199 0.266438 -157.764725 0.991991 0.123940 0.024345 8.796007 -0.056326 0.261552 0.963545 40.840088 0.000000 0.000000 0.000000 1.000000
0.148838 -0.942932 0.297870 -157.180283 0.985769 0.165285 0.030662 8.978374 -0.078146 0.289067 0.954114 40.950500 0.000000 0.000000 0.000000 1.000000
0.177279 -0.926364 0.332299 -156.499466 0.978753 0.201299 0.039013 9.192719 -0.103032 0.318322 0.942367 41.070885 0.000000 0.000000 0.000000 1.000000
0.179797 -0.911835 0.369093 -154.956207 0.974930 0.215177 0.056669 10.679194 -0.131093 0.349651 0.927663 41.193165 0.000000 0.000000 0.000000 1.000000
0.168508 -0.897376 0.407825 -153.262955 0.972568 0.218677 0.079324 12.313313 -0.160365 0.383271 0.909608 41.291199 0.000000 0.000000 0.000000 1.000000
0.150625 -0.880659 0.449167 -151.531784 0.970291 0.218713 0.103440 13.958519 -0.189334 0.420242 0.887440 41.357082 0.000000 0.000000 0.000000 1.000000
0.128765 -0.851815 0.507771 -149.617020 0.966747 0.221909 0.127108 15.513799 -0.220952 0.474519 0.852063 41.405060 0.000000 0.000000 0.000000 1.000000
0.118681 -0.841051 0.527776 -147.807007 0.961074 0.230865 0.151783 16.971247 -0.249502 0.489218 0.835712 41.532940 0.000000 0.000000 0.000000 1.000000
0.144800 -0.833368 0.533415 -146.116653 0.954428 0.259819 0.146834 18.660669 -0.260958 0.487845 0.833011 41.797977 0.000000 0.000000 0.000000 1.000000
0.191670 -0.818403 0.541737 -144.608154 0.942834 0.306862 0.129996 20.076309 -0.272628 0.485851 0.830435 42.090622 0.000000 0.000000 0.000000 1.000000
0.252730 -0.795522 0.550701 -143.332336 0.925123 0.365365 0.103232 21.112186 -0.283330 0.483377 0.828294 42.396381 0.000000 0.000000 0.000000 1.000000
0.317116 -0.766525 0.558460 -142.263702 0.902560 0.424754 0.070494 21.802500 -0.291244 0.481688 0.826531 42.712296 0.000000 0.000000 0.000000 1.000000
0.383683 -0.731361 0.563825 -141.368179 0.874499 0.483928 0.032627 22.220531 -0.296714 0.480546 0.825249 43.046326 0.000000 0.000000 0.000000 1.000000
0.450800 -0.690398 0.565800 -140.602295 0.840714 0.541402 -0.009211 22.433393 -0.299966 0.479829 0.824491 43.400246 0.000000 0.000000 0.000000 1.000000
0.516906 -0.644304 0.563632 -139.923889 0.801275 0.595883 -0.053676 22.509668 -0.301275 0.479370 0.824280 43.777355 0.000000 0.000000 0.000000 1.000000
0.581296 -0.593322 0.556834 -139.285675 0.755782 0.647247 -0.099324 22.556515 -0.301478 0.478582 0.824664 44.205597 0.000000 0.000000 0.000000 1.000000
0.643079 -0.538064 0.544919 -138.639648 0.704323 0.694906 -0.145034 22.646793 -0.300630 0.477067 0.825850 44.688007 0.000000 0.000000 0.000000 1.000000
0.700535 -0.480321 0.527771 -137.970596 0.648344 0.737393 -0.189480 22.831039 -0.298163 0.474914 0.827983 45.204491 0.000000 0.000000 0.000000 1.000000
0.752959 -0.420743 0.505992 -136.732788 0.588264 0.774983 -0.230971 24.087597 -0.294955 0.471569 0.831038 45.772350 0.000000 0.000000 0.000000 1.000000
0.803159 -0.359277 0.475244 -135.786469 0.522446 0.808124 -0.272002 25.183084 -0.286332 0.466750 0.836755 46.469566 0.000000 0.000000 0.000000 1.000000
0.848442 -0.301239 0.435203 -135.175354 0.456043 0.833397 -0.312210 26.278248 -0.268647 0.463363 0.844466 47.422070 0.000000 0.000000 0.000000 1.000000
0.886520 -0.251801 0.388173 -134.576538 0.392551 0.853407 -0.342929 27.431633 -0.244919 0.456391 0.855407 48.360264 0.000000 0.000000 0.000000 1.000000
0.910845 -0.222520 0.347628 -134.107544 0.347915 0.867068 -0.356579 28.537251 -0.222071 0.445733 0.867183 48.775249 0.000000 0.000000 0.000000 1.000000
0.931134 -0.197600 0.306502 -133.649033 0.306860 0.878674 -0.365745 29.613249 -0.197044 0.434611 0.878799 49.051289 0.000000 0.000000 0.000000 1.000000
0.947908 -0.175476 0.265855 -133.210266 0.268559 0.889066 -0.370726 30.683439 -0.171309 0.422812 0.889878 49.220890 0.000000 0.000000 0.000000 1.000000
0.961973 -0.153942 0.225630 -132.770874 0.231148 0.898911 -0.372194 31.806526 -0.145525 0.410195 0.900312 49.342190 0.000000 0.000000 0.000000 1.000000
0.973285 -0.134106 0.186364 -132.349167 0.196062 0.907838 -0.370662 32.939117 -0.119480 0.397299 0.909878 49.404148 0.000000 0.000000 0.000000 1.000000
0.982303 -0.114484 0.148240 -131.935226 0.162108 0.916109 -0.366695 34.096882 -0.093823 0.384236 0.918455 49.428730 0.000000 0.000000 0.000000 1.000000
0.989121 -0.095640 0.111768 -131.539383 0.130069 0.923523 -0.360816 35.251282 -0.068711 0.371428 0.925916 49.416664 0.000000 0.000000 0.000000 1.000000
0.993959 -0.077701 0.077515 -131.165131 0.100275 0.930022 -0.353560 36.384090 -0.044618 0.359197 0.932195 49.379471 0.000000 0.000000 0.000000 1.000000
0.997161 -0.060037 0.045452 -130.810760 0.072082 0.935639 -0.345519 37.495674 -0.021782 0.347814 0.937310 49.322365 0.000000 0.000000 0.000000 1.000000
0.999018 -0.041602 0.015225 -130.465164 0.044300 0.940373 -0.337248 38.596737 -0.000287 0.337591 0.941293 49.247356 0.000000 0.000000 0.000000 1.000000
0.999608 -0.025496 -0.011566 -130.175705 0.020269 0.944029 -0.329239 39.603859 0.019313 0.328876 0.944176 49.170719 0.000000 0.000000 0.000000 1.000000
0.999339 -0.011112 -0.034626 -129.941193 -0.000632 0.946721 -0.322054 40.517555 0.036359 0.321862 0.946088 49.112080 0.000000 0.000000 0.000000 1.000000
0.998542 0.002423 -0.053928 -129.755768 -0.019379 0.948488 -0.316221 41.343113 0.050384 0.316805 0.947152 49.085079 0.000000 0.000000 0.000000 1.000000
0.997486 0.015206 -0.069213 -129.623505 -0.036137 0.949313 -0.312247 42.068920 0.060957 0.313963 0.947476 49.102581 0.000000 0.000000 0.000000 1.000000
0.997276 0.022075 -0.070382 -129.687027 -0.043168 0.948368 -0.314222 42.470558 0.059812 0.316404 0.946737 49.174015 0.000000 0.000000 0.000000 1.000000</float_array><technique_common><accessor source="#mixamorig_Hips-Matrix-animation-output-transform-array" count="98" stride="16"><param type="float4x4"/></accessor></technique_common></source><source id="mixamorig_Hips-Interpolations"><Name_array id="mixamorig_Hips-Interpolations-array" count="98">
 LINEAR LINEAR LINEAR LINEAR LINEAR LINEAR LINEAR LINEAR LINEAR LINEAR LINEAR
LINEAR LINEAR LINEAR LINEAR LINEAR LINEAR LINEAR LINEAR LINEAR LINEAR LINEAR LINEAR
LINEAR LINEAR LINEAR LINEAR LINEAR LINEAR LINEAR LINEAR LINEAR LINEAR LINEAR LINEAR
LINEAR LINEAR LINEAR LINEAR LINEAR LINEAR LINEAR LINEAR LINEAR LINEAR LINEAR LINEAR
LINEAR LINEAR LINEAR LINEAR LINEAR LINEAR LINEAR LINEAR LINEAR LINEAR LINEAR LINEAR
LINEAR LINEAR LINEAR LINEAR LINEAR LINEAR LINEAR LINEAR LINEAR LINEAR LINEAR LINEAR
LINEAR LINEAR LINEAR LINEAR LINEAR LINEAR LINEAR LINEAR LINEAR LINEAR LINEAR LINEAR
LINEAR LINEAR LINEAR LINEAR LINEAR LINEAR LINEAR LINEAR LINEAR LINEAR LINEAR LINEAR
LINEAR LINEAR LINEAR</Name_array><technique_common><accessor source="#mixamorig_Hips-Interpolations-array" count="98"><param type="name"/></accessor></technique_common></source><sampler id="mixamorig_Hips-Matrix-animation-transform"><input semantic="INPUT" source="#mixamorig_Hips-Matrix-animation-input"/><input semantic="OUTPUT" source="#mixamorig_Hips-Matrix-animation-output-transform"/><input semantic="INTERPOLATION" source="#mixamorig_Hips-Interpolations"/></sampler><channel source="#mixamorig_Hips-Matrix-animation-transform" target="mixamorig_Hips/matrix"/></animation>
    <animation id="mixamorig_Spine-anim" name="mixamorig_Spine"><source id="mixamorig_Spine-Matrix-animation-input"><float_array id="mixamorig_Spine-Matrix-animation-input-array" count="98">

0.000000 0.033333 0.066667 0.100000 0.133333 0.166667 0.200000 0.233333 0.266667 0.300000 0.333333 0.366667 0.400000 0.433333 0.466667 0.500000
0.533333 0.566667 0.600000 0.633333 0.666667 0.700000 0.733333 0.766667 0.800000 0.833333 0.866667 0.900000 0.933333 0.966667 1.000000 1.033333
1.066667 1.100000 1.133333 1.166667 1.200000 1.233333 1.266667 1.300000 1.333333 1.366667 1.400000 1.433333 1.466667 1.500000 1.533333 1.566667
1.600000 1.633333 1.666667 1.700000 1.733333 1.766667 1.800000 1.833333 1.866667 1.900000 1.933333 1.966667 2.000000 2.033333 2.066667 2.100000
2.133333 2.166667 2.200000 2.233333 2.266667 2.300000 2.333333 2.366667 2.400000 2.433333 2.466667 2.500000 2.533333 2.566667 2.600000 2.633333
2.666667 2.700000 2.733333 2.766667 2.800000 2.833333 2.866667 2.900000 2.933333 2.966667 3.000000 3.033333 3.066667 3.100000 3.133333 3.166667
3.200000 3.233333</float_array><technique_common><accessor source="#mixamorig_Spine-Matrix-animation-input-array" count="98"><param name="TIME" type="float"/></accessor></technique_common></source><source id="mixamorig_Spine-Matrix-animation-output-transform"><float_array id="mixamorig_Spine-Matrix-animation-output-transform-array" count="1568">

0.999619 -0.007895 -0.026440 0.000000 0.001071 0.968571 -0.248736 3.753200 0.027573 0.248613 0.968210 -0.033300 0.000000 0.000000 0.000000 1.000000
0.999754 -0.005045 -0.021599 0.000000 -0.000274 0.970898 -0.239494 3.753200 0.022178 0.239441 0.970658 -0.033300 0.000000 0.000000 0.000000 1.000000
0.999939 -0.003194 -0.010618 -0.000000 0.000597 0.971722 -0.236126 3.753200 0.011072 0.236106 0.971664 -0.033300 0.000000 0.000000 0.000000 1.000000
0.999989 -0.002550 0.003842 0.000000 0.003400 0.970577 -0.240766 3.753200 -0.003115 0.240776 0.970576 -0.033300 0.000000 0.000000 0.000000 1.000000
0.999854 -0.000887 0.017055 0.000000 0.005100 0.968588 -0.248619 3.753200 -0.016299 0.248669 0.968451 -0.033300 0.000000 0.000000 0.000000 1.000000
0.999719 0.006486 0.022804 0.000000 -0.000457 0.966946 -0.254982 3.753200 -0.023704 0.254900 0.966677 -0.033300 0.000000 0.000000 0.000000 1.000000
0.999593 0.019072 0.021216 0.000000 -0.012690 0.963318 -0.268063 3.753200 -0.025551 0.267685 0.963168 -0.033300 0.000000 0.000000 0.000000 1.000000
0.999389 0.029142 0.019288 -0.000000 -0.021955 0.952982 -0.302230 3.753200 -0.027189 0.301622 0.953040 -0.033300 0.000000 0.000000 0.000000 1.000000
0.999545 0.022935 0.019576 0.000000 -0.014518 0.935054 -0.354209 3.753200 -0.026429 0.353763 0.934962 -0.033300 0.000000 0.000000 0.000000 1.000000
0.999977 -0.001998 0.006421 0.000000 0.004414 0.915376 -0.402576 3.753200 -0.005073 0.402595 0.915364 -0.033300 0.000000 0.000000 0.000000 1.000000
0.998745 -0.040303 -0.029750 0.000000 0.023353 0.900000 -0.435265 3.753200 0.044317 0.434023 0.899811 -0.033300 0.000000 0.000000 0.000000 1.000000
0.993818 -0.085086 -0.071322 0.000000 0.043480 0.889363 -0.455130 3.753200 0.102157 0.449215 0.887564 -0.033300 0.000000 0.000000 0.000000 1.000000
0.986999 -0.129653 -0.094988 0.000000 0.071789 0.884390 -0.461194 3.753200 0.143802 0.448379 0.882200 -0.033300 0.000000 0.000000 0.000000 1.000000
0.980649 -0.164576 -0.106034 0.000000 0.101748 0.891151 -0.442152 3.753200 0.167260 0.422807 0.890651 -0.033300 0.000000 0.000000 0.000000 1.000000
0.975223 -0.183100 -0.124158 0.000000 0.121178 0.911668 -0.392655 3.753200 0.185086 0.367881 0.911267 -0.033300 0.000000 0.000000 0.000000 1.000000
0.969780 -0.185751 -0.158184 0.000000 0.124880 0.934898 -0.332221 3.753200 0.209597 0.302428 0.929842 -0.033300 0.000000 0.000000 0.000000 1.000000
0.967529 -0.170210 -0.186858 -0.000000 0.110597 0.949833 -0.292551 3.753200 0.227279 0.262386 0.937816 -0.033300 0.000000 0.000000 0.000000 1.000000
0.971927 -0.137770 -0.190726 -0.000000 0.081000 0.957008 -0.278521 3.753200 0.220898 0.255254 0.941302 -0.033300 0.000000 0.000000 0.000000 1.000000
0.982052 -0.090415 -0.165529 0.000000 0.043469 0.962483 -0.267836 3.753200 0.183535 0.255833 0.949139 -0.033300 0.000000 0.000000 0.000000 1.000000
0.989741 -0.043299 -0.136152 0.000000 0.008477 0.969088 -0.246568 3.753200 0.142620 0.242885 0.959514 -0.033300 0.000000 0.000000 0.000000 1.000000
0.993206 -0.001609 -0.116358 -0.000000 -0.023720 0.976113 -0.215963 3.753200 0.113926 0.217256 0.969443 -0.033300 0.000000 0.000000 0.000000 1.000000
0.994366 0.038310 -0.098836 0.000000 -0.055790 0.981959 -0.180675 3.753200 0.090131 0.185171 0.978564 -0.033300 0.000000 0.000000 0.000000 1.000000
0.993598 0.074519 -0.084912 0.000000 -0.086203 0.985892 -0.143480 3.753200 0.073022 0.149881 0.986004 -0.033300 0.000000 0.000000 0.000000 1.000000
0.991507 0.105618 -0.075881 0.000000 -0.113412 0.987763 -0.107057 3.753200 0.063645 0.114754 0.991353 -0.033300 0.000000 0.000000 0.000000 1.000000
0.988810 0.130142 -0.072925 -0.000000 -0.135502 0.988002 -0.074110 3.753200 0.062405 0.083162 0.994580 -0.033300 0.000000 0.000000 0.000000 1.000000
0.986176 0.146639 -0.077160 0.000000 -0.150542 0.987465 -0.047433 3.753200 0.069237 0.058393 0.995890 -0.033300 0.000000 0.000000 0.000000 1.000000
0.984044 0.153678 -0.089671 0.000000 -0.156903 0.987157 -0.030048 3.753200 0.083902 0.043639 0.995518 -0.033300 0.000000 0.000000 0.000000 1.000000
0.982643 0.137704 -0.124303 -0.000000 -0.143087 0.989076 -0.035424 3.753200 0.118067 0.052595 0.991612 -0.033300 0.000000 0.000000 0.000000 1.000000
0.980958 0.105646 -0.162971 -0.000000 -0.114696 0.992282 -0.047131 3.753200 0.156734 0.064926 0.985505 -0.033300 0.000000 0.000000 0.000000 1.000000
0.979271 0.080637 -0.185811 -0.000000 -0.090285 0.994942 -0.044044 3.753200 0.181320 0.059907 0.981598 -0.033300 0.000000 0.000000 0.000000 1.000000
0.976898 0.066650 -0.203048 0.000000 -0.074156 0.996808 -0.029577 3.753200 0.200429 0.043951 0.978722 -0.033300 0.000000 0.000000 0.000000 1.000000
0.973671 0.063450 -0.218948 -0.000000 -0.068555 0.997522 -0.015790 3.753200 0.217404 0.030384 0.975609 -0.033300 0.000000 0.000000 0.000000 1.000000
0.970839 0.066023 -0.230461 0.000000 -0.071536 0.997315 -0.015642 3.753200 0.228810 0.031672 0.972956 -0.033300 0.000000 0.000000 0.000000 1.000000
0.967863 0.075626 -0.239838 -0.000000 -0.086821 0.995557 -0.036442 3.753200 0.236016 0.056093 0.970129 -0.033300 0.000000 0.000000 0.000000 1.000000
0.961244 0.095976 -0.258454 0.000000 -0.117517 0.990657 -0.069196 3.753200 0.249398 0.096887 0.963542 -0.033300 0.000000 0.000000 0.000000 1.000000
0.952456 0.116229 -0.281636 0.000000 -0.146817 0.985062 -0.089989 3.753200 0.266970 0.127059 0.955292 -0.033300 0.000000 0.000000 0.000000 1.000000
0.951056 0.144640 -0.273079 0.000000 -0.174963 0.980449 -0.090039 3.753200 0.254717 0.133411 0.957769 -0.033300 0.000000 0.000000 0.000000 1.000000
0.952256 0.209035 -0.222516 -0.000000 -0.233960 0.967885 -0.091982 3.753200 0.196142 0.139650 0.970580 -0.033300 0.000000 0.000000 0.000000 1.000000
0.925282 0.335892 -0.176152 0.000000 -0.357859 0.927027 -0.112061 3.753200 0.125657 0.166725 0.977964 -0.033300 0.000000 0.000000 0.000000 1.000000
0.859109 0.485702 -0.161327 0.000000 -0.506734 0.851464 -0.135018 3.753200 0.071785 0.197745 0.977622 -0.033300 0.000000 0.000000 0.000000 1.000000
0.806267 0.580439 -0.114128 0.000000 -0.591468 0.787752 -0.172080 3.753200 -0.009977 0.206245 0.978449 -0.033300 0.000000 0.000000 0.000000 1.000000
0.835566 0.549287 0.010664 0.000000 -0.529407 0.810209 -0.251575 3.753200 -0.146827 0.204562 0.967779 -0.033300 0.000000 0.000000 0.000000 1.000000
0.897941 0.415556 0.144968 0.000000 -0.358476 0.881657 -0.306880 3.753200 -0.255338 0.223593 0.940643 -0.033300 0.000000 0.000000 0.000000 1.000000
0.956925 0.251795 0.144551 0.000000 -0.196134 0.927718 -0.317601 3.753200 -0.214072 0.275569 0.937142 -0.033300 0.000000 0.000000 0.000000 1.000000
0.989044 0.146630 0.017048 0.000000 -0.132228 0.931345 -0.339282 3.753200 -0.065627 0.333311 0.940530 -0.033300 0.000000 0.000000 0.000000 1.000000
0.987539 0.128417 -0.090967 0.000000 -0.152724 0.921482 -0.357135 3.753200 0.037963 0.366578 0.929613 -0.033300 0.000000 0.000000 0.000000 1.000000
0.979827 0.163694 -0.114647 0.000000 -0.193891 0.917670 -0.346827 3.753200 0.048435 0.362059 0.930896 -0.033300 0.000000 0.000000 0.000000 1.000000
0.972169 0.208319 -0.107198 0.000000 -0.231844 0.921271 -0.312264 3.753200 0.033708 0.328426 0.943928 -0.033300 0.000000 0.000000 0.000000 1.000000
0.967756 0.225480 -0.112279 0.000000 -0.247844 0.931939 -0.264694 3.753200 0.044954 0.283987 0.957774 -0.033300 0.000000 0.000000 0.000000 1.000000
0.969094 0.211278 -0.127352 0.000000 -0.235758 0.945177 -0.225961 3.753200 0.072630 0.249002 0.965776 -0.033300 0.000000 0.000000 0.000000 1.000000
0.974871 0.181509 -0.129154 0.000000 -0.206813 0.952886 -0.221893 3.753200 0.082793 0.243028 0.966480 -0.033300 0.000000 0.000000 0.000000 1.000000
0.980470 0.158477 -0.116459 0.000000 -0.183749 0.949259 -0.255234 3.753200 0.070101 0.271648 0.959840 -0.033300 0.000000 0.000000 0.000000 1.000000
0.981813 0.155186 -0.109368 0.000000 -0.180546 0.941348 -0.285072 3.753200 0.058714 0.299634 0.952246 -0.033300 0.000000 0.000000 0.000000 1.000000
0.980358 0.158449 -0.117444 0.000000 -0.186740 0.937311 -0.294237 3.753200 0.063460 0.310389 0.948489 -0.033300 0.000000 0.000000 0.000000 1.000000
0.978176 0.160904 -0.131457 -0.000000 -0.193768 0.934814 -0.297619 3.753200 0.075000 0.316596 0.945591 -0.033300 0.000000 0.000000 0.000000 1.000000
0.975452 0.161533 -0.149670 0.000000 -0.200108 0.933919 -0.296231 3.753200 0.091929 0.318910 0.943316 -0.033300 0.000000 0.000000 0.000000 1.000000
0.972382 0.159775 -0.170132 -0.000000 -0.204470 0.934653 -0.290887 3.753200 0.112538 0.317641 0.941509 -0.033300 0.000000 0.000000 0.000000 1.000000
0.968923 0.156040 -0.191936 0.000000 -0.206752 0.936849 -0.282078 3.753200 0.135799 0.312996 0.939996 -0.033300 0.000000 0.000000 0.000000 1.000000
0.964631 0.151452 -0.215752 0.000000 -0.207999 0.940117 -0.270031 3.753200 0.161935 0.305356 0.938368 -0.033300 0.000000 0.000000 0.000000 1.000000
0.959604 0.146273 -0.240341 -0.000000 -0.207850 0.944290 -0.255175 3.753200 0.189627 0.294822 0.936548 -0.033300 0.000000 0.000000 0.000000 1.000000
0.953961 0.140913 -0.264768 0.000000 -0.206224 0.949150 -0.237877 3.753200 0.217784 0.281527 0.934512 -0.033300 0.000000 0.000000 0.000000 1.000000
0.947649 0.136504 -0.288665 0.000000 -0.203941 0.954353 -0.218216 3.753200 0.245700 0.265663 0.932231 -0.033300 0.000000 0.000000 0.000000 1.000000
0.940856 0.133819 -0.311259 0.000000 -0.201451 0.959612 -0.196372 3.753200 0.272410 0.247461 0.929815 -0.033300 0.000000 0.000000 0.000000 1.000000
0.935307 0.127436 -0.330091 0.000000 -0.192855 0.965746 -0.173611 3.753200 0.296660 0.226039 0.927846 -0.033300 0.000000 0.000000 0.000000 1.000000
0.930978 0.118397 -0.345344 0.000000 -0.179252 0.972319 -0.149880 3.753200 0.318040 0.201438 0.926431 -0.033300 0.000000 0.000000 0.000000 1.000000
0.927313 0.108526 -0.358207 0.000000 -0.163228 0.978496 -0.126104 3.753200 0.336819 0.175407 0.925087 -0.033300 0.000000 0.000000 0.000000 1.000000
0.923808 0.103110 -0.368711 0.000000 -0.150745 0.983220 -0.102736 3.753200 0.351931 0.150489 0.923849 -0.033300 0.000000 0.000000 0.000000 1.000000
0.923632 0.120346 -0.363897 0.000000 -0.158555 0.984351 -0.076899 3.753200 0.348948 0.128724 0.928259 -0.033300 0.000000 0.000000 0.000000 1.000000
0.912657 0.124421 -0.389329 0.000000 -0.166638 0.983048 -0.076469 3.753200 0.373215 0.134667 0.917919 -0.033300 0.000000 0.000000 0.000000 1.000000
0.902628 0.105894 -0.417192 -0.000000 -0.156407 0.983701 -0.088712 3.753200 0.400998 0.145326 0.904478 -0.033300 0.000000 0.000000 0.000000 1.000000
0.890424 0.082405 -0.447610 -0.000000 -0.144535 0.983762 -0.106409 3.753200 0.431573 0.159445 0.887875 -0.033300 0.000000 0.000000 0.000000 1.000000
0.876949 0.055207 -0.477402 0.000000 -0.131846 0.982903 -0.128526 3.753200 0.462144 0.175655 0.869234 -0.033300 0.000000 0.000000 0.000000 1.000000
0.863915 0.024465 -0.503043 -0.000000 -0.117405 0.981084 -0.153915 3.753200 0.489762 0.192029 0.850446 -0.033300 0.000000 0.000000 0.000000 1.000000
0.852347 -0.007174 -0.522927 0.000000 -0.102451 0.978241 -0.180411 3.753200 0.512843 0.207347 0.833066 -0.033300 0.000000 0.000000 0.000000 1.000000
0.843121 -0.036648 -0.536473 0.000000 -0.088269 0.974708 -0.205310 3.753200 0.530429 0.220455 0.818563 -0.033300 0.000000 0.000000 0.000000 1.000000
0.836945 -0.061016 -0.543876 0.000000 -0.075931 0.971209 -0.225804 3.753200 0.541995 0.230282 0.808215 -0.033300 0.000000 0.000000 0.000000 1.000000
0.834845 -0.078595 -0.544845 0.000000 -0.065348 0.968607 -0.239854 3.753200 0.546592 0.235846 0.803501 -0.033300 0.000000 0.000000 0.000000 1.000000
0.837930 -0.086945 -0.538808 -0.000000 -0.057203 0.967801 -0.245129 3.753200 0.542772 0.236223 0.805976 -0.033300 0.000000 0.000000 0.000000 1.000000
0.846763 -0.082127 -0.525592 0.000000 -0.054018 0.969630 -0.238538 3.753200 0.529220 0.230377 0.816610 -0.033300 0.000000 0.000000 0.000000 1.000000
0.861066 -0.062275 -0.504665 0.000000 -0.057519 0.974174 -0.218351 3.753200 0.505229 0.217042 0.835246 -0.033300 0.000000 0.000000 0.000000 1.000000
0.888274 -0.000341 -0.459313 0.000000 -0.083028 0.983407 -0.161299 3.753200 0.451747 0.181414 0.873507 -0.033300 0.000000 0.000000 0.000000 1.000000
0.919416 0.096802 -0.381187 0.000000 -0.130324 0.989464 -0.063068 3.753200 0.371065 0.107663 0.922344 -0.033300 0.000000 0.000000 0.000000 1.000000
0.942599 0.175728 -0.283950 0.000000 -0.177515 0.983922 0.019641 3.753200 0.282836 0.031892 0.958638 -0.033300 0.000000 0.000000 0.000000 1.000000
0.953884 0.198811 -0.224899 -0.000000 -0.194267 0.980032 0.042387 3.753200 0.228836 0.003258 0.973460 -0.033300 0.000000 0.000000 0.000000 1.000000
0.961433 0.212800 -0.174247 0.000000 -0.206572 0.976976 0.053346 3.753200 0.181587 -0.015294 0.983256 -0.033300 0.000000 0.000000 0.000000 1.000000
0.967019 0.217648 -0.132301 0.000000 -0.212082 0.975705 0.054973 3.753200 0.141051 -0.025101 0.989684 -0.033300 0.000000 0.000000 0.000000 1.000000
0.971616 0.212695 -0.103555 -0.000000 -0.208414 0.976727 0.050665 3.753200 0.111921 -0.027645 0.993332 -0.033300 0.000000 0.000000 0.000000 1.000000
0.976328 0.200677 -0.080704 0.000000 -0.197897 0.979358 0.041162 3.753200 0.087298 -0.024216 0.995888 -0.033300 0.000000 0.000000 0.000000 1.000000
0.981366 0.181606 -0.062775 0.000000 -0.180167 0.983240 0.027919 3.753200 0.066794 -0.016089 0.997637 -0.033300 0.000000 0.000000 0.000000 1.000000
0.986290 0.157556 -0.049072 0.000000 -0.157134 0.987500 0.012365 3.753200 0.050407 -0.004485 0.998719 -0.033300 0.000000 0.000000 0.000000 1.000000
0.990728 0.130137 -0.039029 0.000000 -0.130401 0.991452 -0.004302 3.753200 0.038136 0.009352 0.999229 -0.033300 0.000000 0.000000 0.000000 1.000000
0.994465 0.100229 -0.031517 0.000000 -0.100916 0.994673 -0.021003 3.753200 0.029244 0.024067 0.999283 -0.033300 0.000000 0.000000 0.000000 1.000000
0.997348 0.068334 -0.025054 0.000000 -0.069226 0.996927 -0.036665 3.753200 0.022472 0.038302 0.999014 -0.033300 0.000000 0.000000 0.000000 1.000000
0.999032 0.039031 -0.020293 0.000000 -0.040005 0.997946 -0.050035 3.753200 0.018299 0.050798 0.998541 -0.033300 0.000000 0.000000 0.000000 1.000000
0.999776 0.013214 -0.016538 0.000000 -0.014183 0.998100 -0.059958 3.753200 0.015714 0.060180 0.998064 -0.033300 0.000000 0.000000 0.000000 1.000000
0.999882 -0.008472 -0.012785 0.000000 0.007621 0.997843 -0.065208 3.753200 0.013310 0.065103 0.997790 -0.033300 0.000000 0.000000 0.000000 1.000000
0.999662 -0.024626 -0.008307 -0.000000 0.024040 0.997629 -0.064479 3.753200 0.009875 0.064257 0.997885 -0.033300 0.000000 0.000000 0.000000 1.000000
0.999461 -0.031531 -0.009096 0.000000 0.031009 0.998127 -0.052728 3.753200 0.010742 0.052418 0.998567 -0.033300 0.000000 0.000000 0.000000 1.000000</float_array><technique_common><accessor source="#mixamorig_Spine-Matrix-animation-output-transform-array" count="98" stride="16"><param type="float4x4"/></accessor></technique_common></source><source id="mixamorig_Spine-Interpolations"><Name_array id="mixamorig_Spine-Interpolations-array" count="98">
 LINEAR LINEAR LINEAR LINEAR LINEAR LINEAR LINEAR LINEAR LINEAR LINEAR LINEAR
LINEAR LINEAR LINEAR LINEAR LINEAR LINEAR LINEAR LINEAR LINEAR LINEAR LINEAR LINEAR
LINEAR LINEAR LINEAR LINEAR LINEAR LINEAR LINEAR LINEAR LINEAR LINEAR LINEAR LINEAR
LINEAR LINEAR LINEAR LINEAR LINEAR LINEAR LINEAR LINEAR LINEAR LINEAR LINEAR LINEAR
LINEAR LINEAR LINEAR LINEAR LINEAR LINEAR LINEAR LINEAR LINEAR LINEAR LINEAR LINEAR
LINEAR LINEAR LINEAR LINEAR LINEAR LINEAR LINEAR LINEAR LINEAR LINEAR LINEAR LINEAR
LINEAR LINEAR LINEAR LINEAR LINEAR LINEAR LINEAR LINEAR LINEAR LINEAR LINEAR LINEAR
LINEAR LINEAR LINEAR LINEAR LINEAR LINEAR LINEAR LINEAR LINEAR LINEAR LINEAR LINEAR
LINEAR LINEAR LINEAR</Name_array><technique_common><accessor source="#mixamorig_Spine-Interpolations-array" count="98"><param type="name"/></accessor></technique_common></source><sampler id="mixamorig_Spine-Matrix-animation-transform"><input semantic="INPUT" source="#mixamorig_Spine-Matrix-animation-input"/><input semantic="OUTPUT" source="#mixamorig_Spine-Matrix-animation-output-transform"/><input semantic="INTERPOLATION" source="#mixamorig_Spine-Interpolations"/></sampler><channel source="#mixamorig_Spine-Matrix-animation-transform" target="mixamorig_Spine/matrix"/></animation>
    <animation id="mixamorig_Spine1-anim" name="mixamorig_Spine1"><source id="mixamorig_Spine1-Matrix-animation-input"><float_array id="mixamorig_Spine1-Matrix-animation-input-array" count="98">

0.000000 0.033333 0.066667 0.100000 0.133333 0.166667 0.200000 0.233333 0.266667 0.300000 0.333333 0.366667 0.400000 0.433333 0.466667 0.500000
0.533333 0.566667 0.600000 0.633333 0.666667 0.700000 0.733333 0.766667 0.800000 0.833333 0.866667 0.900000 0.933333 0.966667 1.000000 1.033333
1.066667 1.100000 1.133333 1.166667 1.200000 1.233333 1.266667 1.300000 1.333333 1.366667 1.400000 1.433333 1.466667 1.500000 1.533333 1.566667
1.600000 1.633333 1.666667 1.700000 1.733333 1.766667 1.800000 1.833333 1.866667 1.900000 1.933333 1.966667 2.000000 2.033333 2.066667 2.100000
2.133333 2.166667 2.200000 2.233333 2.266667 2.300000 2.333333 2.366667 2.400000 2.433333 2.466667 2.500000 2.533333 2.566667 2.600000 2.633333
2.666667 2.700000 2.733333 2.766667 2.800000 2.833333 2.866667 2.900000 2.933333 2.966667 3.000000 3.033333 3.066667 3.100000 3.133333 3.166667
3.200000 3.233333</float_array><technique_common><accessor source="#mixamorig_Spine1-Matrix-animation-input-array" count="98"><param name="TIME" type="float"/></accessor></technique_common></source><source id="mixamorig_Spine1-Matrix-animation-output-transform"><float_array id="mixamorig_Spine1-Matrix-animation-output-transform-array" count="1568">

0.999521 0.027344 -0.014518 0.000000 -0.028580 0.995240 -0.093167 4.378900 0.011901 0.093538 0.995545 0.000000 0.000000 0.000000 0.000000 1.000000
0.999564 0.026628 -0.012721 0.000000 -0.027686 0.995384 -0.091890 4.378900 0.010215 0.092202 0.995688 0.000000 0.000000 0.000000 0.000000 1.000000
0.999627 0.025669 -0.009301 0.000000 -0.026408 0.995530 -0.090679 4.378900 0.006932 0.090891 0.995837 -0.000000 0.000000 0.000000 0.000000 1.000000
0.999684 0.024634 -0.005016 0.000000 -0.024985 0.995649 -0.089773 4.378900 0.002783 0.089870 0.995950 0.000000 0.000000 0.000000 0.000000 1.000000
0.999711 0.024006 -0.001224 -0.000000 -0.024019 0.995707 -0.089393 4.378900 -0.000927 0.089396 0.995996 0.000000 0.000000 0.000000 0.000000 1.000000
0.999704 0.024298 0.000742 0.000000 -0.024134 0.995677 -0.089697 4.378900 -0.002918 0.089653 0.995969 0.000000 0.000000 0.000000 0.000000 1.000000
0.999678 0.025352 0.001265 0.000000 -0.025131 0.995511 -0.091245 4.378900 -0.003573 0.091184 0.995828 0.000000 0.000000 0.000000 0.000000 1.000000
0.999662 0.025892 0.002182 0.000000 -0.025567 0.995125 -0.095252 4.378900 -0.004638 0.095164 0.995451 0.000000 0.000000 0.000000 0.000000 1.000000
0.999709 0.023989 0.002591 -0.000000 -0.023600 0.994499 -0.102053 4.378900 -0.005025 0.101962 0.994776 0.000000 0.000000 0.000000 0.000000 1.000000
0.999826 0.018534 -0.002292 0.000000 -0.018673 0.993775 -0.109833 4.378900 0.000242 0.109857 0.993947 0.000000 0.000000 0.000000 0.000000 1.000000
0.999839 0.010451 -0.014592 -0.000000 -0.012080 0.993128 -0.116404 4.378900 0.013275 0.116562 0.993095 0.000000 0.000000 0.000000 0.000000 1.000000
0.999585 0.002115 -0.028743 -0.000000 -0.005570 0.992679 -0.120655 4.378900 0.028277 0.120765 0.992278 0.000000 0.000000 0.000000 0.000000 1.000000
0.999281 -0.004534 -0.037642 -0.000000 -0.000078 0.992575 -0.121637 4.378900 0.037914 0.121553 0.991861 -0.000000 0.000000 0.000000 0.000000 1.000000
0.999089 -0.009009 -0.041721 0.000000 0.004019 0.992986 -0.118161 4.378900 0.042493 0.117886 0.992118 0.000000 0.000000 0.000000 0.000000 1.000000
0.998850 -0.011552 -0.046526 -0.000000 0.006383 0.993941 -0.109734 4.378900 0.047511 0.109311 0.992872 -0.000000 0.000000 0.000000 0.000000 1.000000
0.998479 -0.012087 -0.053788 0.000000 0.006746 0.995124 -0.098400 4.378900 0.054716 0.097888 0.993692 -0.000000 0.000000 0.000000 0.000000 1.000000
0.998187 -0.010059 -0.059345 0.000000 0.004752 0.996030 -0.088890 4.378900 0.060004 0.088447 0.994272 -0.000000 0.000000 0.000000 0.000000 1.000000
0.998306 -0.004987 -0.057962 -0.000000 0.000109 0.996477 -0.083867 4.378900 0.058176 0.083718 0.994790 0.000000 0.000000 0.000000 0.000000 1.000000
0.998830 0.002796 -0.048273 0.000000 -0.006641 0.996798 -0.079691 4.378900 0.047895 0.079918 0.995650 0.000000 0.000000 0.000000 0.000000 1.000000
