<?xml version="1.0" encoding="utf-8"?>
<COLLADA xmlns="http://www.collada.org/2005/11/COLLADASchema" version="1.4.1">
  <asset><contributor><author>Mixamo</author><authoring_tool>COLLADA Mixamo exporter</authoring_tool><comments></comments></contributor><created>2020-10-31T23:23:41Z</created><modified>2020-10-31T23:23:41Z</modified><revision></revision><title></title><unit meter="0.010000"/><up_axis>Y_UP</up_axis></asset>
  <library_animations>
    <animation id="mixamorig_Hips-anim" name="mixamorig_Hips"><source id="mixamorig_Hips-Matrix-animation-input"><float_array id="mixamorig_Hips-Matrix-animation-input-array" count="61">

0.000000 0.033333 0.066667 0.100000 0.133333 0.166667 0.200000 0.233333 0.266667 0.300000 0.333333 0.366667 0.400000 0.433333 0.466667 0.500000
0.533333 0.566667 0.600000 0.633333 0.666667 0.700000 0.733333 0.766667 0.800000 0.833333 0.866667 0.900000 0.933333 0.966667 1.000000 1.033333
1.066667 1.100000 1.133333 1.166667 1.200000 1.233333 1.266667 1.300000 1.333333 1.366667 1.400000 1.433333 1.466667 1.500000 1.533333 1.566667
1.600000 1.633333 1.666667 1.700000 1.733333 1.766667 1.800000 1.833333 1.866667 1.900000 1.933333 1.966667 2.000000</float_array><technique_common><accessor source="#mixamorig_Hips-Matrix-animation-input-array" count="61"><param name="TIME" type="float"/></accessor></technique_common></source><source id="mixamorig_Hips-Matrix-animation-output-transform"><float_array id="mixamorig_Hips-Matrix-animation-output-transform-array" count="976">

-0.986091 -0.145422 0.080483 -7.555695 0.125592 -0.969106 -0.212274 38.236019 0.108866 -0.199213 0.973890 -6.569983 0.000000 0.000000 0.000000 1.000000
-0.866906 -0.174573 0.466902 -8.886961 0.094300 -0.977190 -0.190280 38.221916 0.489470 -0.120926 0.863595 -6.079171 0.000000 0.000000 0.000000 1.000000
-0.579236 -0.117309 0.806675 -10.134195 0.014250 -0.990897 -0.133867 38.008503 0.815035 -0.066046 0.575635 -5.421659 0.000000 0.000000 0.000000 1.000000
-0.116708 -0.088226 0.989240 -10.634410 -0.076239 -0.992312 -0.097494 37.732086 0.990236 -0.086797 0.109085 -3.641388 0.000000 0.000000 0.000000 1.000000
0.338136 -0.139616 0.930683 -9.092883 -0.088097 -0.989288 -0.116400 38.143627 0.936965 -0.042631 -0.346814 -0.849366 0.000000 0.000000 0.000000 1.000000
0.659917 -0.128913 0.740197 -6.933888 -0.024844 -0.988376 -0.149987 38.736267 0.750928 0.080590 -0.655448 0.717353 0.000000 0.000000 0.000000 1.000000
0.899662 0.010320 0.436465 -4.946681 0.081348 -0.986176 -0.144360 39.071774 0.428942 0.165381 -0.888064 1.122609 0.000000 0.000000 0.000000 1.000000
0.990929 0.132678 -0.021340 -2.849326 0.127362 -0.977895 -0.165829 39.106110 -0.042871 0.161607 -0.985924 0.876376 0.000000 0.000000 0.000000 1.000000
0.820461 0.288383 -0.493639 -0.658392 0.202376 -0.954048 -0.220991 38.896423 -0.534685 0.081413 -0.841121 -0.140781 0.000000 0.000000 0.000000 1.000000
0.445016 0.353553 -0.822776 1.104383 0.256356 -0.930612 -0.261235 38.491043 -0.858046 -0.094669 -0.504773 -1.970220 0.000000 0.000000 0.000000 1.000000
0.020082 0.311981 -0.949876 1.841071 0.285838 -0.912204 -0.293565 38.228428 -0.958067 -0.265615 -0.107495 -4.439761 0.000000 0.000000 0.000000 1.000000
-0.364258 0.223459 -0.904092 1.130639 0.279918 -0.899628 -0.335134 38.325237 -0.888235 -0.375147 0.265147 -6.774689 0.000000 0.000000 0.000000 1.000000
-0.662829 0.129246 -0.737532 -0.296895 0.237317 -0.897947 -0.370638 38.527203 -0.710168 -0.420698 0.564513 -8.251925 0.000000 0.000000 0.000000 1.000000
-0.862709 0.045888 -0.503615 -1.409163 0.177411 -0.905116 -0.386382 38.666313 -0.473560 -0.422682 0.772710 -9.301231 0.000000 0.000000 0.000000 1.000000
-0.967886 -0.010354 -0.251175 -2.094582 0.112827 -0.910758 -0.397227 38.784103 -0.224647 -0.412810 0.882679 -10.476734 0.000000 0.000000 0.000000 1.000000
-0.999059 -0.041691 -0.011921 -2.831107 0.042755 -0.901289 -0.431102 38.760834 0.007229 -0.431207 0.902224 -11.369090 0.000000 0.000000 0.000000 1.000000
-0.975250 -0.059986 0.212814 -3.732827 -0.053435 -0.870023 -0.490106 38.556969 0.214552 -0.489347 0.845285 -11.645575 0.000000 0.000000 0.000000 1.000000
-0.897990 -0.089417 0.430835 -4.823328 -0.165242 -0.838941 -0.518529 38.374180 0.407811 -0.536826 0.738585 -11.414013 0.000000 0.000000 0.000000 1.000000
-0.774049 -0.146356 0.615977 -6.042473 -0.255124 -0.818326 -0.515028 38.289677 0.579448 -0.555808 0.596085 -10.524617 0.000000 0.000000 0.000000 1.000000
-0.609152 -0.241515 0.755384 -7.092340 -0.335011 -0.784975 -0.521134 38.166813 0.718820 -0.570512 0.397259 -9.121461 0.000000 0.000000 0.000000 1.000000
-0.393970 -0.356318 0.847246 -7.794988 -0.417376 -0.751920 -0.510308 37.850037 0.818893 -0.554666 0.147515 -7.537728 0.000000 0.000000 0.000000 1.000000
-0.149144 -0.462671 0.873895 -7.977681 -0.471406 -0.743613 -0.474148 37.386276 0.869214 -0.482675 -0.107200 -5.910175 0.000000 0.000000 0.000000 1.000000
0.103684 -0.535726 0.838002 -7.507937 -0.490388 -0.760551 -0.425537 36.938171 0.865314 -0.366825 -0.341570 -4.303911 0.000000 0.000000 0.000000 1.000000
0.335195 -0.576080 0.745504 -6.461245 -0.521383 -0.772493 -0.362510 36.355659 0.784732 -0.267182 -0.559294 -2.676917 0.000000 0.000000 0.000000 1.000000
0.526580 -0.607183 0.595014 -4.909621 -0.578217 -0.768889 -0.272900 35.484291 0.623201 -0.200343 -0.755965 -1.135839 0.000000 0.000000 0.000000 1.000000
0.689043 -0.614862 0.383620 -2.919436 -0.604772 -0.779513 -0.163127 34.500301 0.399337 -0.119601 -0.908969 -0.063960 0.000000 0.000000 0.000000 1.000000
0.810126 -0.573857 0.119937 -0.537175 -0.574054 -0.818009 -0.036381 33.450001 0.118987 -0.039377 -0.992115 0.350819 0.000000 0.000000 0.000000 1.000000
0.843822 -0.508614 -0.171103 2.104697 -0.496975 -0.860971 0.108374 32.337734 -0.202435 -0.006414 -0.979275 0.117301 0.000000 0.000000 0.000000 1.000000
0.774016 -0.446831 -0.448600 4.602504 -0.379805 -0.894537 0.235693 31.394094 -0.506604 -0.012050 -0.862094 -0.772250 0.000000 0.000000 0.000000 1.000000
0.623040 -0.375325 -0.686260 6.773906 -0.217890 -0.925908 0.308574 30.675817 -0.751229 -0.042724 -0.658658 -2.229596 0.000000 0.000000 0.000000 1.000000
0.408733 -0.307045 -0.859454 8.611944 0.012552 -0.939728 0.341693 30.115324 -0.912568 -0.150449 -0.380243 -4.094139 0.000000 0.000000 0.000000 1.000000
0.160105 -0.333541 -0.929041 9.775303 0.264346 -0.892317 0.365913 29.763577 -0.951045 -0.304173 -0.054694 -6.476079 0.000000 0.000000 0.000000 1.000000
-0.070049 -0.438226 -0.896131 9.789297 0.506824 -0.789387 0.346408 29.903788 -0.859199 -0.429915 0.277399 -9.090569 0.000000 0.000000 0.000000 1.000000
-0.223531 -0.582577 -0.781433 8.890597 0.739736 -0.623446 0.253191 30.287739 -0.634685 -0.521458 0.570313 -10.955166 0.000000 0.000000 0.000000 1.000000
-0.294054 -0.746086 -0.597402 8.188178 0.906819 -0.415277 0.072278 30.261480 -0.302013 -0.520482 0.798678 -10.940297 0.000000 0.000000 0.000000 1.000000
-0.299320 -0.860180 -0.412914 8.198073 0.951466 -0.236628 -0.196773 29.084505 0.071553 -0.451772 0.889259 -9.532785 0.000000 0.000000 0.000000 1.000000
-0.253210 -0.920046 -0.298999 8.744483 0.873073 -0.084205 -0.480264 26.650444 0.416687 -0.382655 0.824589 -7.704699 0.000000 0.000000 0.000000 1.000000
-0.188140 -0.954060 -0.233180 9.441906 0.721216 0.026952 -0.692186 23.849928 0.666671 -0.298402 0.683012 -6.201671 0.000000 0.000000 0.000000 1.000000
-0.151636 -0.969682 -0.191631 9.985332 0.575932 0.070885 -0.814419 21.063055 0.803311 -0.233862 0.547722 -5.262352 0.000000 0.000000 0.000000 1.000000
-0.149194 -0.974413 -0.168109 10.136816 0.467476 0.080305 -0.880351 18.733015 0.871325 -0.209930 0.443534 -4.733235 0.000000 0.000000 0.000000 1.000000
-0.143800 -0.977124 -0.156682 10.030807 0.443991 0.077796 -0.892648 16.859478 0.884417 -0.197928 0.422647 -4.975064 0.000000 0.000000 0.000000 1.000000
-0.136020 -0.982841 -0.124585 9.771269 0.378542 0.064653 -0.923323 15.873616 0.915535 -0.172751 0.363252 -5.092061 0.000000 0.000000 0.000000 1.000000
-0.117195 -0.990306 -0.074567 9.314428 0.269365 0.040572 -0.962183 15.935318 0.955881 -0.132848 0.261999 -5.117314 0.000000 0.000000 0.000000 1.000000
-0.081076 -0.996644 -0.011299 8.701888 0.117949 0.001663 -0.993018 16.536781 0.989704 -0.081842 0.117418 -5.056663 0.000000 0.000000 0.000000 1.000000
-0.024797 -0.998048 0.057312 7.983945 -0.067179 -0.055537 -0.996194 17.052391 0.997433 -0.028553 -0.065671 -4.937730 0.000000 0.000000 0.000000 1.000000
0.052827 -0.991334 0.120272 7.228649 -0.267950 -0.130095 -0.954609 17.638577 0.961983 0.018202 -0.272501 -4.786567 0.000000 0.000000 0.000000 1.000000
0.144658 -0.975361 0.166567 6.433582 -0.458411 -0.215244 -0.862282 18.384823 0.876889 0.048380 -0.478253 -4.644043 0.000000 0.000000 0.000000 1.000000
0.238898 -0.952275 0.190003 5.613014 -0.614551 -0.299767 -0.729703 19.264965 0.751835 0.057558 -0.656835 -4.525847 0.000000 0.000000 0.000000 1.000000
0.324330 -0.926286 0.191843 4.788897 -0.724292 -0.373622 -0.579490 20.241114 0.608450 0.048995 -0.792078 -4.429997 0.000000 0.000000 0.000000 1.000000
0.394436 -0.901341 0.178898 3.992469 -0.789662 -0.432030 -0.435643 21.262981 0.469952 0.030564 -0.882163 -4.355803 0.000000 0.000000 0.000000 1.000000
0.445941 -0.880632 0.160074 3.234108 -0.821765 -0.473701 -0.316715 22.272816 0.354737 0.009693 -0.934916 -4.309632 0.000000 0.000000 0.000000 1.000000
0.479413 -0.865823 0.143224 2.532637 -0.833648 -0.500298 -0.233950 23.216759 0.274214 -0.007240 -0.961641 -4.309893 0.000000 0.000000 0.000000 1.000000
0.480372 -0.865297 0.143194 1.899783 -0.833106 -0.501212 -0.233923 24.084843 0.274184 -0.006926 -0.961652 -4.353153 0.000000 0.000000 0.000000 1.000000
0.481443 -0.864666 0.143409 1.396789 -0.832335 -0.502305 -0.234324 24.772036 0.274647 -0.006550 -0.961523 -4.486687 0.000000 0.000000 0.000000 1.000000
0.482215 -0.864174 0.143781 1.193405 -0.831634 -0.503155 -0.234988 25.175694 0.275414 -0.006259 -0.961305 -4.783441 0.000000 0.000000 0.000000 1.000000
0.495621 -0.857422 0.138515 1.026748 -0.832383 -0.514446 -0.206119 25.250864 0.247989 -0.013141 -0.968674 -5.116952 0.000000 0.000000 0.000000 1.000000
0.501413 -0.853033 0.144638 0.901871 -0.831879 -0.521265 -0.190419 25.316490 0.237828 -0.024842 -0.970989 -5.454174 0.000000 0.000000 0.000000 1.000000
0.503617 -0.850608 0.151114 0.811962 -0.828834 -0.525058 -0.193257 25.368496 0.243729 -0.027921 -0.969441 -5.771880 0.000000 0.000000 0.000000 1.000000
0.504482 -0.849494 0.154462 0.745303 -0.824130 -0.527109 -0.207282 25.387392 0.257503 -0.022727 -0.966010 -6.045982 0.000000 0.000000 0.000000 1.000000
0.504563 -0.848905 0.157405 0.679727 -0.819021 -0.528304 -0.223830 25.361050 0.273168 -0.015981 -0.961833 -6.314302 0.000000 0.000000 0.000000 1.000000
0.503050 -0.848664 0.163432 0.623618 -0.814551 -0.528769 -0.238558 25.338579 0.288873 -0.013117 -0.957277 -6.612550 0.000000 0.000000 0.000000 1.000000</float_array><technique_common><accessor source="#mixamorig_Hips-Matrix-animation-output-transform-array" count="61" stride="16"><param type="float4x4"/></accessor></technique_common></source><source id="mixamorig_Hips-Interpolations"><Name_array id="mixamorig_Hips-Interpolations-array" count="61">
 LINEAR LINEAR LINEAR LINEAR LINEAR LINEAR LINEAR LINEAR LINEAR LINEAR LINEAR
LINEAR LINEAR LINEAR LINEAR LINEAR LINEAR LINEAR LINEAR LINEAR LINEAR LINEAR LINEAR
LINEAR LINEAR LINEAR LINEAR LINEAR LINEAR LINEAR LINEAR LINEAR LINEAR LINEAR LINEAR
LINEAR LINEAR LINEAR LINEAR LINEAR LINEAR LINEAR LINEAR LINEAR LINEAR LINEAR LINEAR
LINEAR LINEAR LINEAR LINEAR LINEAR LINEAR LINEAR LINEAR LINEAR LINEAR LINEAR LINEAR
LINEAR LINEAR</Name_array><technique_common><accessor source="#mixamorig_Hips-Interpolations-array" count="61"><param type="name"/></accessor></technique_common></source><sampler id="mixamorig_Hips-Matrix-animation-transform"><input semantic="INPUT" source="#mixamorig_Hips-Matrix-animation-input"/><input semantic="OUTPUT" source="#mixamorig_Hips-Matrix-animation-output-transform"/><input semantic="INTERPOLATION" source="#mixamorig_Hips-Interpolations"/></sampler><channel source="#mixamorig_Hips-Matrix-animation-transform" target="mixamorig_Hips/matrix"/></animation>
    <animation id="mixamorig_Spine-anim" name="mixamorig_Spine"><source id="mixamorig_Spine-Matrix-animation-input"><float_array id="mixamorig_Spine-Matrix-animation-input-array" count="61">

0.000000 0.033333 0.066667 0.100000 0.133333 0.166667 0.200000 0.233333 0.266667 0.300000 0.333333 0.366667 0.400000 0.433333 0.466667 0.500000
0.533333 0.566667 0.600000 0.633333 0.666667 0.700000 0.733333 0.766667 0.800000 0.833333 0.866667 0.900000 0.933333 0.966667 1.000000 1.033333
1.066667 1.100000 1.133333 1.166667 1.200000 1.233333 1.266667 1.300000 1.333333 1.366667 1.400000 1.433333 1.466667 1.500000 1.533333 1.566667
1.600000 1.633333 1.666667 1.700000 1.733333 1.766667 1.800000 1.833333 1.866667 1.900000 1.933333 1.966667 2.000000</float_array><technique_common><accessor source="#mixamorig_Spine-Matrix-animation-input-array" count="61"><param name="TIME" type="float"/></accessor></technique_common></source><source id="mixamorig_Spine-Matrix-animation-output-transform"><float_array id="mixamorig_Spine-Matrix-animation-output-transform-array" count="976">

0.976797 -0.153342 -0.149511 0.000000 0.038871 0.813448 -0.580338 3.753200 0.210609 0.561061 0.800534 -0.033300 0.000000 0.000000 0.000000 1.000000
0.973417 -0.140399 -0.180964 0.000000 0.027267 0.855510 -0.517067 3.753200 0.227413 0.498388 0.836596 -0.033300 0.000000 0.000000 0.000000 1.000000
0.979533 -0.012762 -0.200878 0.000000 -0.083126 0.883259 -0.461457 3.753200 0.183316 0.468711 0.864121 -0.033300 0.000000 0.000000 0.000000 1.000000
0.971991 0.137180 -0.190825 0.000000 -0.207239 0.883231 -0.420661 3.753200 0.110836 0.448425 0.886922 -0.033300 0.000000 0.000000 0.000000 1.000000
0.980980 0.111359 -0.158990 0.000000 -0.164832 0.910462 -0.379327 3.753200 0.102513 0.398319 0.911501 -0.033300 0.000000 0.000000 0.000000 1.000000
0.983535 -0.002097 -0.180703 -0.000000 -0.060373 0.938670 -0.339491 3.753200 0.170332 0.344811 0.923088 -0.033300 0.000000 0.000000 0.000000 1.000000
0.978000 -0.074189 -0.194967 -0.000000 0.007697 0.946820 -0.321673 3.753200 0.208463 0.313095 0.926561 -0.033300 0.000000 0.000000 0.000000 1.000000
0.976983 -0.114569 -0.179939 0.000000 0.043924 0.933498 -0.355883 3.753200 0.208746 0.339788 0.917044 -0.033300 0.000000 0.000000 0.000000 1.000000
0.977587 -0.133419 -0.162862 0.000000 0.052141 0.902894 -0.426689 3.753200 0.203975 0.408634 0.889614 -0.033300 0.000000 0.000000 0.000000 1.000000
0.978137 -0.139752 -0.154006 0.000000 0.044553 0.864173 -0.501219 3.753200 0.203134 0.483400 0.851505 -0.033300 0.000000 0.000000 0.000000 1.000000
0.975696 -0.149176 -0.160509 0.000000 0.032807 0.823683 -0.566101 3.753200 0.216657 0.547077 0.808559 -0.033300 0.000000 0.000000 0.000000 1.000000
0.973116 -0.154030 -0.171233 0.000000 0.025323 0.810512 -0.585175 3.753200 0.228921 0.565106 0.792622 -0.033300 0.000000 0.000000 0.000000 1.000000
0.972344 -0.137176 -0.189024 0.000000 0.007717 0.827768 -0.561018 3.753200 0.233426 0.544044 0.805933 -0.033300 0.000000 0.000000 0.000000 1.000000
0.972821 -0.098671 -0.209484 0.000000 -0.031784 0.839206 -0.542883 3.753200 0.229367 0.534787 0.813261 -0.033300 0.000000 0.000000 0.000000 1.000000
0.974072 -0.044530 -0.221814 0.000000 -0.089250 0.825291 -0.557610 3.753200 0.207892 0.562949 0.799919 -0.033300 0.000000 0.000000 0.000000 1.000000
0.974636 0.027679 -0.222079 0.000000 -0.156302 0.794390 -0.586954 3.753200 0.160171 0.606777 0.778567 -0.033300 0.000000 0.000000 0.000000 1.000000
0.968723 0.121961 -0.216105 -0.000000 -0.232620 0.749529 -0.619753 3.753200 0.086391 0.650640 0.754456 -0.033300 0.000000 0.000000 0.000000 1.000000
0.959833 0.208235 -0.188039 0.000000 -0.280557 0.719306 -0.635521 3.753200 0.002920 0.662750 0.748835 -0.033300 0.000000 0.000000 0.000000 1.000000
0.960382 0.243866 -0.134891 0.000000 -0.272385 0.719039 -0.639366 3.753200 -0.058928 0.650778 0.756978 -0.033300 0.000000 0.000000 0.000000 1.000000
0.963615 0.254387 -0.082060 0.000000 -0.242456 0.702623 -0.668981 3.753200 -0.112523 0.664536 0.738736 -0.033300 0.000000 0.000000 0.000000 1.000000
0.960513 0.276408 -0.031849 0.000000 -0.216833 0.671887 -0.708203 3.753200 -0.174354 0.687144 0.705290 -0.033300 0.000000 0.000000 0.000000 1.000000
0.956650 0.290310 0.023255 0.000000 -0.183052 0.661466 -0.727293 3.753200 -0.226523 0.691508 0.685933 -0.033300 0.000000 0.000000 0.000000 1.000000
0.956232 0.278568 0.089555 -0.000000 -0.131479 0.682469 -0.718992 3.753200 -0.261407 0.675748 0.689225 -0.033300 0.000000 0.000000 0.000000 1.000000
0.954037 0.263943 0.141944 0.000000 -0.093835 0.712906 -0.694953 3.753200 -0.284621 0.649691 0.704906 -0.033300 0.000000 0.000000 0.000000 1.000000
0.953591 0.259115 0.153371 0.000000 -0.091190 0.733967 -0.673036 3.753200 -0.286963 0.627815 0.723533 -0.033300 0.000000 0.000000 0.000000 1.000000
0.958727 0.245780 0.142950 0.000000 -0.094835 0.750395 -0.654151 3.753200 -0.268046 0.613596 0.742732 -0.033300 0.000000 0.000000 0.000000 1.000000
0.965235 0.218210 0.143896 0.000000 -0.084275 0.780921 -0.618918 3.753200 -0.247425 0.585274 0.772162 -0.033300 0.000000 0.000000 0.000000 1.000000
0.972029 0.177503 0.153790 0.000000 -0.060225 0.821309 -0.567296 3.753200 -0.227006 0.542167 0.809026 -0.033300 0.000000 0.000000 0.000000 1.000000
0.981614 0.131479 0.138370 0.000000 -0.040081 0.850751 -0.524039 3.753200 -0.186619 0.508858 0.840379 -0.033300 0.000000 0.000000 0.000000 1.000000
0.993034 0.079591 0.086879 0.000000 -0.024868 0.862325 -0.505744 3.753200 -0.115171 0.500061 0.858298 -0.033300 0.000000 0.000000 0.000000 1.000000
0.999997 0.002372 0.000202 0.000000 -0.001946 0.863655 -0.504080 3.753200 -0.001370 0.504078 0.863657 -0.033300 0.000000 0.000000 0.000000 1.000000
0.993170 -0.098097 -0.063164 0.000000 0.056391 0.877534 -0.476186 3.753200 0.102141 0.469372 0.877073 -0.033300 0.000000 0.000000 0.000000 1.000000
0.965776 -0.245750 -0.082971 0.000000 0.182874 0.871988 -0.454085 3.753200 0.183942 0.423371 0.887086 -0.033300 0.000000 0.000000 0.000000 1.000000
0.913315 -0.403175 -0.057499 0.000000 0.331286 0.817621 -0.470899 3.753200 0.236867 0.411031 0.880311 -0.033300 0.000000 0.000000 0.000000 1.000000
0.881454 -0.470737 -0.038017 0.000000 0.399119 0.785541 -0.472895 3.753200 0.252473 0.401662 0.880298 -0.033300 0.000000 0.000000 0.000000 1.000000
0.891874 -0.451024 -0.033747 -0.000000 0.386182 0.798239 -0.462254 3.753200 0.235426 0.399240 0.886105 -0.033300 0.000000 0.000000 0.000000 1.000000
0.917635 -0.396902 -0.020383 0.000000 0.343622 0.818129 -0.461074 3.753200 0.199677 0.416093 0.887128 -0.033300 0.000000 0.000000 0.000000 1.000000
0.937521 -0.347803 -0.009404 0.000000 0.307752 0.841564 -0.443914 3.753200 0.162308 0.413284 0.896020 -0.033300 0.000000 0.000000 0.000000 1.000000
0.948571 -0.316445 -0.008673 0.000000 0.287453 0.872493 -0.395128 3.753200 0.132603 0.372314 0.918585 -0.033300 0.000000 0.000000 0.000000 1.000000
0.943434 -0.331018 -0.018942 0.000000 0.303137 0.884293 -0.355153 3.753200 0.134312 0.329322 0.934616 -0.033300 0.000000 0.000000 0.000000 1.000000
0.949623 -0.310914 -0.039356 0.000000 0.289190 0.917735 -0.272270 3.753200 0.120771 0.247172 0.961416 -0.033300 0.000000 0.000000 0.000000 1.000000
0.952771 -0.300728 -0.042297 0.000000 0.286082 0.935520 -0.207264 3.753200 0.101900 0.185375 0.977370 -0.033300 0.000000 0.000000 0.000000 1.000000
0.951299 -0.307539 -0.021214 -0.000000 0.299042 0.937346 -0.178761 3.753200 0.074861 0.163711 0.983664 -0.033300 0.000000 0.000000 0.000000 1.000000
0.948531 -0.316276 0.016081 -0.000000 0.314006 0.932705 -0.177372 3.753200 0.041100 0.173292 0.984012 -0.033300 0.000000 0.000000 0.000000 1.000000
0.948305 -0.312104 0.057524 0.000000 0.317335 0.930225 -0.184337 3.753200 0.004022 0.193062 0.981178 -0.033300 0.000000 0.000000 0.000000 1.000000
0.952482 -0.287097 0.101748 0.000000 0.302446 0.931039 -0.204191 3.753200 -0.036109 0.225261 0.973629 -0.033300 0.000000 0.000000 0.000000 1.000000
0.961395 -0.236302 0.141004 0.000000 0.263670 0.937682 -0.226341 3.753200 -0.078732 0.254781 0.963788 -0.033300 0.000000 0.000000 0.000000 1.000000
0.970281 -0.172551 0.169651 0.000000 0.210770 0.947054 -0.242207 3.753200 -0.118875 0.270766 0.955277 -0.033300 0.000000 0.000000 0.000000 1.000000
0.975782 -0.112385 0.187668 0.000000 0.157950 0.955526 -0.249044 3.753200 -0.151333 0.272655 0.950136 -0.033300 0.000000 0.000000 0.000000 1.000000
0.977923 -0.067553 0.197743 -0.000000 0.116981 0.961104 -0.250189 3.753200 -0.173151 0.267798 0.947788 -0.033300 0.000000 0.000000 0.000000 1.000000
0.978783 -0.037076 0.201517 0.000000 0.088404 0.963657 -0.252089 3.753200 -0.184846 0.264556 0.946489 -0.033300 0.000000 0.000000 0.000000 1.000000
0.979531 -0.012341 0.200917 -0.000000 0.065526 0.963305 -0.260287 3.753200 -0.190332 0.268124 0.944396 -0.033300 0.000000 0.000000 0.000000 1.000000
0.980156 0.014745 0.197680 -0.000000 0.040178 0.961753 -0.270955 3.753200 -0.194114 0.273521 0.942075 -0.033300 0.000000 0.000000 0.000000 1.000000
0.980245 0.039116 0.193880 -0.000000 0.018073 0.958434 -0.284741 3.753200 -0.196959 0.282620 0.938793 -0.033300 0.000000 0.000000 0.000000 1.000000
0.979802 0.055823 0.192019 0.000000 0.002890 0.956192 -0.292726 3.753200 -0.199948 0.287368 0.936718 -0.033300 0.000000 0.000000 0.000000 1.000000
0.979480 0.065123 0.190731 0.000000 -0.007633 0.957664 -0.287786 3.753200 -0.201398 0.280425 0.938510 -0.033300 0.000000 0.000000 0.000000 1.000000
0.979723 0.069983 0.187739 0.000000 -0.014780 0.959706 -0.280619 3.753200 -0.199813 0.272154 0.941280 -0.033300 0.000000 0.000000 0.000000 1.000000
0.980212 0.068196 0.185832 -0.000000 -0.014030 0.960356 -0.278425 3.753200 -0.197453 0.270308 0.942309 -0.033300 0.000000 0.000000 0.000000 1.000000
0.980787 0.061988 0.184973 0.000000 -0.007463 0.959402 -0.281945 3.753200 -0.194940 0.275147 0.941431 -0.033300 0.000000 0.000000 0.000000 1.000000
0.981442 0.055414 0.183579 0.000000 -0.000344 0.957844 -0.287290 3.753200 -0.191760 0.281896 0.940087 -0.033300 0.000000 0.000000 0.000000 1.000000
0.982074 0.051505 0.181324 0.000000 0.003431 0.956902 -0.290391 3.753200 -0.188466 0.285807 0.939572 -0.033300 0.000000 0.000000 0.000000 1.000000</float_array><technique_common><accessor source="#mixamorig_Spine-Matrix-animation-output-transform-array" count="61" stride="16"><param type="float4x4"/></accessor></technique_common></source><source id="mixamorig_Spine-Interpolations"><Name_array id="mixamorig_Spine-Interpolations-array" count="61">
 LINEAR LINEAR LINEAR LINEAR LINEAR LINEAR LINEAR LINEAR LINEAR LINEAR LINEAR
LINEAR LINEAR LINEAR LINEAR LINEAR LINEAR LINEAR LINEAR LINEAR LINEAR LINEAR LINEAR
LINEAR LINEAR LINEAR LINEAR LINEAR LINEAR LINEAR LINEAR LINEAR LINEAR LINEAR LINEAR
LINEAR LINEAR LINEAR LINEAR LINEAR LINEAR LINEAR LINEAR LINEAR LINEAR LINEAR LINEAR
LINEAR LINEAR LINEAR LINEAR LINEAR LINEAR LINEAR LINEAR LINEAR LINEAR LINEAR LINEAR
LINEAR LINEAR</Name_array><technique_common><accessor source="#mixamorig_Spine-Interpolations-array" count="61"><param type="name"/></accessor></technique_common></source><sampler id="mixamorig_Spine-Matrix-animation-transform"><input semantic="INPUT" source="#mixamorig_Spine-Matrix-animation-input"/><input semantic="OUTPUT" source="#mixamorig_Spine-Matrix-animation-output-transform"/><input semantic="INTERPOLATION" source="#mixamorig_Spine-Interpolations"/></sampler><channel source="#mixamorig_Spine-Matrix-animation-transform" target="mixamorig_Spine/matrix"/></animation>
    <animation id="mixamorig_Spine1-anim" name="mixamorig_Spine1"><source id="mixamorig_Spine1-Matrix-animation-input"><float_array id="mixamorig_Spine1-Matrix-animation-input-array" count="61">

0.000000 0.033333 0.066667 0.100000 0.133333 0.166667 0.200000 0.233333 0.266667 0.300000 0.333333 0.366667 0.400000 0.433333 0.466667 0.500000
0.533333 0.566667 0.600000 0.633333 0.666667 0.700000 0.733333 0.766667 0.800000 0.833333 0.866667 0.900000 0.933333 0.966667 1.000000 1.033333
1.066667 1.100000 1.133333 1.166667 1.200000 1.233333 1.266667 1.300000 1.333333 1.366667 1.400000 1.433333 1.466667 1.500000 1.533333 1.566667
1.600000 1.633333 1.666667 1.700000 1.733333 1.766667 1.800000 1.833333 1.866667 1.900000 1.933333 1.966667 2.000000</float_array><technique_common><accessor source="#mixamorig_Spine1-Matrix-animation-input-array" count="61"><param name="TIME" type="float"/></accessor></technique_common></source><source id="mixamorig_Spine1-Matrix-animation-output-transform"><float_array id="mixamorig_Spine1-Matrix-animation-output-transform-array" count="976">

0.996785 -0.047358 -0.064628 0.000000 0.047690 0.998856 0.003599 4.378900 0.064384 -0.006669 0.997903 0.000000 0.000000 0.000000 0.000000 1.000000
0.996718 -0.042812 -0.068709 -0.000000 0.043564 0.999005 0.009495 4.378900 0.068234 -0.012457 0.997592 0.000000 0.000000 0.000000 0.000000 1.000000
0.997610 -0.038038 -0.057678 0.000000 0.039119 0.999077 0.017739 4.378900 0.056950 -0.019953 0.998178 -0.000000 0.000000 0.000000 0.000000 1.000000
0.998517 -0.037024 -0.039911 0.000000 0.037689 0.999161 0.016050 4.378900 0.039283 -0.017531 0.999074 -0.000000 0.000000 0.000000 0.000000 1.000000
0.999271 -0.017331 -0.034026 -0.000000 0.017047 0.999817 -0.008631 4.378900 0.034170 0.008045 0.999384 0.000000 0.000000 0.000000 0.000000 1.000000
0.998829 -0.006758 -0.047904 0.000000 0.005860 0.999805 -0.018871 4.378900 0.048022 0.018568 0.998674 -0.000000 0.000000 0.000000 0.000000 1.000000
0.998252 -0.015783 -0.056957 0.000000 0.015075 0.999804 -0.012842 4.378900 0.057148 0.011961 0.998294 -0.000000 0.000000 0.000000 0.000000 1.000000
0.997980 -0.026833 -0.057578 0.000000 0.026452 0.999623 -0.007366 4.378900 0.057754 0.005828 0.998314 0.000000 0.000000 0.000000 0.000000 1.000000
0.997675 -0.037235 -0.057078 0.000000 0.037048 0.999304 -0.004340 4.378900 0.057200 0.002215 0.998360 0.000000 0.000000 0.000000 0.000000 1.000000
0.997294 -0.045382 -0.057841 -0.000000 0.045377 0.998969 -0.001409 4.378900 0.057846 -0.001220 0.998325 0.000000 0.000000 0.000000 0.000000 1.000000
0.996929 -0.047486 -0.062275 0.000000 0.047759 0.998855 0.002900 4.378900 0.062066 -0.005865 0.998055 -0.000000 0.000000 0.000000 0.000000 1.000000
0.996730 -0.046523 -0.066070 0.000000 0.047081 0.998867 0.006914 4.378900 0.065674 -0.010002 0.997791 0.000000 0.000000 0.000000 0.000000 1.000000
0.996771 -0.043697 -0.067365 -0.000000 0.044434 0.998967 0.009470 4.378900 0.066881 -0.012433 0.997683 0.000000 0.000000 0.000000 0.000000 1.000000
0.997196 -0.035205 -0.066041 0.000000 0.035863 0.999318 0.008801 4.378900 0.065687 -0.011145 0.997778 0.000000 0.000000 0.000000 0.000000 1.000000
0.997916 -0.021917 -0.060685 0.000000 0.022365 0.999727 0.006712 4.378900 0.060521 -0.008055 0.998134 0.000000 0.000000 0.000000 0.000000 1.000000
0.998649 -0.012631 -0.050398 0.000000 0.012860 0.999908 0.004216 4.378900 0.050340 -0.004858 0.998720 0.000000 0.000000 0.000000 0.000000 1.000000
0.999295 -0.009754 -0.036264 -0.000000 0.009817 0.999951 0.001538 4.378900 0.036247 -0.001893 0.999341 0.000000 0.000000 0.000000 0.000000 1.000000
0.999797 -0.008417 -0.018284 -0.000000 0.008458 0.999962 0.002121 4.378900 0.018265 -0.002275 0.999831 0.000000 0.000000 0.000000 0.000000 1.000000
0.999977 -0.006315 -0.002434 0.000000 0.006315 0.999980 -0.000321 4.378900 0.002436 0.000305 0.999997 0.000000 0.000000 0.000000 0.000000 1.000000
0.999927 0.001072 0.012055 0.000000 -0.000987 0.999974 -0.007095 4.378900 -0.012062 0.007083 0.999902 0.000000 0.000000 0.000000 0.000000 1.000000
0.999493 0.011913 0.029533 -0.000000 -0.011525 0.999845 -0.013291 4.378900 -0.029686 0.012943 0.999475 0.000000 0.000000 0.000000 0.000000 1.000000
0.998703 0.021601 0.046111 0.000000 -0.020677 0.999577 -0.020440 4.378900 -0.046533 0.019460 0.998727 0.000000 0.000000 0.000000 0.000000 1.000000
0.997854 0.026135 0.060036 0.000000 -0.024800 0.999431 -0.022875 4.378900 -0.060600 0.021337 0.997934 -0.000000 0.000000 0.000000 0.000000 1.000000
0.997120 0.028252 0.070379 0.000000 -0.026798 0.999409 -0.021513 4.378900 -0.070945 0.019565 0.997288 0.000000 0.000000 0.000000 0.000000 1.000000
0.996672 0.035491 0.073390 0.000000 -0.034257 0.999251 -0.018003 4.378900 -0.073974 0.015429 0.997141 0.000000 0.000000 0.000000 0.000000 1.000000
0.996881 0.037271 0.069565 0.000000 -0.036755 0.999287 -0.008691 4.378900 -0.069839 0.006107 0.997540 -0.000000 0.000000 0.000000 0.000000 1.000000
0.997461 0.028383 0.065307 0.000000 -0.028584 0.999589 0.002138 4.378900 -0.065220 -0.003999 0.997863 0.000000 0.000000 0.000000 0.000000 1.000000
0.998016 0.015549 0.061012 -0.000000 -0.016327 0.999791 0.012269 4.378900 -0.060808 -0.013240 0.998062 0.000000 0.000000 0.000000 0.000000 1.000000
0.998759 -0.001919 0.049758 -0.000000 0.000918 0.999797 0.020135 4.378900 -0.049787 -0.020064 0.998558 0.000000 0.000000 0.000000 0.000000 1.000000
0.999104 -0.027768 0.031927 0.000000 0.027093 0.999404 0.021395 4.378900 -0.032502 -0.020511 0.999261 0.000000 0.000000 0.000000 0.000000 1.000000
0.998137 -0.060857 -0.004463 0.000000 0.060924 0.997997 0.017022 4.378900 0.003418 -0.017263 0.999845 0.000000 0.000000 0.000000 0.000000 1.000000
0.996274 -0.080139 -0.031858 0.000000 0.080536 0.996687 0.011390 4.378900 0.030840 -0.013913 0.999428 0.000000 0.000000 0.000000 0.000000 1.000000
0.995010 -0.085419 -0.051557 -0.000000 0.085817 0.996295 0.005560 4.378900 0.050891 -0.009956 0.998655 -0.000000 0.000000 0.000000 0.000000 1.000000
0.993635 -0.093562 -0.062741 0.000000 0.093701 0.995600 -0.000730 4.378900 0.062534 -0.005153 0.998030 -0.000000 0.000000 0.000000 0.000000 1.000000
0.992322 -0.105848 -0.063981 0.000000 0.105312 0.994370 -0.011702 4.378900 0.064860 0.004875 0.997882 0.000000 0.000000 0.000000 0.000000 1.000000
0.992362 -0.109664 -0.056495 0.000000 0.108144 0.993703 -0.029303 4.378900 0.059353 0.022969 0.997973 -0.000000 0.000000 0.000000 0.000000 1.000000
0.992895 -0.110144 -0.045020 0.000000 0.108054 0.993057 -0.046502 4.378900 0.049829 0.041307 0.997903 0.000000 0.000000 0.000000 0.000000 1.000000
0.994550 -0.099188 -0.032124 -0.000000 0.097461 0.993907 -0.051473 4.378900 0.037033 0.048062 0.998158 0.000000 0.000000 0.000000 0.000000 1.000000
0.995954 -0.088078 -0.017845 0.000000 0.087258 0.995280 -0.042474 4.378900 0.021502 0.040745 0.998938 0.000000 0.000000 0.000000 0.000000 1.000000
0.995745 -0.091179 -0.013353 -0.000000 0.090770 0.995462 -0.028573 4.378900 0.015898 0.027239 0.999503 0.000000 0.000000 0.000000 0.000000 1.000000
0.996668 -0.081510 -0.002832 0.000000 0.081499 0.996666 -0.003912 4.378900 0.003141 0.003668 0.999988 -0.000000 0.000000 0.000000 0.000000 1.000000
0.997123 -0.074239 0.015318 -0.000000 0.074105 0.997209 0.009084 4.378900 -0.015950 -0.007922 0.999841 -0.000000 0.000000 0.000000 0.000000 1.000000
0.996751 -0.070225 0.039438 0.000000 0.070057 0.997527 0.005613 4.378900 -0.039735 -0.002832 0.999206 0.000000 0.000000 0.000000 0.000000 1.000000
0.995618 -0.065414 0.066826 0.000000 0.066203 0.997760 -0.009649 4.378900 -0.066045 0.014031 0.997718 0.000000 0.000000 0.000000 0.000000 1.000000
0.993885 -0.056584 0.094820 -0.000000 0.059580 0.997800 -0.029068 4.378900 -0.092967 0.034540 0.995070 0.000000 0.000000 0.000000 0.000000 1.000000
0.991687 -0.041892 0.121663 0.000000 0.048655 0.997400 -0.053165 4.378900 -0.119119 0.058642 0.991147 0.000000 0.000000 0.000000 0.000000 1.000000
0.989125 -0.020560 0.145630 0.000000 0.032051 0.996515 -0.077006 4.378900 -0.143539 0.080836 0.986338 -0.000000 0.000000 0.000000 0.000000 1.000000
0.986169 0.003106 0.165714 0.000000 0.013044 0.995269 -0.096280 4.378900 -0.165229 0.097110 0.981463 0.000000 0.000000 0.000000 0.000000 1.000000
0.983182 0.024196 0.181021 -0.000000 -0.004403 0.994037 -0.108954 4.378900 -0.182578 0.106324 0.977425 0.000000 0.000000 0.000000 0.000000 1.000000
0.980933 0.039339 0.190322 0.000000 -0.017443 0.993168 -0.115382 4.378900 -0.193561 0.109862 0.974918 -0.000000 0.000000 0.000000 0.000000 1.000000
0.979915 0.048753 0.193363 0.000000 -0.026065 0.992649 -0.118187 4.378900 -0.197704 0.110774 0.973983 0.000000 0.000000 0.000000 0.000000 1.000000
0.979868 0.055980 0.191638 0.000000 -0.032926 0.992053 -0.121436 4.378900 -0.196913 0.112681 0.973924 0.000000 0.000000 0.000000 0.000000 1.000000
0.980188 0.064512 0.187269 0.000000 -0.041158 0.991173 -0.126020 4.378900 -0.193746 0.115816 0.974192 0.000000 0.000000 0.000000 0.000000 1.000000
0.980402 0.072438 0.183206 0.000000 -0.048481 0.990061 -0.132021 4.378900 -0.190949 0.120552 0.974169 0.000000 0.000000 0.000000 0.000000 1.000000
0.980216 0.078145 0.181850 0.000000 -0.053622 0.989248 -0.136065 4.378900 -0.190528 0.123622 0.973867 0.000000 0.000000 0.000000 0.000000 1.000000
0.979980 0.082923 0.181006 0.000000 -0.058760 0.989102 -0.134995 4.378900 -0.190228 0.121656 0.974173 0.000000 0.000000 0.000000 0.000000 1.000000
0.980081 0.086580 0.178730 0.000000 -0.063385 0.989269 -0.131641 4.378900 -0.188209 0.117690 0.975052 -0.000000 0.000000 0.000000 0.000000 1.000000
0.980359 0.087018 0.176987 0.000000 -0.064456 0.989487 -0.129467 4.378900 -0.186393 0.115516 0.975661 0.000000 0.000000 0.000000 0.000000 1.000000
0.980784 0.084805 0.175702 -0.000000 -0.062366 0.989614 -0.129519 4.378900 -0.184861 0.116072 0.975886 0.000000 0.000000 0.000000 0.000000 1.000000
0.981354 0.081595 0.174033 -0.000000 -0.059005 0.989593 -0.131241 4.378900 -0.182930 0.118525 0.975955 -0.000000 0.000000 0.000000 0.000000 1.000000
0.981978 0.079123 0.171635 0.000000 -0.056405 0.989453 -0.133420 4.378900 -0.180382 0.121334 0.976084 0.000000 0.000000 0.000000 0.000000 1.000000</float_array><technique_common><accessor source="#mixamorig_Spine1-Matrix-animation-output-transform-array" count="61" stride="16"><param type="float4x4"/></accessor></technique_common></source><source id="mixamorig_Spine1-Interpolations"><Name_array id="mixamorig_Spine1-Interpolations-array" count="61">
 LINEAR LINEAR LINEAR LINEAR LINEAR LINEAR LINEAR LINEAR LINEAR LINEAR LINEAR
LINEAR LINEAR LINEAR LINEAR LINEAR LINEAR LINEAR LINEAR LINEAR LINEAR LINEAR LINEAR
LINEAR LINEAR LINEAR LINEAR LINEAR LINEAR LINEAR LINEAR LINEAR LINEAR LINEAR LINEAR
LINEAR LINEAR LINEAR LINEAR LINEAR LINEAR LINEAR LINEAR LINEAR LINEAR LINEAR LINEAR
LINEAR LINEAR LINEAR LINEAR LINEAR LINEAR LINEAR LINEAR LINEAR LINEAR LINEAR LINEAR
LINEAR LINEAR</Name_array><technique_common><accessor source="#mixamorig_Spine1-Interpolations-array" count="61"><param type="name"/></accessor></technique_common></source><sampler id="mixamorig_Spine1-Matrix-animation-transform"><input semantic="INPUT" source="#mixamorig_Spine1-Matrix-animation-input"/><input semantic="OUTPUT" source="#mixamorig_Spine1-Matrix-animation-output-transform"/><input semantic="INTERPOLATION" source="#mixamorig_Spine1-Interpolations"/></sampler><channel source="#mixamorig_Spine1-Matrix-animation-transform" target="mixamorig_Spine1/matrix"/></animation>
    <animation id="mixamorig_Spine2-anim" name="mixamorig_Spine2"><source id="mixamorig_Spine2-Matrix-animation-input"><float_array id="mixamorig_Spine2-Matrix-animation-input-array" count="61">

0.000000 0.033333 0.066667 0.100000 0.133333 0.166667 0.200000 0.233333 0.266667 0.300000 0.333333 0.366667 0.400000 0.433333 0.466667 0.500000
0.533333 0.566667 0.600000 0.633333 0.666667 0.700000 0.733333 0.766667 0.800000 0.833333 0.866667 0.900000 0.933333 0.966667 1.000000 1.033333
1.066667 1.100000 1.133333 1.166667 1.200000 1.233333 1.266667 1.300000 1.333333 1.366667 1.400000 1.433333 1.466667 1.500000 1.533333 1.566667
1.600000 1.633333 1.666667 1.700000 1.733333 1.766667 1.800000 1.833333 1.866667 1.900000 1.933333 1.966667 2.000000</float_array><technique_common><accessor source="#mixamorig_Spine2-Matrix-animation-input-array" count="61"><param name="TIME" type="float"/></accessor></technique_common></source><source id="mixamorig_Spine2-Matrix-animation-output-transform"><float_array id="mixamorig_Spine2-Matrix-animation-output-transform-array" count="976">

0.996704 -0.053487 -0.060989 0.000000 0.053724 0.998553 0.002261 5.004500 0.060780 -0.005530 0.998136 -0.000000 0.000000 0.000000 0.000000 1.000000
0.996612 -0.049760 -0.065489 -0.000000 0.050398 0.998696 0.008119 5.004500 0.064999 -0.011392 0.997820 -0.000000 0.000000 0.000000 0.000000 1.000000
0.997506 -0.043989 -0.055197 0.000000 0.044964 0.998852 0.016548 5.004500 0.054405 -0.018989 0.998338 -0.000000 0.000000 0.000000 0.000000 1.000000
0.998430 -0.041011 -0.038143 0.000000 0.041596 0.999027 0.014672 5.004500 0.037504 -0.016235 0.999165 -0.000000 0.000000 0.000000 0.000000 1.000000
0.999264 -0.019459 -0.033062 -0.000000 0.019146 0.999769 -0.009767 5.004500 0.033244 0.009126 0.999406 -0.000000 0.000000 0.000000 0.000000 1.000000
0.998834 -0.008829 -0.047467 -0.000000 0.007914 0.999780 -0.019428 5.004500 0.047628 0.019030 0.998684 0.000000 0.000000 0.000000 0.000000 1.000000
0.998248 -0.018181 -0.056299 -0.000000 0.017463 0.999760 -0.013219 5.004500 0.056526 0.012213 0.998326 -0.000000 0.000000 0.000000 0.000000 1.000000
0.997969 -0.029702 -0.056347 -0.000000 0.029313 0.999540 -0.007723 5.004500 0.056550 0.006056 0.998381 0.000000 0.000000 0.000000 0.000000 1.000000
0.997652 -0.040808 -0.054999 0.000000 0.040599 0.999163 -0.004916 5.004500 0.055154 0.002671 0.998474 0.000000 0.000000 0.000000 0.000000 1.000000
0.997251 -0.049857 -0.054819 0.000000 0.049804 0.998756 -0.002322 5.004500 0.054867 -0.000415 0.998494 0.000000 0.000000 0.000000 0.000000 1.000000
0.996861 -0.053185 -0.058652 0.000000 0.053375 0.998573 0.001671 5.004500 0.058479 -0.004796 0.998277 0.000000 0.000000 0.000000 0.000000 1.000000
0.996649 -0.052921 -0.062373 0.000000 0.053369 0.998560 0.005536 5.004500 0.061990 -0.008847 0.998038 0.000000 0.000000 0.000000 0.000000 1.000000
0.996697 -0.049976 -0.064008 0.000000 0.050590 0.998687 0.008006 5.004500 0.063524 -0.011218 0.997917 0.000000 0.000000 0.000000 0.000000 1.000000
0.997140 -0.041130 -0.063407 -0.000000 0.041673 0.999105 0.007267 5.004500 0.063051 -0.009888 0.997961 0.000000 0.000000 0.000000 0.000000 1.000000
0.997878 -0.027514 -0.059004 -0.000000 0.027866 0.999598 0.005156 5.004500 0.058839 -0.006790 0.998244 -0.000000 0.000000 0.000000 0.000000 1.000000
0.998624 -0.017527 -0.049421 -0.000000 0.017678 0.999840 0.002619 5.004500 0.049368 -0.003489 0.998775 -0.000000 0.000000 0.000000 0.000000 1.000000
0.999279 -0.013496 -0.035493 0.000000 0.013504 0.999909 -0.000008 5.004500 0.035490 -0.000471 0.999370 0.000000 0.000000 0.000000 0.000000 1.000000
0.999790 -0.010414 -0.017640 0.000000 0.010436 0.999945 0.001184 5.004500 0.017627 -0.001368 0.999844 0.000000 0.000000 0.000000 0.000000 1.000000
0.999976 -0.006615 -0.001829 -0.000000 0.006614 0.999978 -0.000476 5.004500 0.001832 0.000464 0.999998 -0.000000 0.000000 0.000000 0.000000 1.000000
0.999922 0.002341 0.012277 0.000000 -0.002259 0.999975 -0.006662 5.004500 -0.012292 0.006634 0.999902 0.000000 0.000000 0.000000 0.000000 1.000000
0.999467 0.015185 0.028888 -0.000000 -0.014830 0.999812 -0.012454 5.004500 -0.029071 0.012019 0.999505 -0.000000 0.000000 0.000000 0.000000 1.000000
0.998647 0.026729 0.044612 0.000000 -0.025876 0.999473 -0.019579 5.004500 -0.045111 0.018398 0.998813 -0.000000 0.000000 0.000000 0.000000 1.000000
0.997781 0.032588 0.058058 0.000000 -0.031334 0.999258 -0.022389 5.004500 -0.058745 0.020520 0.998062 0.000000 0.000000 0.000000 0.000000 1.000000
0.997041 0.035443 0.068218 0.000000 -0.034049 0.999189 -0.021495 5.004500 -0.068925 0.019109 0.997439 0.000000 0.000000 0.000000 0.000000 1.000000
0.996583 0.042648 0.070728 0.000000 -0.041446 0.998972 -0.018367 5.004500 -0.071439 0.015373 0.997326 0.000000 0.000000 0.000000 0.000000 1.000000
0.996794 0.044021 0.066811 0.000000 -0.043505 0.999011 -0.009158 5.004500 -0.067149 0.006222 0.997724 -0.000000 0.000000 0.000000 0.000000 1.000000
0.997392 0.034737 0.063263 0.000000 -0.034921 0.999388 0.001806 5.004500 -0.063162 -0.004011 0.997995 0.000000 0.000000 0.000000 0.000000 1.000000
