<?xml version="1.0" encoding="utf-8"?>
<COLLADA xmlns="http://www.collada.org/2005/11/COLLADASchema" version="1.4.1">
  <asset><contributor><author>Mixamo</author><authoring_tool>COLLADA Mixamo exporter</authoring_tool><comments></comments></contributor><created>2020-10-31T23:01:36Z</created><modified>2020-10-31T23:01:36Z</modified><revision></revision><title></title><unit meter="0.010000"/><up_axis>Y_UP</up_axis></asset>
  <library_animations>
    <animation id="mixamorig_Hips-anim" name="mixamorig_Hips"><source id="mixamorig_Hips-Matrix-animation-input"><float_array id="mixamorig_Hips-Matrix-animation-input-array" count="57">

0.000000 0.033333 0.066667 0.100000 0.133333 0.166667 0.200000 0.233333 0.266667 0.300000 0.333333 0.366667 0.400000 0.433333 0.466667 0.500000
0.533333 0.566667 0.600000 0.633333 0.666667 0.700000 0.733333 0.766667 0.800000 0.833333 0.866667 0.900000 0.933333 0.966667 1.000000 1.033333
1.066667 1.100000 1.133333 1.166667 1.200000 1.233333 1.266667 1.300000 1.333333 1.366667 1.400000 1.433333 1.466667 1.500000 1.533333 1.566667
1.600000 1.633333 1.666667 1.700000 1.733333 1.766667 1.800000 1.833333 1.866667</float_array><technique_common><accessor source="#mixamorig_Hips-Matrix-animation-input-array" count="57"><param name="TIME" type="float"/></accessor></technique_common></source><source id="mixamorig_Hips-Matrix-animation-output-transform"><float_array id="mixamorig_Hips-Matrix-animation-output-transform-array" count="912">

0.730765 0.051755 -0.680664 0.034178 0.001612 0.996988 0.077538 44.239635 0.682627 -0.057760 0.728481 -0.430702 0.000000 0.000000 0.000000 1.000000
0.729776 0.043189 -0.682321 0.241549 -0.002107 0.998140 0.060926 44.195591 0.683683 -0.043025 0.728510 -0.486062 0.000000 0.000000 0.000000 1.000000
0.721616 0.015508 -0.692120 0.894682 -0.002540 0.999802 0.019754 43.740303 0.692289 -0.012497 0.721512 -0.706486 0.000000 0.000000 0.000000 1.000000
0.697968 -0.030670 -0.715472 1.843858 -0.010176 0.998557 -0.052732 42.676971 0.716057 0.044086 0.696649 -1.037431 0.000000 0.000000 0.000000 1.000000
0.665681 -0.086779 -0.741173 3.004753 -0.028323 0.989562 -0.141299 40.861584 0.745699 0.115052 0.656275 -1.445655 0.000000 0.000000 0.000000 1.000000
0.628894 -0.143315 -0.764168 4.220022 -0.056607 0.971816 -0.228845 38.267418 0.775428 0.187176 0.603056 -1.891178 0.000000 0.000000 0.000000 1.000000
0.602297 -0.195365 -0.773996 5.286648 -0.079834 0.949988 -0.301911 35.037624 0.794270 0.243631 0.556578 -2.288615 0.000000 0.000000 0.000000 1.000000
0.597620 -0.234464 -0.766731 6.133678 -0.066014 0.938651 -0.338490 31.608360 0.799057 0.252904 0.545479 -2.503812 0.000000 0.000000 0.000000 1.000000
0.596420 -0.256591 -0.760555 6.558132 -0.027720 0.940379 -0.338996 28.681377 0.802194 0.223267 0.553749 -2.483695 0.000000 0.000000 0.000000 1.000000
0.599562 -0.236196 -0.764681 6.507086 -0.005029 0.954328 -0.298717 26.887682 0.800312 0.182945 0.570991 -2.383309 0.000000 0.000000 0.000000 1.000000
0.618964 -0.167382 -0.767377 5.998254 0.003666 0.977633 -0.210286 26.397343 0.785411 0.127346 0.605734 -2.272307 0.000000 0.000000 0.000000 1.000000
0.647400 -0.098475 -0.755762 4.950646 0.013783 0.992968 -0.117576 27.501863 0.762026 0.065702 0.644205 -2.223695 0.000000 0.000000 0.000000 1.000000
0.690788 -0.044972 -0.721657 3.547914 0.021689 0.998904 -0.041488 30.100159 0.722732 0.013008 0.691006 -2.398211 0.000000 0.000000 0.000000 1.000000
0.732678 0.014527 -0.680420 1.902033 0.021128 0.998805 0.044076 33.880253 0.680247 -0.046669 0.731496 -2.540136 0.000000 0.000000 0.000000 1.000000
0.764015 0.070224 -0.641365 -0.053839 0.036247 0.987818 0.151336 38.839424 0.644179 -0.138870 0.752163 -2.216170 0.000000 0.000000 0.000000 1.000000
0.779156 0.094487 -0.619668 -2.155018 0.053872 0.974822 0.216379 44.788757 0.624511 -0.201976 0.754448 -1.577469 0.000000 0.000000 0.000000 1.000000
0.764551 0.083708 -0.639105 -3.877975 0.068018 0.975518 0.209139 49.958241 0.640965 -0.203368 0.740139 -1.299304 0.000000 0.000000 0.000000 1.000000
0.770765 0.032344 -0.636299 -3.986598 0.103758 0.979006 0.175449 56.045792 0.628615 -0.201251 0.751227 -1.423006 0.000000 0.000000 0.000000 1.000000
0.782087 -0.040865 -0.621828 -3.182022 0.147028 0.981777 0.120399 61.425583 0.605577 -0.185589 0.773844 -1.888904 0.000000 0.000000 0.000000 1.000000
0.769377 -0.122385 -0.626961 -2.057456 0.182022 0.982789 0.031525 65.877235 0.612313 -0.138376 0.778412 -2.461052 0.000000 0.000000 0.000000 1.000000
0.758836 -0.182320 -0.625241 -1.349276 0.226853 0.973890 -0.008660 69.299210 0.610496 -0.135266 0.780383 -3.131492 0.000000 0.000000 0.000000 1.000000
0.752143 -0.181019 -0.633650 -1.122100 0.239880 0.970774 0.007409 71.761024 0.613790 -0.157573 0.773584 -3.768753 0.000000 0.000000 0.000000 1.000000
0.759002 -0.134637 -0.637015 -1.217827 0.242355 0.966502 0.084489 73.091431 0.604301 -0.218511 0.766207 -4.152918 0.000000 0.000000 0.000000 1.000000
0.779068 -0.087442 -0.620811 -1.647976 0.258164 0.947118 0.190573 73.163528 0.571318 -0.308740 0.760444 -4.299841 0.000000 0.000000 0.000000 1.000000
0.804884 -0.038357 -0.592192 -2.138073 0.251588 0.925846 0.281981 72.202347 0.537462 -0.375950 0.754848 -4.311201 0.000000 0.000000 0.000000 1.000000
0.824131 -0.013755 -0.566232 -2.379798 0.229089 0.922378 0.311024 70.870811 0.518002 -0.386042 0.763312 -4.295359 0.000000 0.000000 0.000000 1.000000
0.837974 -0.021024 -0.545305 -2.329903 0.214024 0.931861 0.292964 69.435188 0.501990 -0.362205 0.785375 -4.023348 0.000000 0.000000 0.000000 1.000000
0.848486 -0.047583 -0.527075 -2.128912 0.203660 0.948607 0.242214 67.762672 0.488462 -0.312859 0.814570 -3.500114 0.000000 0.000000 0.000000 1.000000
0.856785 -0.079209 -0.509554 -1.964501 0.189689 0.967261 0.168592 65.765259 0.479517 -0.241104 0.843761 -2.767662 0.000000 0.000000 0.000000 1.000000
0.867757 -0.097008 -0.487429 -1.932823 0.157227 0.983977 0.084076 62.862675 0.471462 -0.149595 0.869106 -1.654709 0.000000 0.000000 0.000000 1.000000
0.893869 -0.094851 -0.438180 -2.020963 0.120487 0.992231 0.031004 58.827648 0.431835 -0.080509 0.898352 -0.147235 0.000000 0.000000 0.000000 1.000000
0.928093 -0.076176 -0.364473 -2.154917 0.089632 0.995772 0.020119 53.895653 0.361399 -0.051341 0.930997 1.345653 0.000000 0.000000 0.000000 1.000000
0.953893 -0.037559 -0.297788 -2.204096 0.050219 0.998126 0.034976 48.053604 0.295916 -0.048318 0.953991 2.445685 0.000000 0.000000 0.000000 1.000000
0.973832 -0.034495 -0.224637 -2.378751 0.032618 0.999395 -0.012065 42.136410 0.224917 0.004423 0.974368 2.541398 0.000000 0.000000 0.000000 1.000000
0.979045 -0.090526 -0.182415 -2.365691 0.073689 0.992546 -0.097070 37.029171 0.189843 0.081594 0.978418 1.953080 0.000000 0.000000 0.000000 1.000000
0.962463 -0.174145 -0.208177 -1.877618 0.139770 0.975510 -0.169839 33.719490 0.232655 0.134366 0.963233 1.592652 0.000000 0.000000 0.000000 1.000000
0.941357 -0.252443 -0.223874 -1.235786 0.197381 0.950134 -0.241426 31.567478 0.273656 0.183080 0.944243 1.227769 0.000000 0.000000 0.000000 1.000000
0.924494 -0.292298 -0.244689 -0.567846 0.223344 0.935524 -0.273701 30.026199 0.308915 0.198385 0.930169 0.888294 0.000000 0.000000 0.000000 1.000000
0.903997 -0.316505 -0.287427 -0.009458 0.233595 0.928710 -0.287978 29.127834 0.358083 0.193190 0.913485 0.640992 0.000000 0.000000 0.000000 1.000000
0.884952 -0.332373 -0.326173 0.367960 0.237150 0.924445 -0.298598 28.908218 0.400775 0.186893 0.896912 0.513178 0.000000 0.000000 0.000000 1.000000
0.875285 -0.320047 -0.362556 0.537053 0.222550 0.932156 -0.285583 29.394293 0.429358 0.169279 0.887128 0.424682 0.000000 0.000000 0.000000 1.000000
0.867486 -0.293733 -0.401484 0.517984 0.199396 0.944706 -0.260330 30.590294 0.455752 0.145779 0.878088 0.328398 0.000000 0.000000 0.000000 1.000000
0.862821 -0.262529 -0.431993 0.337863 0.168684 0.955113 -0.243524 32.335869 0.476534 0.137248 0.868377 0.255305 0.000000 0.000000 0.000000 1.000000
0.857025 -0.224342 -0.463873 0.093467 0.133749 0.966243 -0.220196 34.402985 0.497613 0.126671 0.858100 0.166858 0.000000 0.000000 0.000000 1.000000
0.843070 -0.191728 -0.502468 -0.081322 0.107951 0.975609 -0.191138 36.615074 0.526859 0.106901 0.843203 0.047690 0.000000 0.000000 0.000000 1.000000
0.826750 -0.161386 -0.538924 -0.164249 0.084024 0.982647 -0.165364 38.767406 0.556259 0.091432 0.825964 -0.072926 0.000000 0.000000 0.000000 1.000000
0.810289 -0.128775 -0.571706 -0.187578 0.060441 0.988719 -0.137043 40.657772 0.582905 0.076490 0.808932 -0.185682 0.000000 0.000000 0.000000 1.000000
0.792515 -0.096783 -0.602123 -0.206930 0.042019 0.993646 -0.104409 42.139992 0.608403 0.057445 0.791547 -0.257929 0.000000 0.000000 0.000000 1.000000
0.775133 -0.062366 -0.628713 -0.213198 0.025271 0.997380 -0.067780 43.158585 0.631293 0.036650 0.774678 -0.321393 0.000000 0.000000 0.000000 1.000000
0.760021 -0.028083 -0.649291 -0.183075 0.012495 0.999513 -0.028605 43.781872 0.649778 0.013628 0.760002 -0.392238 0.000000 0.000000 0.000000 1.000000
0.746633 0.001277 -0.665235 -0.122163 0.006435 0.999937 0.009143 44.089569 0.665205 -0.011107 0.746578 -0.437225 0.000000 0.000000 0.000000 1.000000
0.740043 0.016324 -0.672361 -0.079361 0.004735 0.999554 0.029480 44.174061 0.672543 -0.025000 0.739636 -0.449756 0.000000 0.000000 0.000000 1.000000
0.736516 0.025265 -0.675948 -0.050942 0.003951 0.999125 0.041649 44.206516 0.676409 -0.033346 0.735771 -0.454195 0.000000 0.000000 0.000000 1.000000
0.734361 0.031627 -0.678022 -0.029246 0.003457 0.998727 0.050330 44.221012 0.678751 -0.039304 0.733316 -0.455346 0.000000 0.000000 0.000000 1.000000
0.731949 0.040117 -0.680178 0.000330 0.002801 0.998080 0.061881 44.233589 0.681354 -0.047199 0.730431 -0.453729 0.000000 0.000000 0.000000 1.000000
0.730973 0.044945 -0.680925 0.016517 0.002366 0.997656 0.068391 44.237324 0.682403 -0.051602 0.729153 -0.449750 0.000000 0.000000 0.000000 1.000000
0.730720 0.049419 -0.680887 0.028615 0.001886 0.997226 0.074403 44.238995 0.682675 -0.055652 0.728600 -0.438290 0.000000 0.000000 0.000000 1.000000</float_array><technique_common><accessor source="#mixamorig_Hips-Matrix-animation-output-transform-array" count="57" stride="16"><param type="float4x4"/></accessor></technique_common></source><source id="mixamorig_Hips-Interpolations"><Name_array id="mixamorig_Hips-Interpolations-array" count="57">
 LINEAR LINEAR LINEAR LINEAR LINEAR LINEAR LINEAR LINEAR LINEAR LINEAR LINEAR
LINEAR LINEAR LINEAR LINEAR LINEAR LINEAR LINEAR LINEAR LINEAR LINEAR LINEAR LINEAR
LINEAR LINEAR LINEAR LINEAR LINEAR LINEAR LINEAR LINEAR LINEAR LINEAR LINEAR LINEAR
LINEAR LINEAR LINEAR LINEAR LINEAR LINEAR LINEAR LINEAR LINEAR LINEAR LINEAR LINEAR
LINEAR LINEAR LINEAR LINEAR LINEAR LINEAR LINEAR LINEAR LINEAR LINEAR</Name_array><technique_common><accessor source="#mixamorig_Hips-Interpolations-array" count="57"><param type="name"/></accessor></technique_common></source><sampler id="mixamorig_Hips-Matrix-animation-transform"><input semantic="INPUT" source="#mixamorig_Hips-Matrix-animation-input"/><input semantic="OUTPUT" source="#mixamorig_Hips-Matrix-animation-output-transform"/><input semantic="INTERPOLATION" source="#mixamorig_Hips-Interpolations"/></sampler><channel source="#mixamorig_Hips-Matrix-animation-transform" target="mixamorig_Hips/matrix"/></animation>
    <animation id="mixamorig_Spine-anim" name="mixamorig_Spine"><source id="mixamorig_Spine-Matrix-animation-input"><float_array id="mixamorig_Spine-Matrix-animation-input-array" count="57">

0.000000 0.033333 0.066667 0.100000 0.133333 0.166667 0.200000 0.233333 0.266667 0.300000 0.333333 0.366667 0.400000 0.433333 0.466667 0.500000
0.533333 0.566667 0.600000 0.633333 0.666667 0.700000 0.733333 0.766667 0.800000 0.833333 0.866667 0.900000 0.933333 0.966667 1.000000 1.033333
1.066667 1.100000 1.133333 1.166667 1.200000 1.233333 1.266667 1.300000 1.333333 1.366667 1.400000 1.433333 1.466667 1.500000 1.533333 1.566667
1.600000 1.633333 1.666667 1.700000 1.733333 1.766667 1.800000 1.833333 1.866667</float_array><technique_common><accessor source="#mixamorig_Spine-Matrix-animation-input-array" count="57"><param name="TIME" type="float"/></accessor></technique_common></source><source id="mixamorig_Spine-Matrix-animation-output-transform"><float_array id="mixamorig_Spine-Matrix-animation-output-transform-array" count="912">

0.996694 0.019932 0.078770 0.000000 -0.012602 0.995635 -0.092482 3.753200 -0.080269 0.091183 0.992594 -0.033300 0.000000 0.000000 0.000000 1.000000
0.997120 0.019759 0.073221 -0.000000 -0.012929 0.995619 -0.092609 3.753200 -0.074730 0.091396 0.993007 -0.033300 0.000000 0.000000 0.000000 1.000000
0.997707 0.018866 0.065002 -0.000000 -0.012633 0.995397 -0.094999 3.753200 -0.066495 0.093960 0.993353 -0.033300 0.000000 0.000000 0.000000 1.000000
0.998112 0.016991 0.059024 -0.000000 -0.011160 0.995149 -0.097747 3.753200 -0.060398 0.096904 0.993459 -0.033300 0.000000 0.000000 0.000000 1.000000
0.998471 0.012863 0.053761 -0.000000 -0.007285 0.994687 -0.102686 3.753200 -0.054796 0.102137 0.993260 -0.033300 0.000000 0.000000 0.000000 1.000000
0.998877 0.007644 0.046756 0.000000 -0.002468 0.993954 -0.109766 3.753200 -0.047313 0.109527 0.992857 -0.033300 0.000000 0.000000 0.000000 1.000000
0.999378 0.002924 0.035156 -0.000000 0.001259 0.992969 -0.118369 3.753200 -0.035255 0.118340 0.992347 -0.033300 0.000000 0.000000 0.000000 1.000000
0.999772 0.000714 0.021347 0.000000 0.002090 0.991376 -0.131029 3.753200 -0.021256 0.131044 0.991149 -0.033300 0.000000 0.000000 0.000000 1.000000
0.999918 0.002957 0.012424 0.000000 -0.001173 0.989988 -0.141144 3.753200 -0.012717 0.141118 0.989911 -0.033300 0.000000 0.000000 0.000000 1.000000
0.999956 0.004440 0.008286 -0.000000 -0.003179 0.989224 -0.146379 3.753200 -0.008847 0.146346 0.989194 -0.033300 0.000000 0.000000 0.000000 1.000000
0.999978 0.001699 0.006349 0.000000 -0.000723 0.988583 -0.150675 3.753200 -0.006533 0.150667 0.988563 -0.033300 0.000000 0.000000 0.000000 1.000000
0.999936 0.001196 0.011268 -0.000000 0.000447 0.989479 -0.144675 3.753200 -0.011323 0.144671 0.989415 -0.033300 0.000000 0.000000 0.000000 1.000000
0.999912 0.001207 0.013193 -0.000000 0.000511 0.991585 -0.129454 3.753200 -0.013238 0.129449 0.991498 -0.033300 0.000000 0.000000 0.000000 1.000000
0.999916 -0.001286 0.012925 0.000000 0.002821 0.992836 -0.119451 3.753200 -0.012678 0.119477 0.992756 -0.033300 0.000000 0.000000 0.000000 1.000000
0.999813 0.003433 0.019052 -0.000000 -0.001257 0.993589 -0.113044 3.753200 -0.019318 0.112999 0.993407 -0.033300 0.000000 0.000000 0.000000 1.000000
0.999569 0.012937 0.026369 0.000000 -0.010356 0.995350 -0.095767 3.753200 -0.027485 0.095452 0.995054 -0.033300 0.000000 0.000000 0.000000 1.000000
0.999228 0.022549 0.032159 0.000000 -0.019939 0.996654 -0.079271 3.753200 -0.033839 0.078568 0.996334 -0.033300 0.000000 0.000000 0.000000 1.000000
0.998910 0.030554 0.035286 -0.000000 -0.027609 0.996320 -0.081139 3.753200 -0.037635 0.080076 0.996078 -0.033300 0.000000 0.000000 0.000000 1.000000
0.998593 0.040080 0.034710 0.000000 -0.036736 0.995069 -0.092134 3.753200 -0.038231 0.090730 0.995141 -0.033300 0.000000 0.000000 0.000000 1.000000
0.998384 0.048521 0.029582 0.000000 -0.045174 0.993458 -0.104888 3.753200 -0.034478 0.103382 0.994044 -0.033300 0.000000 0.000000 0.000000 1.000000
0.998039 0.059800 0.018520 -0.000000 -0.057093 0.990818 -0.122553 3.753200 -0.025679 0.121255 0.992289 -0.033300 0.000000 0.000000 0.000000 1.000000
0.997811 0.065861 0.005938 0.000000 -0.064267 0.986968 -0.147529 3.753200 -0.015577 0.146825 0.989040 -0.033300 0.000000 0.000000 0.000000 1.000000
0.997553 0.069901 -0.001341 0.000000 -0.068965 0.980690 -0.183005 3.753200 -0.011477 0.182650 0.983111 -0.033300 0.000000 0.000000 0.000000 1.000000
0.997346 0.072634 -0.005061 -0.000000 -0.071985 0.973218 -0.218322 3.753200 -0.010932 0.218107 0.975864 -0.033300 0.000000 0.000000 0.000000 1.000000
0.997537 0.069723 -0.007712 0.000000 -0.069515 0.967814 -0.241876 3.753200 -0.009400 0.241816 0.970277 -0.033300 0.000000 0.000000 0.000000 1.000000
0.997999 0.062453 -0.009891 0.000000 -0.062963 0.967144 -0.246308 3.753200 -0.005817 0.246438 0.969141 -0.033300 0.000000 0.000000 0.000000 1.000000
0.998418 0.055098 -0.011247 -0.000000 -0.056196 0.970109 -0.236072 3.753200 -0.002096 0.236330 0.971671 -0.033300 0.000000 0.000000 0.000000 1.000000
0.998775 0.047780 -0.012879 -0.000000 -0.049433 0.975319 -0.215198 3.753200 0.002279 0.215571 0.976486 -0.033300 0.000000 0.000000 0.000000 1.000000
0.999094 0.039157 -0.016664 -0.000000 -0.041576 0.981671 -0.185991 3.753200 0.009076 0.186515 0.982410 -0.033300 0.000000 0.000000 0.000000 1.000000
0.999409 0.028794 -0.018766 -0.000000 -0.031302 0.988044 -0.150964 3.753200 0.014195 0.151462 0.988361 -0.033300 0.000000 0.000000 0.000000 1.000000
0.999710 0.018849 -0.014991 0.000000 -0.020516 0.992548 -0.120118 3.753200 0.012615 0.120390 0.992646 -0.033300 0.000000 0.000000 0.000000 1.000000
0.999859 0.012018 -0.011726 0.000000 -0.013108 0.995121 -0.097785 3.753200 0.010493 0.097925 0.995138 -0.033300 0.000000 0.000000 0.000000 1.000000
0.999948 0.006057 -0.008220 -0.000000 -0.006722 0.996497 -0.083355 3.753200 0.007686 0.083406 0.996486 -0.033300 0.000000 0.000000 0.000000 1.000000
0.999971 0.002193 -0.007340 0.000000 -0.002804 0.996432 -0.084357 3.753200 0.007129 0.084375 0.996409 -0.033300 0.000000 0.000000 0.000000 1.000000
0.999996 0.000909 -0.002700 0.000000 -0.001164 0.995394 -0.095866 3.753200 0.002600 0.095869 0.995391 -0.033300 0.000000 0.000000 0.000000 1.000000
0.999982 0.004841 0.003484 0.000000 -0.004401 0.993140 -0.116847 3.753200 -0.004025 0.116829 0.993144 -0.033300 0.000000 0.000000 0.000000 1.000000
0.999982 0.003908 0.004631 0.000000 -0.003227 0.990292 -0.138964 3.753200 -0.005129 0.138947 0.990287 -0.033300 0.000000 0.000000 0.000000 1.000000
0.999956 -0.003551 0.008683 -0.000000 0.004932 0.986345 -0.164619 3.753200 -0.007980 0.164655 0.986319 -0.033300 0.000000 0.000000 0.000000 1.000000
0.999854 -0.011493 0.012667 0.000000 0.013656 0.982328 -0.186670 3.753200 -0.010298 0.186815 0.982341 -0.033300 0.000000 0.000000 0.000000 1.000000
0.999666 -0.020147 0.016194 -0.000000 0.023002 0.979163 -0.201771 3.753200 -0.011791 0.202076 0.979299 -0.033300 0.000000 0.000000 0.000000 1.000000
0.999353 -0.028059 0.022505 0.000000 0.032243 0.976132 -0.214773 3.753200 -0.015941 0.215359 0.976405 -0.033300 0.000000 0.000000 0.000000 1.000000
0.999100 -0.031502 0.028390 0.000000 0.036994 0.974724 -0.220327 3.753200 -0.020732 0.221179 0.975013 -0.033300 0.000000 0.000000 0.000000 1.000000
0.998886 -0.033527 0.033221 0.000000 0.039874 0.976048 -0.213870 3.753200 -0.025255 0.214956 0.976297 -0.033300 0.000000 0.000000 0.000000 1.000000
0.998699 -0.033072 0.038821 -0.000000 0.040257 0.978555 -0.202012 3.753200 -0.031307 0.203312 0.978613 -0.033300 0.000000 0.000000 0.000000 1.000000
0.998671 -0.027949 0.043312 0.000000 0.035604 0.981617 -0.187513 3.753200 -0.037275 0.188806 0.981307 -0.033300 0.000000 0.000000 0.000000 1.000000
0.998597 -0.022527 0.047913 -0.000000 0.030439 0.984725 -0.171433 3.753200 -0.043319 0.172651 0.984030 -0.033300 0.000000 0.000000 0.000000 1.000000
0.998403 -0.017146 0.053835 0.000000 0.025421 0.987269 -0.157016 3.753200 -0.050458 0.158133 0.986128 -0.033300 0.000000 0.000000 0.000000 1.000000
0.998108 -0.010931 0.060512 0.000000 0.019611 0.989272 -0.144765 3.753200 -0.058280 0.145678 0.987614 -0.033300 0.000000 0.000000 0.000000 1.000000
0.997780 -0.004981 0.066415 0.000000 0.013717 0.991189 -0.131739 3.753200 -0.065174 0.132358 0.989057 -0.033300 0.000000 0.000000 0.000000 1.000000
0.997476 0.000761 0.070998 0.000000 0.007672 0.992933 -0.118428 3.753200 -0.070586 0.118673 0.990421 -0.033300 0.000000 0.000000 0.000000 1.000000
0.997174 0.006555 0.074838 0.000000 0.001543 0.994189 -0.107634 3.753200 -0.075109 0.107445 0.991370 -0.033300 0.000000 0.000000 0.000000 1.000000
0.996962 0.010841 0.077137 -0.000000 -0.002916 0.994768 -0.102121 3.753200 -0.077841 0.101586 0.991777 -0.033300 0.000000 0.000000 0.000000 1.000000
0.996844 0.014029 0.078130 -0.000000 -0.006226 0.995044 -0.099240 3.753200 -0.079135 0.098441 0.991991 -0.033300 0.000000 0.000000 0.000000 1.000000
0.996771 0.016481 0.078589 0.000000 -0.008782 0.995214 -0.097322 3.753200 -0.079817 0.096317 0.992145 -0.033300 0.000000 0.000000 0.000000 1.000000
0.996717 0.018429 0.078839 -0.000000 -0.010886 0.995413 -0.095052 3.753200 -0.080229 0.093881 0.992345 -0.033300 0.000000 0.000000 0.000000 1.000000
0.996681 0.019640 0.079008 0.000000 -0.012195 0.995532 -0.093637 3.753200 -0.080494 0.092363 0.992467 -0.033300 0.000000 0.000000 0.000000 1.000000
0.996680 0.020048 0.078913 -0.000000 -0.012683 0.995608 -0.092753 3.753200 -0.080426 0.091445 0.992557 -0.033300 0.000000 0.000000 0.000000 1.000000</float_array><technique_common><accessor source="#mixamorig_Spine-Matrix-animation-output-transform-array" count="57" stride="16"><param type="float4x4"/></accessor></technique_common></source><source id="mixamorig_Spine-Interpolations"><Name_array id="mixamorig_Spine-Interpolations-array" count="57">
 LINEAR LINEAR LINEAR LINEAR LINEAR LINEAR LINEAR LINEAR LINEAR LINEAR LINEAR
LINEAR LINEAR LINEAR LINEAR LINEAR LINEAR LINEAR LINEAR LINEAR LINEAR LINEAR LINEAR
LINEAR LINEAR LINEAR LINEAR LINEAR LINEAR LINEAR LINEAR LINEAR LINEAR LINEAR LINEAR
LINEAR LINEAR LINEAR LINEAR LINEAR LINEAR LINEAR LINEAR LINEAR LINEAR LINEAR LINEAR
LINEAR LINEAR LINEAR LINEAR LINEAR LINEAR LINEAR LINEAR LINEAR LINEAR</Name_array><technique_common><accessor source="#mixamorig_Spine-Interpolations-array" count="57"><param type="name"/></accessor></technique_common></source><sampler id="mixamorig_Spine-Matrix-animation-transform"><input semantic="INPUT" source="#mixamorig_Spine-Matrix-animation-input"/><input semantic="OUTPUT" source="#mixamorig_Spine-Matrix-animation-output-transform"/><input semantic="INTERPOLATION" source="#mixamorig_Spine-Interpolations"/></sampler><channel source="#mixamorig_Spine-Matrix-animation-transform" target="mixamorig_Spine/matrix"/></animation>
    <animation id="mixamorig_Spine1-anim" name="mixamorig_Spine1"><source id="mixamorig_Spine1-Matrix-animation-input"><float_array id="mixamorig_Spine1-Matrix-animation-input-array" count="57">

0.000000 0.033333 0.066667 0.100000 0.133333 0.166667 0.200000 0.233333 0.266667 0.300000 0.333333 0.366667 0.400000 0.433333 0.466667 0.500000
0.533333 0.566667 0.600000 0.633333 0.666667 0.700000 0.733333 0.766667 0.800000 0.833333 0.866667 0.900000 0.933333 0.966667 1.000000 1.033333
1.066667 1.100000 1.133333 1.166667 1.200000 1.233333 1.266667 1.300000 1.333333 1.366667 1.400000 1.433333 1.466667 1.500000 1.533333 1.566667
1.600000 1.633333 1.666667 1.700000 1.733333 1.766667 1.800000 1.833333 1.866667</float_array><technique_common><accessor source="#mixamorig_Spine1-Matrix-animation-input-array" count="57"><param name="TIME" type="float"/></accessor></technique_common></source><source id="mixamorig_Spine1-Matrix-animation-output-transform"><float_array id="mixamorig_Spine1-Matrix-animation-output-transform-array" count="912">

0.986175 0.051664 0.157445 -0.000000 -0.018961 0.979095 -0.202516 4.378900 -0.164616 0.196732 0.966539 -0.000000 0.000000 0.000000 0.000000 1.000000
0.987912 0.051018 0.146379 0.000000 -0.020514 0.979011 -0.202773 4.378900 -0.153652 0.197319 0.968223 0.000000 0.000000 0.000000 0.000000 1.000000
0.990355 0.048423 0.129818 0.000000 -0.020639 0.978047 -0.207361 4.378900 -0.137009 0.202681 0.969613 0.000000 0.000000 0.000000 0.000000 1.000000
0.992101 0.044654 0.117227 0.000000 -0.018845 0.976947 -0.212649 4.378900 -0.124020 0.208761 0.970071 0.000000 0.000000 0.000000 0.000000 1.000000
0.993727 0.037080 0.105506 0.000000 -0.012792 0.974928 -0.222152 4.378900 -0.111098 0.219409 0.969287 -0.000000 0.000000 0.000000 0.000000 1.000000
0.995624 0.027740 0.089242 0.000000 -0.005936 0.971774 -0.235839 4.378900 -0.093266 0.234277 0.967686 -0.000000 0.000000 0.000000 0.000000 1.000000
0.997883 0.018754 0.062278 -0.000000 -0.002425 0.967593 -0.252505 4.378900 -0.064995 0.251819 0.965589 -0.000000 0.000000 0.000000 0.000000 1.000000
0.999381 0.010200 0.033672 -0.000000 -0.000476 0.960889 -0.276935 4.378900 -0.035180 0.276748 0.960298 0.000000 0.000000 0.000000 0.000000 1.000000
0.999801 0.007370 0.018560 -0.000000 -0.001537 0.955048 -0.296447 4.378900 -0.019911 0.296359 0.954869 0.000000 0.000000 0.000000 0.000000 1.000000
0.999912 0.006126 0.011805 -0.000000 -0.002212 0.951853 -0.306546 4.378900 -0.013115 0.306492 0.951783 0.000000 0.000000 0.000000 0.000000 1.000000
0.999959 -0.001629 0.008880 0.000000 0.004342 0.949146 -0.314805 4.378900 -0.007916 0.314831 0.949115 0.000000 0.000000 0.000000 0.000000 1.000000
0.999809 -0.002859 0.019350 0.000000 0.008593 0.952885 -0.303209 4.378900 -0.017571 0.303318 0.952728 0.000000 0.000000 0.000000 0.000000 1.000000
0.999708 -0.000624 0.024163 -0.000000 0.007217 0.961768 -0.273772 4.378900 -0.023069 0.273867 0.961491 0.000000 0.000000 0.000000 0.000000 1.000000
0.999647 -0.001289 0.026540 -0.000000 0.007999 0.967087 -0.254320 4.378900 -0.025339 0.254442 0.966756 -0.000000 0.000000 0.000000 0.000000 1.000000
0.999103 0.009448 0.041272 0.000000 0.000815 0.970310 -0.241863 4.378900 -0.042332 0.241680 0.969432 -0.000000 0.000000 0.000000 0.000000 1.000000
0.998059 0.026606 0.056304 -0.000000 -0.014326 0.977985 -0.208182 4.378900 -0.060603 0.206971 0.976468 -0.000000 0.000000 0.000000 0.000000 1.000000
0.997036 0.040110 0.065654 0.000000 -0.028010 0.984026 -0.175808 4.378900 -0.071657 0.173448 0.982233 -0.000000 0.000000 0.000000 0.000000 1.000000
0.996053 0.053411 0.070892 0.000000 -0.039921 0.982920 -0.179652 4.378900 -0.079277 0.176113 0.981172 0.000000 0.000000 0.000000 0.000000 1.000000
0.995326 0.066777 0.069759 0.000000 -0.051511 0.978158 -0.201380 4.378900 -0.081682 0.196845 0.977026 0.000000 0.000000 0.000000 0.000000 1.000000
0.995152 0.077144 0.060999 0.000000 -0.061478 0.972089 -0.226415 4.378900 -0.076763 0.221567 0.972119 0.000000 0.000000 0.000000 0.000000 1.000000
0.994800 0.093207 0.041060 0.000000 -0.079370 0.962079 -0.260969 4.378900 -0.063827 0.256353 0.964474 0.000000 0.000000 0.000000 0.000000 1.000000
0.994299 0.105519 0.015339 0.000000 -0.095642 0.946178 -0.309193 4.378900 -0.047139 0.305964 0.950875 0.000000 0.000000 0.000000 0.000000 1.000000
0.992998 0.118052 -0.004426 0.000000 -0.111025 0.919776 -0.376411 4.378900 -0.040365 0.374266 0.926442 0.000000 0.000000 0.000000 0.000000 1.000000
0.991842 0.126284 -0.017393 0.000000 -0.120929 0.888940 -0.441771 4.378900 -0.040327 0.440271 0.896959 0.000000 0.000000 0.000000 0.000000 1.000000
0.992137 0.122442 -0.025924 0.000000 -0.119611 0.866649 -0.484369 4.378900 -0.036840 0.483661 0.874480 0.000000 0.000000 0.000000 0.000000 1.000000
0.993413 0.110427 -0.030591 0.000000 -0.111126 0.863345 -0.492226 4.378900 -0.027944 0.492384 0.869929 -0.000000 0.000000 0.000000 0.000000 1.000000
0.995113 0.093969 -0.030337 0.000000 -0.097093 0.875186 -0.473943 4.378900 -0.017985 0.474573 0.880033 -0.000000 0.000000 0.000000 0.000000 1.000000
0.996717 0.075333 -0.029677 0.000000 -0.080727 0.896286 -0.436067 4.378900 -0.006251 0.437031 0.899425 -0.000000 0.000000 0.000000 0.000000 1.000000
0.997829 0.056202 -0.034323 0.000000 -0.065062 0.921937 -0.381838 4.378900 0.010184 0.383242 0.923592 -0.000000 0.000000 0.000000 0.000000 1.000000
0.998506 0.039967 -0.037254 -0.000000 -0.049696 0.947696 -0.315283 4.378900 0.022705 0.316663 0.948266 0.000000 0.000000 0.000000 0.000000 1.000000
0.999157 0.029921 -0.028091 -0.000000 -0.036117 0.966115 -0.255574 4.378900 0.019492 0.256373 0.966381 0.000000 0.000000 0.000000 0.000000 1.000000
0.999588 0.022546 -0.017785 -0.000000 -0.025806 0.976950 -0.211901 4.378900 0.012598 0.212272 0.977129 0.000000 0.000000 0.000000 0.000000 1.000000
0.999836 0.016125 -0.008216 0.000000 -0.017359 0.982869 -0.183485 4.378900 0.005117 0.183598 0.982988 0.000000 0.000000 0.000000 0.000000 1.000000
0.999896 0.013337 -0.005560 -0.000000 -0.014137 0.982561 -0.185405 4.378900 0.002990 0.185464 0.982646 0.000000 0.000000 0.000000 0.000000 1.000000
0.999894 0.013682 0.004996 0.000000 -0.012343 0.978026 -0.208115 4.378900 -0.007733 0.208032 0.978092 0.000000 0.000000 0.000000 0.000000 1.000000
0.999723 0.017134 0.016141 0.000000 -0.012571 0.968339 -0.249322 4.378900 -0.019902 0.249050 0.968286 0.000000 0.000000 0.000000 0.000000 1.000000
0.999773 0.010098 0.018749 0.000000 -0.004179 0.956331 -0.292255 4.378900 -0.020881 0.292110 0.956157 -0.000000 0.000000 0.000000 0.000000 1.000000
0.999581 -0.006755 0.028131 0.000000 0.015958 0.939802 -0.341347 4.378900 -0.024132 0.341653 0.939516 0.000000 0.000000 0.000000 0.000000 1.000000
0.999031 -0.023477 0.037238 0.000000 0.035963 0.923114 -0.382841 4.378900 -0.025387 0.383809 0.923064 -0.000000 0.000000 0.000000 0.000000 1.000000
0.998119 -0.040820 0.045747 0.000000 0.056043 0.910029 -0.410738 4.378900 -0.024865 0.412529 0.910605 0.000000 0.000000 0.000000 0.000000 1.000000
0.996717 -0.055038 0.059373 0.000000 0.075434 0.897621 -0.434265 4.378900 -0.029393 0.437318 0.898826 0.000000 0.000000 0.000000 0.000000 1.000000
0.995655 -0.060385 0.070890 0.000000 0.085707 0.891911 -0.444014 4.378900 -0.036416 0.448161 0.893211 0.000000 0.000000 0.000000 0.000000 1.000000
0.994813 -0.062922 0.079928 -0.000000 0.091449 0.897324 -0.431794 4.378900 -0.044552 0.436864 0.898424 0.000000 0.000000 0.000000 0.000000 1.000000
0.994176 -0.059893 0.089598 0.000000 0.091596 0.907651 -0.409610 4.378900 -0.056791 0.415431 0.907850 0.000000 0.000000 0.000000 0.000000 1.000000
0.994166 -0.048339 0.096424 0.000000 0.081856 0.920275 -0.382613 4.378900 -0.070242 0.388274 0.918863 0.000000 0.000000 0.000000 0.000000 1.000000
0.993963 -0.036097 0.103611 0.000000 0.070629 0.933162 -0.352448 4.378900 -0.083964 0.357638 0.930078 -0.000000 0.000000 0.000000 0.000000 1.000000
0.993250 -0.023564 0.113576 0.000000 0.059574 0.943773 -0.325182 4.378900 -0.099527 0.329754 0.938806 0.000000 0.000000 0.000000 0.000000 1.000000
0.992092 -0.009633 0.125144 0.000000 0.047334 0.952147 -0.301952 4.378900 -0.116247 0.305488 0.945073 -0.000000 0.000000 0.000000 0.000000 1.000000
0.990773 0.003233 0.135497 0.000000 0.034772 0.960191 -0.277172 4.378900 -0.130999 0.279326 0.951218 0.000000 0.000000 0.000000 0.000000 1.000000
0.989514 0.014855 0.143674 0.000000 0.022027 0.967542 -0.251747 4.378900 -0.142750 0.252272 0.957069 0.000000 0.000000 0.000000 0.000000 1.000000
0.988242 0.026073 0.150658 -0.000000 0.009568 0.972877 -0.231124 4.378900 -0.152597 0.229848 0.961189 0.000000 0.000000 0.000000 0.000000 1.000000
0.987344 0.034345 0.154827 -0.000000 0.000675 0.975349 -0.220668 4.378900 -0.158589 0.217980 0.962982 0.000000 0.000000 0.000000 0.000000 1.000000
0.986845 0.040500 0.156517 0.000000 -0.005933 0.976535 -0.215278 4.378900 -0.161563 0.211518 0.963928 0.000000 0.000000 0.000000 0.000000 1.000000
0.986527 0.045224 0.157226 0.000000 -0.011058 0.977269 -0.211716 4.378900 -0.163227 0.207125 0.964602 0.000000 0.000000 0.000000 0.000000 1.000000
0.986291 0.048887 0.157605 0.000000 -0.015337 0.978130 -0.207426 4.378900 -0.164299 0.202165 0.965471 -0.000000 0.000000 0.000000 0.000000 1.000000
0.986132 0.051180 0.157874 0.000000 -0.018012 0.978648 -0.204753 4.378900 -0.164983 0.199070 0.965998 0.000000 0.000000 0.000000 0.000000 1.000000
0.986122 0.051913 0.157700 0.000000 -0.019065 0.978982 -0.203056 4.378900 -0.164927 0.197231 0.966385 0.000000 0.000000 0.000000 0.000000 1.000000</float_array><technique_common><accessor source="#mixamorig_Spine1-Matrix-animation-output-transform-array" count="57" stride="16"><param type="float4x4"/></accessor></technique_common></source><source id="mixamorig_Spine1-Interpolations"><Name_array id="mixamorig_Spine1-Interpolations-array" count="57">
 LINEAR LINEAR LINEAR LINEAR LINEAR LINEAR LINEAR LINEAR LINEAR LINEAR LINEAR
LINEAR LINEAR LINEAR LINEAR LINEAR LINEAR LINEAR LINEAR LINEAR LINEAR LINEAR LINEAR
LINEAR LINEAR LINEAR LINEAR LINEAR LINEAR LINEAR LINEAR LINEAR LINEAR LINEAR LINEAR
LINEAR LINEAR LINEAR LINEAR LINEAR LINEAR LINEAR LINEAR LINEAR LINEAR LINEAR LINEAR
LINEAR LINEAR LINEAR LINEAR LINEAR LINEAR LINEAR LINEAR LINEAR LINEAR</Name_array><technique_common><accessor source="#mixamorig_Spine1-Interpolations-array" count="57"><param type="name"/></accessor></technique_common></source><sampler id="mixamorig_Spine1-Matrix-animation-transform"><input semantic="INPUT" source="#mixamorig_Spine1-Matrix-animation-input"/><input semantic="OUTPUT" source="#mixamorig_Spine1-Matrix-animation-output-transform"/><input semantic="INTERPOLATION" source="#mixamorig_Spine1-Interpolations"/></sampler><channel source="#mixamorig_Spine1-Matrix-animation-transform" target="mixamorig_Spine1/matrix"/></animation>
    <animation id="mixamorig_Spine2-anim" name="mixamorig_Spine2"><source id="mixamorig_Spine2-Matrix-animation-input"><float_array id="mixamorig_Spine2-Matrix-animation-input-array" count="57">

0.000000 0.033333 0.066667 0.100000 0.133333 0.166667 0.200000 0.233333 0.266667 0.300000 0.333333 0.366667 0.400000 0.433333 0.466667 0.500000
0.533333 0.566667 0.600000 0.633333 0.666667 0.700000 0.733333 0.766667 0.800000 0.833333 0.866667 0.900000 0.933333 0.966667 1.000000 1.033333
1.066667 1.100000 1.133333 1.166667 1.200000 1.233333 1.266667 1.300000 1.333333 1.366667 1.400000 1.433333 1.466667 1.500000 1.533333 1.566667
1.600000 1.633333 1.666667 1.700000 1.733333 1.766667 1.800000 1.833333 1.866667</float_array><technique_common><accessor source="#mixamorig_Spine2-Matrix-animation-input-array" count="57"><param name="TIME" type="float"/></accessor></technique_common></source><source id="mixamorig_Spine2-Matrix-animation-output-transform"><float_array id="mixamorig_Spine2-Matrix-animation-output-transform-array" count="912">

0.986175 0.051664 0.157445 -0.000000 -0.018961 0.979095 -0.202516 5.004500 -0.164617 0.196731 0.966539 0.000000 0.000000 0.000000 0.000000 1.000000
0.987912 0.051018 0.146379 0.000000 -0.020514 0.979011 -0.202773 5.004500 -0.153652 0.197319 0.968223 -0.000000 0.000000 0.000000 0.000000 1.000000
0.990355 0.048423 0.129818 0.000000 -0.020639 0.978047 -0.207361 5.004500 -0.137009 0.202681 0.969613 -0.000000 0.000000 0.000000 0.000000 1.000000
0.992101 0.044654 0.117227 0.000000 -0.018845 0.976947 -0.212649 5.004500 -0.124020 0.208760 0.970071 -0.000000 0.000000 0.000000 0.000000 1.000000
0.993727 0.037080 0.105506 0.000000 -0.012792 0.974928 -0.222152 5.004500 -0.111098 0.219409 0.969287 0.000000 0.000000 0.000000 0.000000 1.000000
0.995624 0.027740 0.089243 -0.000000 -0.005936 0.971774 -0.235839 5.004500 -0.093266 0.234277 0.967686 0.000000 0.000000 0.000000 0.000000 1.000000
0.997883 0.018753 0.062278 0.000000 -0.002425 0.967593 -0.252505 5.004500 -0.064995 0.251819 0.965589 0.000000 0.000000 0.000000 0.000000 1.000000
0.999381 0.010200 0.033672 0.000000 -0.000476 0.960889 -0.276935 5.004500 -0.035180 0.276747 0.960299 0.000000 0.000000 0.000000 0.000000 1.000000
0.999801 0.007370 0.018560 0.000000 -0.001537 0.955048 -0.296447 5.004500 -0.019911 0.296359 0.954869 0.000000 0.000000 0.000000 0.000000 1.000000
0.999912 0.006126 0.011805 0.000000 -0.002212 0.951853 -0.306545 5.004500 -0.013115 0.306492 0.951783 0.000000 0.000000 0.000000 0.000000 1.000000
0.999959 -0.001629 0.008880 0.000000 0.004342 0.949146 -0.314805 5.004500 -0.007916 0.314831 0.949115 0.000000 0.000000 0.000000 0.000000 1.000000
0.999809 -0.002859 0.019350 -0.000000 0.008593 0.952885 -0.303209 5.004500 -0.017571 0.303318 0.952727 0.000000 0.000000 0.000000 0.000000 1.000000
0.999708 -0.000623 0.024164 -0.000000 0.007217 0.961768 -0.273772 5.004500 -0.023069 0.273866 0.961491 0.000000 0.000000 0.000000 0.000000 1.000000
0.999647 -0.001289 0.026540 0.000000 0.007999 0.967087 -0.254320 5.004500 -0.025339 0.254442 0.966756 0.000000 0.000000 0.000000 0.000000 1.000000
0.999103 0.009448 0.041272 0.000000 0.000815 0.970310 -0.241863 5.004500 -0.042332 0.241680 0.969432 0.000000 0.000000 0.000000 0.000000 1.000000
0.998059 0.026606 0.056304 0.000000 -0.014326 0.977985 -0.208182 5.004500 -0.060603 0.206971 0.976468 0.000000 0.000000 0.000000 0.000000 1.000000
0.997036 0.040110 0.065655 0.000000 -0.028010 0.984026 -0.175808 5.004500 -0.071658 0.173448 0.982233 0.000000 0.000000 0.000000 0.000000 1.000000
0.996053 0.053411 0.070892 -0.000000 -0.039921 0.982920 -0.179652 5.004500 -0.079277 0.176113 0.981172 0.000000 0.000000 0.000000 0.000000 1.000000
0.995326 0.066777 0.069759 0.000000 -0.051511 0.978158 -0.201380 5.004500 -0.081683 0.196845 0.977026 0.000000 0.000000 0.000000 0.000000 1.000000
0.995152 0.077144 0.060999 0.000000 -0.061478 0.972089 -0.226415 5.004500 -0.076763 0.221567 0.972119 0.000000 0.000000 0.000000 0.000000 1.000000
0.994800 0.093207 0.041060 0.000000 -0.079370 0.962079 -0.260969 5.004500 -0.063827 0.256353 0.964474 0.000000 0.000000 0.000000 0.000000 1.000000
0.994299 0.105519 0.015338 0.000000 -0.095642 0.946178 -0.309193 5.004500 -0.047139 0.305964 0.950876 -0.000000 0.000000 0.000000 0.000000 1.000000
0.992998 0.118052 -0.004426 0.000000 -0.111025 0.919776 -0.376411 5.004500 -0.040365 0.374267 0.926442 0.000000 0.000000 0.000000 0.000000 1.000000
0.991842 0.126284 -0.017393 0.000000 -0.120929 0.888940 -0.441771 5.004500 -0.040327 0.440271 0.896959 0.000000 0.000000 0.000000 0.000000 1.000000
0.992137 0.122442 -0.025924 0.000000 -0.119611 0.866648 -0.484369 5.004500 -0.036840 0.483662 0.874479 0.000000 0.000000 0.000000 0.000000 1.000000
0.993413 0.110427 -0.030591 -0.000000 -0.111126 0.863345 -0.492226 5.004500 -0.027944 0.492384 0.869930 0.000000 0.000000 0.000000 0.000000 1.000000
0.995113 0.093969 -0.030337 0.000000 -0.097093 0.875186 -0.473943 5.004500 -0.017985 0.474572 0.880033 0.000000 0.000000 0.000000 0.000000 1.000000
0.996717 0.075333 -0.029677 -0.000000 -0.080727 0.896286 -0.436067 5.004500 -0.006251 0.437031 0.899425 0.000000 0.000000 0.000000 0.000000 1.000000
0.997829 0.056202 -0.034323 -0.000000 -0.065062 0.921937 -0.381838 5.004500 0.010184 0.383242 0.923592 0.000000 0.000000 0.000000 0.000000 1.000000
0.998506 0.039967 -0.037254 -0.000000 -0.049696 0.947696 -0.315283 5.004500 0.022705 0.316664 0.948266 0.000000 0.000000 0.000000 0.000000 1.000000
0.999157 0.029921 -0.028091 0.000000 -0.036117 0.966115 -0.255574 5.004500 0.019492 0.256373 0.966381 -0.000000 0.000000 0.000000 0.000000 1.000000
0.999588 0.022546 -0.017785 0.000000 -0.025806 0.976950 -0.211901 5.004500 0.012597 0.212272 0.977129 0.000000 0.000000 0.000000 0.000000 1.000000
0.999836 0.016125 -0.008216 0.000000 -0.017359 0.982869 -0.183485 5.004500 0.005117 0.183598 0.982988 0.000000 0.000000 0.000000 0.000000 1.000000
0.999896 0.013337 -0.005560 0.000000 -0.014137 0.982561 -0.185405 5.004500 0.002990 0.185464 0.982646 -0.000000 0.000000 0.000000 0.000000 1.000000
0.999894 0.013682 0.004996 0.000000 -0.012343 0.978026 -0.208116 5.004500 -0.007733 0.208032 0.978091 0.000000 0.000000 0.000000 0.000000 1.000000
0.999723 0.017134 0.016141 0.000000 -0.012571 0.968339 -0.249322 5.004500 -0.019902 0.249050 0.968286 0.000000 0.000000 0.000000 0.000000 1.000000
0.999773 0.010098 0.018749 -0.000000 -0.004179 0.956331 -0.292255 5.004500 -0.020881 0.292110 0.956157 0.000000 0.000000 0.000000 0.000000 1.000000
0.999581 -0.006755 0.028131 0.000000 0.015958 0.939802 -0.341347 5.004500 -0.024132 0.341653 0.939516 0.000000 0.000000 0.000000 0.000000 1.000000
0.999031 -0.023477 0.037238 0.000000 0.035963 0.923114 -0.382841 5.004500 -0.025387 0.383809 0.923064 -0.000000 0.000000 0.000000 0.000000 1.000000
0.998119 -0.040820 0.045747 -0.000000 0.056043 0.910029 -0.410739 5.004500 -0.024865 0.412530 0.910605 0.000000 0.000000 0.000000 0.000000 1.000000
0.996717 -0.055038 0.059373 0.000000 0.075434 0.897621 -0.434265 5.004500 -0.029393 0.437318 0.898826 -0.000000 0.000000 0.000000 0.000000 1.000000
0.995655 -0.060385 0.070890 0.000000 0.085707 0.891911 -0.444015 5.004500 -0.036416 0.448161 0.893211 0.000000 0.000000 0.000000 0.000000 1.000000
