<?xml version="1.0" encoding="utf-8"?>
<COLLADA xmlns="http://www.collada.org/2005/11/COLLADASchema" version="1.4.1">
  <asset><contributor><author>Mixamo</author><authoring_tool>COLLADA Mixamo exporter</authoring_tool><comments></comments></contributor><created>2020-10-31T23:34:58Z</created><modified>2020-10-31T23:34:58Z</modified><revision></revision><title></title><unit meter="0.010000"/><up_axis>Y_UP</up_axis></asset>
  <library_animations>
    <animation id="mixamorig_Hips-anim" name="mixamorig_Hips"><source id="mixamorig_Hips-Matrix-animation-input"><float_array id="mixamorig_Hips-Matrix-animation-input-array" count="71">

0.000000 0.033333 0.066667 0.100000 0.133333 0.166667 0.200000 0.233333 0.266667 0.300000 0.333333 0.366667 0.400000 0.433333 0.466667 0.500000
0.533333 0.566667 0.600000 0.633333 0.666667 0.700000 0.733333 0.766667 0.800000 0.833333 0.866667 0.900000 0.933333 0.966667 1.000000 1.033333
1.066667 1.100000 1.133333 1.166667 1.200000 1.233333 1.266667 1.300000 1.333333 1.366667 1.400000 1.433333 1.466667 1.500000 1.533333 1.566667
1.600000 1.633333 1.666667 1.700000 1.733333 1.766667 1.800000 1.833333 1.866667 1.900000 1.933333 1.966667 2.000000 2.033333 2.066667 2.100000
2.133333 2.166667 2.200000 2.233333 2.266667 2.300000 2.333333</float_array><technique_common><accessor source="#mixamorig_Hips-Matrix-animation-input-array" count="71"><param name="TIME" type="float"/></accessor></technique_common></source><source id="mixamorig_Hips-Matrix-animation-output-transform"><float_array id="mixamorig_Hips-Matrix-animation-output-transform-array" count="1136">

0.695157 -0.140660 -0.704962 -0.150761 -0.677242 0.200679 -0.707863 17.846539 0.241040 0.969506 0.044243 0.697353 0.000000 0.000000 0.000000 1.000000
0.690691 -0.159269 -0.705393 -0.682076 -0.679839 0.189500 -0.708455 17.972109 0.246507 0.968877 0.022609 0.870674 0.000000 0.000000 0.000000 1.000000
0.686185 -0.177653 -0.705400 -1.205788 -0.682537 0.178139 -0.708808 18.098650 0.251581 0.967836 0.000981 1.028381 0.000000 0.000000 0.000000 1.000000
0.681657 -0.195993 -0.704933 -1.723500 -0.685212 0.166848 -0.708976 18.230637 0.256570 0.966307 -0.020564 1.179915 0.000000 0.000000 0.000000 1.000000
0.677918 -0.213793 -0.703363 -2.234260 -0.687214 0.155499 -0.709618 18.369251 0.261083 0.964424 -0.041506 1.324818 0.000000 0.000000 0.000000 1.000000
0.675825 -0.230735 -0.700016 -2.739140 -0.687742 0.144168 -0.711496 18.518808 0.265087 0.962277 -0.061253 1.468807 0.000000 0.000000 0.000000 1.000000
0.673996 -0.247420 -0.696069 -3.240598 -0.688037 0.132794 -0.713421 18.677261 0.268949 0.959765 -0.080731 1.612271 0.000000 0.000000 0.000000 1.000000
0.671503 -0.264189 -0.692306 -3.740394 -0.688969 0.121323 -0.714564 18.842123 0.272773 0.956810 -0.100550 1.757530 0.000000 0.000000 0.000000 1.000000
0.669968 -0.280393 -0.687403 -4.237425 -0.689038 0.109817 -0.716356 19.012833 0.276349 0.953583 -0.119628 1.907320 0.000000 0.000000 0.000000 1.000000
0.675009 -0.293321 -0.676998 -4.723583 -0.683047 0.098473 -0.723706 19.189703 0.278944 0.950929 -0.133882 2.063349 0.000000 0.000000 0.000000 1.000000
0.682417 -0.304757 -0.664402 -5.204268 -0.674681 0.087144 -0.732947 19.370459 0.281270 0.948435 -0.146145 2.223259 0.000000 0.000000 0.000000 1.000000
0.692275 -0.314282 -0.649602 -5.675295 -0.663628 0.076342 -0.744157 19.556051 0.283467 0.946255 -0.155717 2.387273 0.000000 0.000000 0.000000 1.000000
0.713478 -0.315742 -0.625505 -6.103295 -0.640100 0.069389 -0.765152 19.762646 0.284994 0.946304 -0.152599 2.563677 0.000000 0.000000 0.000000 1.000000
0.743992 -0.309363 -0.592259 -6.490549 -0.604174 0.067124 -0.794020 19.991884 0.285395 0.948572 -0.136970 2.750400 0.000000 0.000000 0.000000 1.000000
0.777343 -0.297734 -0.554159 -6.854559 -0.560798 0.071161 -0.824889 20.206715 0.285032 0.951993 -0.111652 2.941864 0.000000 0.000000 0.000000 1.000000
0.812136 -0.281904 -0.510848 -7.199778 -0.510256 0.081472 -0.856155 20.397228 0.282973 0.955977 -0.077677 3.137808 0.000000 0.000000 0.000000 1.000000
0.844719 -0.266007 -0.464425 -7.543293 -0.457011 0.093125 -0.884573 20.582581 0.278552 0.959462 -0.042903 3.335491 0.000000 0.000000 0.000000 1.000000
0.875271 -0.250626 -0.413627 -7.883279 -0.400132 0.105120 -0.910409 20.748755 0.271653 0.962360 -0.008275 3.531786 0.000000 0.000000 0.000000 1.000000
0.904944 -0.237914 -0.352807 -8.221236 -0.335018 0.112867 -0.935427 20.838785 0.262371 0.964706 0.022432 3.736711 0.000000 0.000000 0.000000 1.000000
0.930576 -0.233181 -0.282233 -8.558858 -0.263108 0.110081 -0.958466 20.887188 0.254565 0.966183 0.041087 3.958875 0.000000 0.000000 0.000000 1.000000
0.950473 -0.231152 -0.207774 -8.895457 -0.188337 0.103443 -0.976642 20.935266 0.247245 0.967403 0.054786 4.191298 0.000000 0.000000 0.000000 1.000000
0.963906 -0.234973 -0.125192 -9.221523 -0.107277 0.087587 -0.990364 20.978376 0.243674 0.968048 0.059218 4.438818 0.000000 0.000000 0.000000 1.000000
0.969770 -0.241187 -0.037075 -9.536755 -0.022078 0.064590 -0.997668 21.007847 0.243020 0.968327 0.057313 4.695326 0.000000 0.000000 0.000000 1.000000
0.967221 -0.247626 0.056251 -9.832400 0.066245 0.032208 -0.997283 20.978157 0.245141 0.968320 0.047556 4.950831 0.000000 0.000000 0.000000 1.000000
0.957427 -0.250065 0.144226 -10.086569 0.150082 0.004403 -0.988664 20.892767 0.246595 0.968219 0.041746 5.199873 0.000000 0.000000 0.000000 1.000000
0.942109 -0.248875 0.224704 -10.248809 0.228431 -0.014196 -0.973457 20.792992 0.245459 0.968432 0.043477 5.417220 0.000000 0.000000 0.000000 1.000000
0.921596 -0.246278 0.300014 -10.368299 0.302968 -0.026746 -0.952625 20.691502 0.242634 0.968830 0.049966 5.651436 0.000000 0.000000 0.000000 1.000000
0.897323 -0.243444 0.368167 -10.450274 0.371724 -0.032918 -0.927759 20.535686 0.237977 0.969356 0.060956 5.899765 0.000000 0.000000 0.000000 1.000000
0.870912 -0.240945 0.428319 -10.503798 0.433415 -0.034258 -0.900543 20.302158 0.231655 0.969934 0.074594 6.152273 0.000000 0.000000 0.000000 1.000000
0.847753 -0.239679 0.473147 -10.530546 0.480990 -0.028539 -0.876262 19.947485 0.223525 0.970433 0.091089 6.383649 0.000000 0.000000 0.000000 1.000000
0.831309 -0.240014 0.501317 -10.534266 0.513132 -0.015190 -0.858175 19.508112 0.213589 0.970651 0.110532 6.575393 0.000000 0.000000 0.000000 1.000000
0.815948 -0.240973 0.525510 -10.524590 0.541412 -0.000259 -0.840758 19.052494 0.202736 0.970532 0.130254 6.759196 0.000000 0.000000 0.000000 1.000000
0.804171 -0.242841 0.542529 -10.499576 0.562907 0.017989 -0.826324 18.599907 0.190906 0.969899 0.151163 6.915494 0.000000 0.000000 0.000000 1.000000
0.803902 -0.246601 0.541230 -10.438856 0.567307 0.044641 -0.822295 18.189856 0.178618 0.968088 0.175786 6.988674 0.000000 0.000000 0.000000 1.000000
0.811873 -0.252114 0.526593 -10.336542 0.558705 0.073733 -0.826082 17.892687 0.169439 0.964884 0.200719 6.996041 0.000000 0.000000 0.000000 1.000000
0.822122 -0.256989 0.508007 -10.210895 0.545941 0.102839 -0.831488 17.633070 0.161440 0.960927 0.224847 6.973730 0.000000 0.000000 0.000000 1.000000
0.833232 -0.261047 0.487421 -10.078795 0.530852 0.131102 -0.837262 17.415001 0.154663 0.956382 0.247815 6.934201 0.000000 0.000000 0.000000 1.000000
0.844961 -0.263551 0.465383 -9.931045 0.513755 0.158122 -0.843240 17.232004 0.148649 0.951598 0.269008 6.875714 0.000000 0.000000 0.000000 1.000000
0.856508 -0.264091 0.443452 -9.767968 0.495945 0.183166 -0.848816 17.081856 0.142940 0.946946 0.287857 6.801612 0.000000 0.000000 0.000000 1.000000
0.867594 -0.262557 0.422309 -9.589367 0.477869 0.205286 -0.854107 17.001301 0.137557 0.942826 0.303573 6.715675 0.000000 0.000000 0.000000 1.000000
0.878864 -0.259947 0.400033 -9.399289 0.457785 0.223497 -0.860513 17.042522 0.134282 0.939402 0.315423 6.617558 0.000000 0.000000 0.000000 1.000000
0.890605 -0.256587 0.375481 -9.201101 0.434667 0.237454 -0.868723 17.216621 0.133744 0.936898 0.323008 6.503291 0.000000 0.000000 0.000000 1.000000
0.901969 -0.252121 0.350553 -8.994496 0.410468 0.248596 -0.877335 17.428738 0.134048 0.935219 0.327713 6.375928 0.000000 0.000000 0.000000 1.000000
0.913325 -0.246394 0.324234 -8.804012 0.384066 0.256458 -0.886974 17.698603 0.135393 0.934622 0.328861 6.234206 0.000000 0.000000 0.000000 1.000000
0.924445 -0.239595 0.296641 -8.565681 0.355710 0.261591 -0.897241 18.002527 0.137376 0.934968 0.327053 6.054505 0.000000 0.000000 0.000000 1.000000
0.934822 -0.232299 0.268597 -8.271204 0.326539 0.265037 -0.907264 18.299406 0.139568 0.935838 0.323617 5.863294 0.000000 0.000000 0.000000 1.000000
0.944399 -0.224808 0.239944 -7.961698 0.296520 0.266963 -0.916955 18.583082 0.142082 0.937119 0.318780 5.667463 0.000000 0.000000 0.000000 1.000000
0.953114 -0.217370 0.210532 -7.638497 0.265612 0.267575 -0.926204 18.846834 0.144996 0.938698 0.312765 5.466643 0.000000 0.000000 0.000000 1.000000
0.960900 -0.210205 0.180234 -7.302824 0.233784 0.267096 -0.934882 19.083977 0.148377 0.940465 0.305795 5.260683 0.000000 0.000000 0.000000 1.000000
0.967756 -0.203518 0.148420 -6.952426 0.200469 0.265530 -0.943030 19.282879 0.152514 0.942377 0.297767 5.049136 0.000000 0.000000 0.000000 1.000000
0.973560 -0.197354 0.115028 -6.591535 0.165616 0.263012 -0.950472 19.453918 0.157326 0.944392 0.288743 4.832649 0.000000 0.000000 0.000000 1.000000
0.978109 -0.191622 0.081147 -6.228998 0.130321 0.260044 -0.956762 19.616032 0.162234 0.946392 0.279323 4.612737 0.000000 0.000000 0.000000 1.000000
0.981312 -0.186758 0.046352 -5.859120 0.094198 0.256191 -0.962026 19.754072 0.167791 0.948413 0.268995 4.383317 0.000000 0.000000 0.000000 1.000000
0.983151 -0.182576 0.008931 -5.484027 0.055217 0.250050 -0.966657 19.903593 0.174255 0.950863 0.255919 4.140916 0.000000 0.000000 0.000000 1.000000
0.983287 -0.179369 -0.031195 -5.105069 0.013336 0.241844 -0.970224 20.067636 0.181572 0.953592 0.240194 3.897062 0.000000 0.000000 0.000000 1.000000
0.981338 -0.177797 -0.073242 -4.722740 -0.030385 0.232725 -0.972068 20.208549 0.189876 0.956152 0.222979 3.655943 0.000000 0.000000 0.000000 1.000000
0.976681 -0.178498 -0.119300 -4.338657 -0.078185 0.221808 -0.971951 20.350302 0.199953 0.958614 0.202679 3.420398 0.000000 0.000000 0.000000 1.000000
0.969177 -0.180667 -0.167495 -3.899430 -0.128443 0.209615 -0.969311 20.475880 0.210232 0.960948 0.179949 3.189487 0.000000 0.000000 0.000000 1.000000
0.958783 -0.183963 -0.216547 -3.478781 -0.179856 0.197076 -0.963749 20.565844 0.219971 0.962974 0.155866 2.961559 0.000000 0.000000 0.000000 1.000000
0.945766 -0.187076 -0.265573 -3.077551 -0.231139 0.186905 -0.954799 20.574179 0.228257 0.964401 0.133528 2.736047 0.000000 0.000000 0.000000 1.000000
0.930338 -0.189395 -0.314007 -2.687022 -0.281846 0.178494 -0.942710 20.531584 0.234593 0.965541 0.112679 2.519454 0.000000 0.000000 0.000000 1.000000
0.912820 -0.190684 -0.361107 -2.310020 -0.331210 0.171548 -0.927831 20.445145 0.238870 0.966546 0.093436 2.318101 0.000000 0.000000 0.000000 1.000000
0.894076 -0.189273 -0.405961 -1.975237 -0.377665 0.168752 -0.910435 20.247557 0.240828 0.967315 0.079396 2.139000 0.000000 0.000000 0.000000 1.000000
0.873162 -0.186643 -0.450281 -1.625265 -0.423822 0.165572 -0.890484 20.053371 0.240757 0.968375 0.065467 1.995415 0.000000 0.000000 0.000000 1.000000
0.851132 -0.180745 -0.492854 -1.307163 -0.467599 0.165677 -0.868276 19.828709 0.238591 0.969475 0.056497 1.873436 0.000000 0.000000 0.000000 1.000000
0.826918 -0.174889 -0.534434 -1.001668 -0.510029 0.166969 -0.843796 19.609411 0.236805 0.970327 0.048871 1.715037 0.000000 0.000000 0.000000 1.000000
0.801182 -0.169703 -0.573853 -0.733682 -0.549746 0.170106 -0.817829 19.366150 0.236403 0.970703 0.042992 1.524957 0.000000 0.000000 0.000000 1.000000
0.774784 -0.164367 -0.610487 -0.512573 -0.586210 0.174884 -0.791059 19.068207 0.236788 0.970772 0.039144 1.322031 0.000000 0.000000 0.000000 1.000000
0.748156 -0.158211 -0.644385 -0.338961 -0.619566 0.181022 -0.763785 18.707005 0.237487 0.970670 0.037411 1.119056 0.000000 0.000000 0.000000 1.000000
0.721896 -0.149924 -0.675565 -0.228958 -0.649477 0.190158 -0.736220 18.284410 0.238842 0.970238 0.039902 0.909626 0.000000 0.000000 0.000000 1.000000
0.695157 -0.140660 -0.704962 -0.150761 -0.677242 0.200679 -0.707863 17.846535 0.241040 0.969506 0.044243 0.697354 0.000000 0.000000 0.000000 1.000000</float_array><technique_common><accessor source="#mixamorig_Hips-Matrix-animation-output-transform-array" count="71" stride="16"><param type="float4x4"/></accessor></technique_common></source><source id="mixamorig_Hips-Interpolations"><Name_array id="mixamorig_Hips-Interpolations-array" count="71">
 LINEAR LINEAR LINEAR LINEAR LINEAR LINEAR LINEAR LINEAR LINEAR LINEAR LINEAR
LINEAR LINEAR LINEAR LINEAR LINEAR LINEAR LINEAR LINEAR LINEAR LINEAR LINEAR LINEAR
LINEAR LINEAR LINEAR LINEAR LINEAR LINEAR LINEAR LINEAR LINEAR LINEAR LINEAR LINEAR
LINEAR LINEAR LINEAR LINEAR LINEAR LINEAR LINEAR LINEAR LINEAR LINEAR LINEAR LINEAR
LINEAR LINEAR LINEAR LINEAR LINEAR LINEAR LINEAR LINEAR LINEAR LINEAR LINEAR LINEAR
LINEAR LINEAR LINEAR LINEAR LINEAR LINEAR LINEAR LINEAR LINEAR LINEAR LINEAR LINEAR</Name_array><technique_common><accessor source="#mixamorig_Hips-Interpolations-array" count="71"><param type="name"/></accessor></technique_common></source><sampler id="mixamorig_Hips-Matrix-animation-transform"><input semantic="INPUT" source="#mixamorig_Hips-Matrix-animation-input"/><input semantic="OUTPUT" source="#mixamorig_Hips-Matrix-animation-output-transform"/><input semantic="INTERPOLATION" source="#mixamorig_Hips-Interpolations"/></sampler><channel source="#mixamorig_Hips-Matrix-animation-transform" target="mixamorig_Hips/matrix"/></animation>
    <animation id="mixamorig_Spine-anim" name="mixamorig_Spine"><source id="mixamorig_Spine-Matrix-animation-input"><float_array id="mixamorig_Spine-Matrix-animation-input-array" count="71">

0.000000 0.033333 0.066667 0.100000 0.133333 0.166667 0.200000 0.233333 0.266667 0.300000 0.333333 0.366667 0.400000 0.433333 0.466667 0.500000
0.533333 0.566667 0.600000 0.633333 0.666667 0.700000 0.733333 0.766667 0.800000 0.833333 0.866667 0.900000 0.933333 0.966667 1.000000 1.033333
1.066667 1.100000 1.133333 1.166667 1.200000 1.233333 1.266667 1.300000 1.333333 1.366667 1.400000 1.433333 1.466667 1.500000 1.533333 1.566667
1.600000 1.633333 1.666667 1.700000 1.733333 1.766667 1.800000 1.833333 1.866667 1.900000 1.933333 1.966667 2.000000 2.033333 2.066667 2.100000
2.133333 2.166667 2.200000 2.233333 2.266667 2.300000 2.333333</float_array><technique_common><accessor source="#mixamorig_Spine-Matrix-animation-input-array" count="71"><param name="TIME" type="float"/></accessor></technique_common></source><source id="mixamorig_Spine-Matrix-animation-output-transform"><float_array id="mixamorig_Spine-Matrix-animation-output-transform-array" count="1136">

0.958386 0.007653 0.285374 0.000000 0.077973 0.954614 -0.287459 3.753200 -0.274622 0.297748 0.914291 -0.033300 0.000000 0.000000 0.000000 1.000000
0.953850 0.017575 0.299768 0.000000 0.065571 0.962004 -0.265046 3.753200 -0.293036 0.272471 0.916455 -0.033300 0.000000 0.000000 0.000000 1.000000
0.948986 0.027254 0.314138 0.000000 0.052583 0.968629 -0.242885 3.753200 -0.310903 0.247013 0.917782 -0.033300 0.000000 0.000000 0.000000 1.000000
0.943826 0.037086 0.328356 0.000000 0.038678 0.974453 -0.221236 3.753200 -0.328172 0.221509 0.918279 -0.033300 0.000000 0.000000 0.000000 1.000000
0.938574 0.047027 0.341858 0.000000 0.024038 0.979354 -0.200719 3.753200 -0.344239 0.196607 0.918066 -0.033300 0.000000 0.000000 0.000000 1.000000
0.933512 0.057386 0.353924 -0.000000 0.008601 0.983241 -0.182109 3.753200 -0.358443 0.173045 0.917373 -0.033300 0.000000 0.000000 0.000000 1.000000
0.928272 0.067832 0.365663 0.000000 -0.007403 0.986401 -0.164188 3.753200 -0.371828 0.149704 0.916151 -0.033300 0.000000 0.000000 0.000000 1.000000
0.922560 0.078107 0.377866 0.000000 -0.023842 0.988965 -0.146216 3.753200 -0.385117 0.125884 0.914242 -0.033300 0.000000 0.000000 0.000000 1.000000
0.916888 0.088632 0.389179 -0.000000 -0.040791 0.990736 -0.129529 3.753200 -0.397054 0.102888 0.912010 -0.033300 0.000000 0.000000 0.000000 1.000000
0.913330 0.098192 0.395205 0.000000 -0.055347 0.991420 -0.118419 3.753200 -0.403442 0.086282 0.910928 -0.033300 0.000000 0.000000 0.000000 1.000000
0.910537 0.107278 0.399267 -0.000000 -0.068856 0.991609 -0.109406 3.753200 -0.407653 0.072126 0.910284 -0.033300 0.000000 0.000000 0.000000 1.000000
0.908593 0.115903 0.401280 -0.000000 -0.081220 0.991417 -0.102452 3.753200 -0.409710 0.060495 0.910208 -0.033300 0.000000 0.000000 0.000000 1.000000
0.910913 0.122741 0.393920 0.000000 -0.088365 0.990610 -0.104325 3.753200 -0.403026 0.060222 0.913205 -0.033300 0.000000 0.000000 0.000000 1.000000
0.916975 0.127721 0.377948 0.000000 -0.090767 0.989314 -0.114103 3.753200 -0.388483 0.070324 0.918769 -0.033300 0.000000 0.000000 0.000000 1.000000
0.924804 0.131023 0.357171 0.000000 -0.090490 0.987637 -0.127999 3.753200 -0.369526 0.086054 0.925227 -0.033300 0.000000 0.000000 0.000000 1.000000
0.933909 0.132949 0.331871 -0.000000 -0.088454 0.985349 -0.145818 3.753200 -0.346395 0.106825 0.931986 -0.033300 0.000000 0.000000 0.000000 1.000000
0.942621 0.134881 0.305407 0.000000 -0.087391 0.982547 -0.164209 3.753200 -0.322225 0.128097 0.937956 -0.033300 0.000000 0.000000 0.000000 1.000000
0.951096 0.138046 0.276334 0.000000 -0.089033 0.979130 -0.182697 3.753200 -0.295787 0.149160 0.943537 -0.033300 0.000000 0.000000 0.000000 1.000000
0.959874 0.147548 0.238479 -0.000000 -0.100446 0.974867 -0.198860 3.753200 -0.261826 0.166926 0.950570 -0.033300 0.000000 0.000000 0.000000 1.000000
0.967265 0.164848 0.192933 0.000000 -0.124123 0.970457 -0.206898 3.753200 -0.221340 0.176178 0.959151 -0.033300 0.000000 0.000000 0.000000 1.000000
0.972124 0.183970 0.145359 0.000000 -0.151297 0.965811 -0.210519 3.753200 -0.179118 0.182658 0.966723 -0.033300 0.000000 0.000000 0.000000 1.000000
0.974162 0.206198 0.092142 0.000000 -0.183721 0.960785 -0.207701 3.753200 -0.131356 0.185406 0.973843 -0.033300 0.000000 0.000000 0.000000 1.000000
0.972609 0.229766 0.035215 0.000000 -0.218480 0.955335 -0.199002 3.753200 -0.079366 0.185857 0.979366 -0.033300 0.000000 0.000000 0.000000 1.000000
0.967532 0.251428 -0.025820 -0.000000 -0.251803 0.950027 -0.184509 3.753200 -0.021861 0.185020 0.982492 -0.033300 0.000000 0.000000 0.000000 1.000000
0.960697 0.263817 -0.086386 0.000000 -0.275129 0.946302 -0.169754 3.753200 0.036963 0.186849 0.981693 -0.033300 0.000000 0.000000 0.000000 1.000000
0.953012 0.266647 -0.143759 0.000000 -0.288189 0.944281 -0.158998 3.753200 0.093353 0.192957 0.976756 -0.033300 0.000000 0.000000 0.000000 1.000000
0.943203 0.266104 -0.198891 -0.000000 -0.297720 0.942699 -0.150606 3.753200 0.147418 0.201266 0.968380 -0.033300 0.000000 0.000000 0.000000 1.000000
0.931095 0.264565 -0.251133 0.000000 -0.306391 0.940824 -0.144823 3.753200 0.197957 0.211789 0.957057 -0.033300 0.000000 0.000000 0.000000 1.000000
0.917135 0.262918 -0.299564 0.000000 -0.314903 0.938709 -0.140219 3.753200 0.244337 0.222933 0.943716 -0.033300 0.000000 0.000000 0.000000 1.000000
0.903938 0.261007 -0.338779 -0.000000 -0.321401 0.937195 -0.135522 3.753200 0.282130 0.231387 0.931055 -0.033300 0.000000 0.000000 0.000000 1.000000
0.893233 0.259310 -0.367278 0.000000 -0.325414 0.936569 -0.130168 3.753200 0.310227 0.235788 0.920958 -0.033300 0.000000 0.000000 0.000000 1.000000
0.882648 0.257627 -0.393141 0.000000 -0.328785 0.936135 -0.124709 3.753200 0.335905 0.239333 0.910982 -0.033300 0.000000 0.000000 0.000000 1.000000
0.873361 0.255884 -0.414444 0.000000 -0.330886 0.936097 -0.119318 3.753200 0.357428 0.241341 0.902219 -0.033300 0.000000 0.000000 0.000000 1.000000
0.868797 0.254581 -0.424712 0.000000 -0.330437 0.936873 -0.114365 3.753200 0.368786 0.239701 0.898076 -0.033300 0.000000 0.000000 0.000000 1.000000
0.865821 0.256222 -0.429772 0.000000 -0.331875 0.936883 -0.110045 3.753200 0.374450 0.237910 0.896206 -0.033300 0.000000 0.000000 0.000000 1.000000
0.863129 0.258826 -0.433610 -0.000000 -0.333972 0.936637 -0.105706 3.753200 0.378775 0.236052 0.894879 -0.033300 0.000000 0.000000 0.000000 1.000000
0.860855 0.261287 -0.436645 0.000000 -0.335550 0.936582 -0.101097 3.753200 0.382538 0.233545 0.893936 -0.033300 0.000000 0.000000 0.000000 1.000000
0.859463 0.262526 -0.438639 -0.000000 -0.335449 0.937112 -0.096412 3.753200 0.385743 0.230003 0.893477 -0.033300 0.000000 0.000000 0.000000 1.000000
0.858573 0.262917 -0.440143 -0.000000 -0.334369 0.937944 -0.091966 3.753200 0.388651 0.226130 0.893205 -0.033300 0.000000 0.000000 0.000000 1.000000
0.857986 0.262643 -0.441451 0.000000 -0.332796 0.938862 -0.088229 3.753200 0.391289 0.222612 0.892937 -0.033300 0.000000 0.000000 0.000000 1.000000
0.857927 0.261869 -0.442026 -0.000000 -0.331061 0.939696 -0.085852 3.753200 0.392887 0.219992 0.892885 -0.033300 0.000000 0.000000 0.000000 1.000000
0.858534 0.260758 -0.441503 -0.000000 -0.329270 0.940414 -0.084867 3.753200 0.393066 0.218235 0.893237 -0.033300 0.000000 0.000000 0.000000 1.000000
0.859458 0.259530 -0.440427 0.000000 -0.327360 0.941137 -0.084235 3.753200 0.392640 0.216575 0.893828 -0.033300 0.000000 0.000000 0.000000 1.000000
0.861740 0.257211 -0.437318 -0.000000 -0.324378 0.942093 -0.085092 3.753200 0.390107 0.215183 0.895272 -0.033300 0.000000 0.000000 0.000000 1.000000
0.865216 0.253958 -0.432327 0.000000 -0.320404 0.943265 -0.087130 3.753200 0.385671 0.213906 0.897498 -0.033300 0.000000 0.000000 0.000000 1.000000
0.868896 0.250726 -0.426797 -0.000000 -0.316382 0.944419 -0.089299 3.753200 0.380686 0.212622 0.899928 -0.033300 0.000000 0.000000 0.000000 1.000000
0.872802 0.247600 -0.420608 -0.000000 -0.312405 0.945515 -0.091673 3.753200 0.374993 0.211412 0.902599 -0.033300 0.000000 0.000000 0.000000 1.000000
0.876962 0.244632 -0.413635 0.000000 -0.308532 0.946525 -0.094335 3.753200 0.368438 0.210348 0.905542 -0.033300 0.000000 0.000000 0.000000 1.000000
0.881398 0.241875 -0.405750 -0.000000 -0.304816 0.947421 -0.097369 3.753200 0.360865 0.209500 0.908783 -0.033300 0.000000 0.000000 0.000000 1.000000
0.886907 0.237724 -0.396084 -0.000000 -0.299528 0.948694 -0.101308 3.753200 0.351679 0.208489 0.912608 -0.033300 0.000000 0.000000 0.000000 1.000000
0.893852 0.230720 -0.384443 0.000000 -0.291072 0.950794 -0.106149 3.753200 0.341036 0.206782 0.917026 -0.033300 0.000000 0.000000 0.000000 1.000000
0.900961 0.223031 -0.372193 -0.000000 -0.281767 0.953044 -0.110973 3.753200 0.329966 0.204854 0.921498 -0.033300 0.000000 0.000000 0.000000 1.000000
0.909006 0.212898 -0.358306 -0.000000 -0.269686 0.955912 -0.116199 3.753200 0.317770 0.202256 0.926345 -0.033300 0.000000 0.000000 0.000000 1.000000
0.919046 0.199148 -0.340140 0.000000 -0.253602 0.959391 -0.123511 3.753200 0.301730 0.199773 0.932229 -0.033300 0.000000 0.000000 0.000000 1.000000
0.930256 0.183185 -0.317910 -0.000000 -0.234889 0.962956 -0.132451 3.753200 0.281870 0.197887 0.938824 -0.033300 0.000000 0.000000 0.000000 1.000000
0.941296 0.167011 -0.293377 0.000000 -0.215648 0.966102 -0.141928 3.753200 0.259728 0.196862 0.945403 -0.033300 0.000000 0.000000 0.000000 1.000000
0.952733 0.150235 -0.264063 0.000000 -0.195139 0.968787 -0.152881 3.753200 0.232853 0.197184 0.952312 -0.033300 0.000000 0.000000 0.000000 1.000000
0.963579 0.135261 -0.230694 0.000000 -0.175221 0.971018 -0.162550 3.753200 0.202021 0.197052 0.959353 -0.033300 0.000000 0.000000 0.000000 1.000000
0.973353 0.122176 -0.194054 0.000000 -0.156343 0.972643 -0.171822 3.753200 0.167753 0.197583 0.965826 -0.033300 0.000000 0.000000 0.000000 1.000000
0.981944 0.109269 -0.154422 0.000000 -0.137092 0.973531 -0.182877 3.753200 0.130351 0.200745 0.970933 -0.033300 0.000000 0.000000 0.000000 1.000000
0.988906 0.096154 -0.113220 -0.000000 -0.116929 0.973981 -0.194136 3.753200 0.091608 0.205222 0.974419 -0.033300 0.000000 0.000000 0.000000 1.000000
0.993965 0.083053 -0.071664 0.000000 -0.096161 0.974051 -0.204886 3.753200 0.052788 0.210540 0.976159 -0.033300 0.000000 0.000000 0.000000 1.000000
0.997034 0.070906 -0.029923 0.000000 -0.075719 0.973334 -0.216536 3.753200 0.013771 0.218160 0.975816 -0.033300 0.000000 0.000000 0.000000 1.000000
0.998252 0.057676 0.012898 0.000000 -0.053254 0.972451 -0.226941 3.753200 -0.025632 0.225858 0.973823 -0.033300 0.000000 0.000000 0.000000 1.000000
0.997392 0.045723 0.055841 0.000000 -0.031234 0.970970 -0.237154 3.753200 -0.065063 0.234791 0.969866 -0.033300 0.000000 0.000000 0.000000 1.000000
0.994470 0.035481 0.098846 0.000000 -0.010081 0.969105 -0.246441 3.753200 -0.104536 0.244082 0.964104 -0.033300 0.000000 0.000000 0.000000 1.000000
0.989727 0.027576 0.140284 0.000000 0.009220 0.966869 -0.255107 3.753200 -0.142671 0.253780 0.956682 -0.033300 0.000000 0.000000 0.000000 1.000000
0.983535 0.021059 0.179489 0.000000 0.027405 0.964321 -0.263314 3.753200 -0.178630 0.263898 0.947866 -0.033300 0.000000 0.000000 0.000000 1.000000
0.976148 0.015262 0.216570 -0.000000 0.045117 0.961489 -0.271115 3.753200 -0.212368 0.274420 0.937867 -0.033300 0.000000 0.000000 0.000000 1.000000
0.967783 0.011155 0.251539 0.000000 0.061564 0.958212 -0.279355 3.753200 -0.244144 0.285840 0.926655 -0.033300 0.000000 0.000000 0.000000 1.000000
0.958386 0.007653 0.285374 0.000000 0.077973 0.954614 -0.287459 3.753200 -0.274622 0.297748 0.914292 -0.033300 0.000000 0.000000 0.000000 1.000000</float_array><technique_common><accessor source="#mixamorig_Spine-Matrix-animation-output-transform-array" count="71" stride="16"><param type="float4x4"/></accessor></technique_common></source><source id="mixamorig_Spine-Interpolations"><Name_array id="mixamorig_Spine-Interpolations-array" count="71">
 LINEAR LINEAR LINEAR LINEAR LINEAR LINEAR LINEAR LINEAR LINEAR LINEAR LINEAR
LINEAR LINEAR LINEAR LINEAR LINEAR LINEAR LINEAR LINEAR LINEAR LINEAR LINEAR LINEAR
LINEAR LINEAR LINEAR LINEAR LINEAR LINEAR LINEAR LINEAR LINEAR LINEAR LINEAR LINEAR
LINEAR LINEAR LINEAR LINEAR LINEAR LINEAR LINEAR LINEAR LINEAR LINEAR LINEAR LINEAR
LINEAR LINEAR LINEAR LINEAR LINEAR LINEAR LINEAR LINEAR LINEAR LINEAR LINEAR LINEAR
LINEAR LINEAR LINEAR LINEAR LINEAR LINEAR LINEAR LINEAR LINEAR LINEAR LINEAR LINEAR</Name_array><technique_common><accessor source="#mixamorig_Spine-Interpolations-array" count="71"><param type="name"/></accessor></technique_common></source><sampler id="mixamorig_Spine-Matrix-animation-transform"><input semantic="INPUT" source="#mixamorig_Spine-Matrix-animation-input"/><input semantic="OUTPUT" source="#mixamorig_Spine-Matrix-animation-output-transform"/><input semantic="INTERPOLATION" source="#mixamorig_Spine-Interpolations"/></sampler><channel source="#mixamorig_Spine-Matrix-animation-transform" target="mixamorig_Spine/matrix"/></animation>
    <animation id="mixamorig_Spine1-anim" name="mixamorig_Spine1"><source id="mixamorig_Spine1-Matrix-animation-input"><float_array id="mixamorig_Spine1-Matrix-animation-input-array" count="71">

0.000000 0.033333 0.066667 0.100000 0.133333 0.166667 0.200000 0.233333 0.266667 0.300000 0.333333 0.366667 0.400000 0.433333 0.466667 0.500000
0.533333 0.566667 0.600000 0.633333 0.666667 0.700000 0.733333 0.766667 0.800000 0.833333 0.866667 0.900000 0.933333 0.966667 1.000000 1.033333
1.066667 1.100000 1.133333 1.166667 1.200000 1.233333 1.266667 1.300000 1.333333 1.366667 1.400000 1.433333 1.466667 1.500000 1.533333 1.566667
1.600000 1.633333 1.666667 1.700000 1.733333 1.766667 1.800000 1.833333 1.866667 1.900000 1.933333 1.966667 2.000000 2.033333 2.066667 2.100000
2.133333 2.166667 2.200000 2.233333 2.266667 2.300000 2.333333</float_array><technique_common><accessor source="#mixamorig_Spine1-Matrix-animation-input-array" count="71"><param name="TIME" type="float"/></accessor></technique_common></source><source id="mixamorig_Spine1-Matrix-animation-output-transform"><float_array id="mixamorig_Spine1-Matrix-animation-output-transform-array" count="1136">

0.997372 -0.006442 0.072160 0.000000 0.009144 0.999267 -0.037186 4.378900 -0.071867 0.037748 0.996700 0.000000 0.000000 0.000000 0.000000 1.000000
0.996945 -0.005951 0.077875 0.000000 0.008434 0.999465 -0.031592 4.378900 -0.077645 0.032153 0.996462 0.000000 0.000000 0.000000 0.000000 1.000000
0.996486 -0.005461 0.083586 0.000000 0.007660 0.999632 -0.026006 4.378900 -0.083413 0.026555 0.996161 -0.000000 0.000000 0.000000 0.000000 1.000000
0.995996 -0.004974 0.089262 0.000000 0.006826 0.999768 -0.020449 4.378900 -0.089140 0.020977 0.995798 0.000000 0.000000 0.000000 0.000000 1.000000
0.995492 -0.004505 0.094736 0.000000 0.005956 0.999869 -0.015044 4.378900 -0.094656 0.015541 0.995389 0.000000 0.000000 0.000000 0.000000 1.000000
0.994996 -0.004128 0.099825 0.000000 0.005144 0.999938 -0.009920 4.378900 -0.099778 0.010384 0.994956 0.000000 0.000000 0.000000 0.000000 1.000000
0.994477 -0.004238 0.104871 -0.000000 0.004769 0.999977 -0.004812 4.378900 -0.104848 0.005285 0.994474 0.000000 0.000000 0.000000 0.000000 1.000000
0.993910 -0.004986 0.110078 0.000000 0.004967 0.999988 0.000445 4.378900 -0.110079 0.000104 0.993923 -0.000000 0.000000 0.000000 0.000000 1.000000
0.993343 -0.005754 0.115051 -0.000000 0.005150 0.999971 0.005540 4.378900 -0.115080 -0.004911 0.993344 0.000000 0.000000 0.000000 0.000000 1.000000
0.992948 -0.004674 0.118455 -0.000000 0.003589 0.999950 0.009368 4.378900 -0.118493 -0.008877 0.992915 0.000000 0.000000 0.000000 0.000000 1.000000
0.992617 -0.002875 0.121259 0.000000 0.001345 0.999918 0.012705 4.378900 -0.121286 -0.012448 0.992540 0.000000 0.000000 0.000000 0.000000 1.000000
0.992355 -0.000355 0.123417 0.000000 -0.001576 0.999878 0.015549 4.378900 -0.123407 -0.015625 0.992233 0.000000 0.000000 0.000000 0.000000 1.000000
0.992437 0.005314 0.122640 -0.000000 -0.007365 0.999840 0.016276 4.378900 -0.122534 -0.017056 0.992318 0.000000 0.000000 0.000000 0.000000 1.000000
0.992782 0.013642 0.119152 0.000000 -0.015563 0.999763 0.015206 4.378900 -0.118917 -0.016951 0.992760 0.000000 0.000000 0.000000 0.000000 1.000000
0.993206 0.022264 0.114222 0.000000 -0.023980 0.999619 0.013666 4.378900 -0.113874 -0.016312 0.993361 0.000000 0.000000 0.000000 0.000000 1.000000
0.993667 0.031045 0.107995 0.000000 -0.032504 0.999402 0.011773 4.378900 -0.107565 -0.015209 0.994082 0.000000 0.000000 0.000000 0.000000 1.000000
0.994039 0.039811 0.101494 0.000000 -0.041029 0.999108 0.009942 4.378900 -0.101008 -0.014047 0.994786 0.000000 0.000000 0.000000 0.000000 1.000000
0.994356 0.048342 0.094440 0.000000 -0.049343 0.998747 0.008293 4.378900 -0.093921 -0.012906 0.995496 0.000000 0.000000 0.000000 0.000000 1.000000
0.994758 0.055715 0.085743 0.000000 -0.056549 0.998373 0.007335 4.378900 -0.085194 -0.012145 0.996290 -0.000000 0.000000 0.000000 0.000000 1.000000
0.995154 0.062751 0.075697 0.000000 -0.063472 0.997958 0.007155 4.378900 -0.075093 -0.011925 0.997105 0.000000 0.000000 0.000000 0.000000 1.000000
0.995403 0.070091 0.065264 0.000000 -0.070705 0.997472 0.007140 4.378900 -0.064599 -0.011722 0.997842 0.000000 0.000000 0.000000 0.000000 1.000000
0.995450 0.078881 0.053457 0.000000 -0.079373 0.996819 0.007145 4.378900 -0.052724 -0.011355 0.998545 0.000000 0.000000 0.000000 0.000000 1.000000
0.995244 0.088545 0.040608 0.000000 -0.088902 0.996015 0.007054 4.378900 -0.039821 -0.010630 0.999150 0.000000 0.000000 0.000000 0.000000 1.000000
0.994789 0.098538 0.026175 -0.000000 -0.098738 0.995092 0.006455 4.378900 -0.025410 -0.009006 0.999637 0.000000 0.000000 0.000000 0.000000 1.000000
0.994273 0.106333 0.010733 0.000000 -0.106390 0.994312 0.004928 4.378900 -0.010148 -0.006041 0.999930 0.000000 0.000000 0.000000 0.000000 1.000000
0.993808 0.111008 -0.004860 0.000000 -0.110997 0.993818 0.002514 4.378900 0.005109 -0.001959 0.999985 -0.000000 0.000000 0.000000 0.000000 1.000000
0.993266 0.114065 -0.020304 0.000000 -0.114095 0.993470 -0.000297 4.378900 0.020138 0.002612 0.999794 -0.000000 0.000000 0.000000 0.000000 1.000000
0.992546 0.116619 -0.035402 -0.000000 -0.116813 0.993148 -0.003453 4.378900 0.034757 0.007562 0.999367 0.000000 0.000000 0.000000 0.000000 1.000000
0.991649 0.118972 -0.049770 0.000000 -0.119442 0.992819 -0.006581 4.378900 0.048630 0.012471 0.998739 0.000000 0.000000 0.000000 0.000000 1.000000
0.990762 0.120677 -0.061868 0.000000 -0.121461 0.992555 -0.009063 4.378900 0.060314 0.016494 0.998043 0.000000 0.000000 0.000000 0.000000 1.000000
0.989958 0.122112 -0.071218 0.000000 -0.123170 0.992329 -0.010637 4.378900 0.069372 0.019302 0.997404 0.000000 0.000000 0.000000 0.000000 1.000000
0.989113 0.123505 -0.080007 0.000000 -0.124849 0.992103 -0.012000 4.378900 0.077893 0.021858 0.996722 0.000000 0.000000 0.000000 0.000000 1.000000
0.988298 0.124849 -0.087636 0.000000 -0.126452 0.991888 -0.012960 4.378900 0.085307 0.023890 0.996068 -0.000000 0.000000 0.000000 0.000000 1.000000
0.987713 0.126196 -0.092178 0.000000 -0.127907 0.991703 -0.012868 4.378900 0.089789 0.024500 0.995659 0.000000 0.000000 0.000000 0.000000 1.000000
0.987192 0.128197 -0.094962 0.000000 -0.129897 0.991456 -0.011914 4.378900 0.092624 0.024097 0.995410 0.000000 0.000000 0.000000 0.000000 1.000000
0.986763 0.129842 -0.097161 0.000000 -0.131476 0.991263 -0.010582 4.378900 0.094938 0.023216 0.995212 -0.000000 0.000000 0.000000 0.000000 1.000000
0.986536 0.130260 -0.098888 0.000000 -0.131781 0.991238 -0.008981 4.378900 0.096852 0.021892 0.995058 0.000000 0.000000 0.000000 0.000000 1.000000
0.986610 0.128762 -0.100106 0.000000 -0.130121 0.991472 -0.007138 4.378900 0.098333 0.020068 0.994951 0.000000 0.000000 0.000000 0.000000 1.000000
0.986897 0.125800 -0.101039 0.000000 -0.126978 0.991891 -0.005287 4.378900 0.099555 0.018047 0.994868 0.000000 0.000000 0.000000 0.000000 1.000000
0.987335 0.121662 -0.101825 0.000000 -0.122664 0.992442 -0.003613 4.378900 0.100616 0.016057 0.994796 0.000000 0.000000 0.000000 0.000000 1.000000
0.987932 0.116333 -0.102260 0.000000 -0.117167 0.993110 -0.002164 4.378900 0.101304 0.014120 0.994755 0.000000 0.000000 0.000000 0.000000 1.000000
0.988678 0.109848 -0.102224 0.000000 -0.110519 0.993874 -0.000906 4.378900 0.101498 0.012193 0.994761 -0.000000 0.000000 0.000000 0.000000 1.000000
0.989460 0.102778 -0.102010 -0.000000 -0.103292 0.994651 0.000245 4.378900 0.101489 0.010294 0.994783 0.000000 0.000000 0.000000 0.000000 1.000000
0.990311 0.095049 -0.101240 0.000000 -0.095436 0.995435 0.001026 4.378900 0.100875 0.008645 0.994862 0.000000 0.000000 0.000000 0.000000 1.000000
0.991182 0.086942 -0.099999 0.000000 -0.087229 0.996187 0.001504 4.378900 0.099749 0.007232 0.994986 0.000000 0.000000 0.000000 0.000000 1.000000
0.991989 0.078893 -0.098663 -0.000000 -0.079088 0.996866 0.001937 4.378900 0.098506 0.005882 0.995119 -0.000000 0.000000 0.000000 0.000000 1.000000
0.992725 0.071053 -0.097204 0.000000 -0.071167 0.997462 0.002301 4.378900 0.097121 0.004634 0.995262 0.000000 0.000000 0.000000 0.000000 1.000000
0.993388 0.063572 -0.095598 -0.000000 -0.063618 0.997971 0.002573 4.378900 0.095567 0.003526 0.995417 0.000000 0.000000 0.000000 0.000000 1.000000
0.993979 0.056600 -0.093817 0.000000 -0.056593 0.998394 0.002741 4.378900 0.093822 0.002585 0.995586 -0.000000 0.000000 0.000000 0.000000 1.000000
0.994517 0.050348 -0.091653 -0.000000 -0.050318 0.998730 0.002641 4.378900 0.091670 0.001985 0.995787 0.000000 0.000000 0.000000 0.000000 1.000000
0.995031 0.044549 -0.089038 -0.000000 -0.044523 0.999006 0.002286 4.378900 0.089051 0.001690 0.996026 0.000000 0.000000 0.000000 0.000000 1.000000
0.995513 0.038830 -0.086290 0.000000 -0.038814 0.999245 0.001871 4.378900 0.086297 0.001487 0.996268 0.000000 0.000000 0.000000 0.000000 1.000000
0.995983 0.033244 -0.083138 0.000000 -0.033259 0.999446 0.001209 4.378900 0.083133 0.001561 0.996537 0.000000 0.000000 0.000000 0.000000 1.000000
0.996523 0.026897 -0.078860 0.000000 -0.026998 0.999635 -0.000220 4.378900 0.078825 0.002348 0.996886 0.000000 0.000000 0.000000 0.000000 1.000000
0.997098 0.019833 -0.073497 0.000000 -0.020049 0.999797 -0.002200 4.378900 0.073438 0.003668 0.997293 0.000000 0.000000 0.000000 0.000000 1.000000
0.997641 0.012881 -0.067424 0.000000 -0.013191 0.999904 -0.004151 4.378900 0.067364 0.005030 0.997716 0.000000 0.000000 0.000000 0.000000 1.000000
0.998183 0.006265 -0.059932 0.000000 -0.006638 0.999960 -0.006033 4.378900 0.059892 0.006420 0.998184 0.000000 0.000000 0.000000 0.000000 1.000000
0.998671 0.001603 -0.051520 0.000000 -0.001975 0.999972 -0.007169 4.378900 0.051507 0.007261 0.998646 0.000000 0.000000 0.000000 0.000000 1.000000
0.999099 -0.001253 -0.042420 0.000000 0.000928 0.999970 -0.007670 4.378900 0.042428 0.007624 0.999070 -0.000000 0.000000 0.000000 0.000000 1.000000
0.999464 -0.003364 -0.032579 0.000000 0.003086 0.999958 -0.008602 4.378900 0.032607 0.008496 0.999432 0.000000 0.000000 0.000000 0.000000 1.000000
0.999736 -0.005141 -0.022394 0.000000 0.004920 0.999939 -0.009891 4.378900 0.022443 0.009778 0.999700 0.000000 0.000000 0.000000 0.000000 1.000000
0.999904 -0.006588 -0.012176 0.000000 0.006449 0.999914 -0.011403 4.378900 0.012250 0.011323 0.999861 0.000000 0.000000 0.000000 0.000000 1.000000
0.999973 -0.007110 -0.001983 0.000000 0.007082 0.999882 -0.013608 4.378900 0.002079 0.013594 0.999905 0.000000 0.000000 0.000000 0.000000 1.000000
0.999938 -0.007585 0.008196 0.000000 0.007715 0.999845 -0.015843 4.378900 -0.008074 0.015906 0.999841 0.000000 0.000000 0.000000 0.000000 1.000000
0.999810 -0.007732 0.017886 -0.000000 0.008062 0.999797 -0.018480 4.378900 -0.017740 0.018620 0.999669 0.000000 0.000000 0.000000 0.000000 1.000000
0.999593 -0.007796 0.027434 0.000000 0.008380 0.999740 -0.021229 4.378900 -0.027262 0.021450 0.999398 0.000000 0.000000 0.000000 0.000000 1.000000
0.999291 -0.007779 0.036826 0.000000 0.008670 0.999672 -0.024096 4.378900 -0.036627 0.024398 0.999031 -0.000000 0.000000 0.000000 0.000000 1.000000
0.998910 -0.007654 0.046049 -0.000000 0.008908 0.999593 -0.027083 4.378900 -0.045823 0.027464 0.998572 -0.000000 0.000000 0.000000 0.000000 1.000000
0.998454 -0.007434 0.055089 -0.000000 0.009108 0.999503 -0.030195 4.378900 -0.054837 0.030650 0.998025 -0.000000 0.000000 0.000000 0.000000 1.000000
0.997943 -0.006998 0.063721 0.000000 0.009154 0.999393 -0.033603 4.378900 -0.063447 0.034118 0.997402 0.000000 0.000000 0.000000 0.000000 1.000000
0.997372 -0.006442 0.072160 0.000000 0.009144 0.999267 -0.037186 4.378900 -0.071867 0.037748 0.996700 0.000000 0.000000 0.000000 0.000000 1.000000</float_array><technique_common><accessor source="#mixamorig_Spine1-Matrix-animation-output-transform-array" count="71" stride="16"><param type="float4x4"/></accessor></technique_common></source><source id="mixamorig_Spine1-Interpolations"><Name_array id="mixamorig_Spine1-Interpolations-array" count="71">
 LINEAR LINEAR LINEAR LINEAR LINEAR LINEAR LINEAR LINEAR LINEAR LINEAR LINEAR
LINEAR LINEAR LINEAR LINEAR LINEAR LINEAR LINEAR LINEAR LINEAR LINEAR LINEAR LINEAR
LINEAR LINEAR LINEAR LINEAR LINEAR LINEAR LINEAR LINEAR LINEAR LINEAR LINEAR LINEAR
LINEAR LINEAR LINEAR LINEAR LINEAR LINEAR LINEAR LINEAR LINEAR LINEAR LINEAR LINEAR
LINEAR LINEAR LINEAR LINEAR LINEAR LINEAR LINEAR LINEAR LINEAR LINEAR LINEAR LINEAR
LINEAR LINEAR LINEAR LINEAR LINEAR LINEAR LINEAR LINEAR LINEAR LINEAR LINEAR LINEAR</Name_array><technique_common><accessor source="#mixamorig_Spine1-Interpolations-array" count="71"><param type="name"/></accessor></technique_common></source><sampler id="mixamorig_Spine1-Matrix-animation-transform"><input semantic="INPUT" source="#mixamorig_Spine1-Matrix-animation-input"/><input semantic="OUTPUT" source="#mixamorig_Spine1-Matrix-animation-output-transform"/><input semantic="INTERPOLATION" source="#mixamorig_Spine1-Interpolations"/></sampler><channel source="#mixamorig_Spine1-Matrix-animation-transform" target="mixamorig_Spine1/matrix"/></animation>
    <animation id="mixamorig_Spine2-anim" name="mixamorig_Spine2"><source id="mixamorig_Spine2-Matrix-animation-input"><float_array id="mixamorig_Spine2-Matrix-animation-input-array" count="71">

0.000000 0.033333 0.066667 0.100000 0.133333 0.166667 0.200000 0.233333 0.266667 0.300000 0.333333 0.366667 0.400000 0.433333 0.466667 0.500000
