<?xml version="1.0" encoding="utf-8"?>
<COLLADA xmlns="http://www.collada.org/2005/11/COLLADASchema" version="1.4.1">
  <asset><contributor><author>Mixamo</author><authoring_tool>COLLADA Mixamo exporter</authoring_tool><comments></comments></contributor><created>2020-10-31T23:19:34Z</created><modified>2020-10-31T23:19:34Z</modified><revision></revision><title></title><unit meter="0.010000"/><up_axis>Y_UP</up_axis></asset>
  <library_animations>
    <animation id="mixamorig_Hips-anim" name="mixamorig_Hips"><source id="mixamorig_Hips-Matrix-animation-input"><float_array id="mixamorig_Hips-Matrix-animation-input-array" count="76">

0.000000 0.033333 0.066667 0.100000 0.133333 0.166667 0.200000 0.233333 0.266667 0.300000 0.333333 0.366667 0.400000 0.433333 0.466667 0.500000
0.533333 0.566667 0.600000 0.633333 0.666667 0.700000 0.733333 0.766667 0.800000 0.833333 0.866667 0.900000 0.933333 0.966667 1.000000 1.033333
1.066667 1.100000 1.133333 1.166667 1.200000 1.233333 1.266667 1.300000 1.333333 1.366667 1.400000 1.433333 1.466667 1.500000 1.533333 1.566667
1.600000 1.633333 1.666667 1.700000 1.733333 1.766667 1.800000 1.833333 1.866667 1.900000 1.933333 1.966667 2.000000 2.033333 2.066667 2.100000
2.133333 2.166667 2.200000 2.233333 2.266667 2.300000 2.333333 2.366667 2.400000 2.433333 2.466667 2.500000</float_array><technique_common><accessor source="#mixamorig_Hips-Matrix-animation-input-array" count="76"><param name="TIME" type="float"/></accessor></technique_common></source><source id="mixamorig_Hips-Matrix-animation-output-transform"><float_array id="mixamorig_Hips-Matrix-animation-output-transform-array" count="1216">

0.544727 -0.033958 -0.837926 0.015207 0.008588 0.999353 -0.034917 43.059757 0.838570 0.011824 0.544666 -0.114673 0.000000 0.000000 0.000000 1.000000
0.541639 -0.035229 -0.839873 -0.086911 0.011294 0.999336 -0.034634 43.055393 0.840535 0.009273 0.541677 -0.144364 0.000000 0.000000 0.000000 1.000000
0.537532 -0.036763 -0.842441 -0.180536 0.013609 0.999297 -0.034925 43.061504 0.843133 0.007308 0.537655 -0.176333 0.000000 0.000000 0.000000 1.000000
0.531974 -0.038412 -0.845889 -0.268697 0.015660 0.999246 -0.035527 43.074558 0.846616 0.005653 0.532174 -0.199938 0.000000 0.000000 0.000000 1.000000
0.525334 -0.040086 -0.849952 -0.352914 0.017727 0.999189 -0.036167 43.093521 0.850712 0.003932 0.525618 -0.205191 0.000000 0.000000 0.000000 1.000000
0.518586 -0.041992 -0.853993 -0.431373 0.020206 0.999116 -0.036857 43.118095 0.854786 0.001858 0.518977 -0.196090 0.000000 0.000000 0.000000 1.000000
0.512675 -0.044278 -0.857440 -0.497897 0.022882 0.999019 -0.037908 43.147182 0.858278 -0.000186 0.513186 -0.187816 0.000000 0.000000 0.000000 1.000000
0.508616 -0.046825 -0.859719 -0.546407 0.024685 0.998903 -0.039802 43.178223 0.860640 -0.000978 0.509213 -0.182924 0.000000 0.000000 0.000000 1.000000
0.507134 -0.048341 -0.860510 -0.573464 0.023170 0.998830 -0.042457 43.182747 0.861556 0.001594 0.507661 -0.139777 0.000000 0.000000 0.000000 1.000000
0.507633 -0.048729 -0.860194 -0.580149 0.018677 0.998787 -0.045558 43.154953 0.861371 0.007061 0.507927 0.004941 0.000000 0.000000 0.000000 1.000000
0.507666 -0.048441 -0.860191 -0.560751 0.011117 0.998703 -0.049680 43.097694 0.861482 0.015658 0.507547 0.265121 0.000000 0.000000 0.000000 1.000000
0.505377 -0.047069 -0.861614 -0.519255 -0.001455 0.998463 -0.055398 42.948681 0.862897 0.029250 0.504532 0.627515 0.000000 0.000000 0.000000 1.000000
0.501770 -0.042744 -0.863945 -0.480093 -0.019807 0.997949 -0.060878 42.680687 0.864774 0.047659 0.499894 1.073216 0.000000 0.000000 0.000000 1.000000
0.500643 -0.031484 -0.865081 -0.481943 -0.042623 0.997230 -0.060960 42.297653 0.864604 0.067391 0.497914 1.647122 0.000000 0.000000 0.000000 1.000000
0.506980 -0.009519 -0.861905 -0.613141 -0.065861 0.996588 -0.049746 41.842869 0.859438 0.081987 0.504623 2.417193 0.000000 0.000000 0.000000 1.000000
0.526834 0.025029 -0.849600 -0.933690 -0.087618 0.995841 -0.024994 41.349491 0.845440 0.087608 0.526836 3.464315 0.000000 0.000000 0.000000 1.000000
0.568128 0.069222 -0.820023 -1.359179 -0.105681 0.994342 0.010719 40.906052 0.816126 0.080571 0.572230 4.827254 0.000000 0.000000 0.000000 1.000000
0.636779 0.116449 -0.762203 -1.835720 -0.118055 0.991599 0.052867 40.610661 0.761955 0.056317 0.645176 6.547917 0.000000 0.000000 0.000000 1.000000
0.729064 0.159539 -0.665593 -2.253365 -0.129265 0.987049 0.094998 40.508362 0.672129 0.016778 0.740244 8.571753 0.000000 0.000000 0.000000 1.000000
0.827865 0.196331 -0.525446 -2.518992 -0.148450 0.980031 0.132295 40.730957 0.540927 -0.031520 0.840479 10.710864 0.000000 0.000000 0.000000 1.000000
0.908908 0.229418 -0.348214 -2.636818 -0.184294 0.970075 0.158081 41.183262 0.374061 -0.079507 0.923990 12.484583 0.000000 0.000000 0.000000 1.000000
0.951799 0.264501 -0.155297 -2.717071 -0.238386 0.956514 0.168086 42.044643 0.193003 -0.122964 0.973463 13.760726 0.000000 0.000000 0.000000 1.000000
0.953609 0.299823 0.027134 -2.739276 -0.299930 0.938435 0.171412 43.388992 0.025930 -0.171598 0.984826 14.577140 0.000000 0.000000 0.000000 1.000000
0.911329 0.362826 0.194514 -2.754233 -0.396371 0.900965 0.176498 44.980797 -0.111213 -0.237947 0.964890 15.367868 0.000000 0.000000 0.000000 1.000000
0.834764 0.422863 0.352642 -2.979752 -0.500165 0.850155 0.164533 46.521999 -0.230225 -0.313726 0.921180 16.574858 0.000000 0.000000 0.000000 1.000000
0.720037 0.482691 0.498553 -3.356237 -0.609408 0.783479 0.121587 47.938477 -0.331917 -0.391370 0.858290 17.972630 0.000000 0.000000 0.000000 1.000000
0.578168 0.536855 0.614417 -3.889560 -0.710807 0.701135 0.056244 48.755188 -0.400594 -0.469250 0.786974 18.846485 0.000000 0.000000 0.000000 1.000000
0.444780 0.575668 0.686132 -5.170181 -0.788597 0.614892 -0.004694 48.889118 -0.424599 -0.538994 0.727462 19.919003 0.000000 0.000000 0.000000 1.000000
0.346918 0.607388 0.714652 -6.588455 -0.843998 0.534492 -0.044561 48.973778 -0.409041 -0.587706 0.698059 21.738165 0.000000 0.000000 0.000000 1.000000
0.295744 0.642510 0.706906 -7.379881 -0.878778 0.473136 -0.062386 49.185352 -0.374547 -0.602763 0.704550 23.770538 0.000000 0.000000 0.000000 1.000000
0.268322 0.676675 0.685649 -7.883159 -0.902864 0.424837 -0.065949 49.327026 -0.335915 -0.601353 0.724939 25.551493 0.000000 0.000000 0.000000 1.000000
0.240419 0.692135 0.680550 -8.330756 -0.919765 0.386507 -0.068159 49.399494 -0.310212 -0.609559 0.729525 27.165709 0.000000 0.000000 0.000000 1.000000
0.212947 0.683728 0.697976 -8.760793 -0.922690 0.375707 -0.086532 48.960136 -0.321399 -0.625588 0.710874 27.956131 0.000000 0.000000 0.000000 1.000000
0.185073 0.658695 0.729294 -9.046538 -0.917569 0.381545 -0.111758 48.573750 -0.351873 -0.648494 0.675012 28.483736 0.000000 0.000000 0.000000 1.000000
0.163854 0.631577 0.757801 -9.062189 -0.903310 0.404788 -0.142047 48.286819 -0.396463 -0.661254 0.636836 28.787241 0.000000 0.000000 0.000000 1.000000
0.153160 0.610152 0.777339 -8.910756 -0.880115 0.441932 -0.173473 47.964775 -0.449376 -0.657579 0.604691 28.806845 0.000000 0.000000 0.000000 1.000000
0.154104 0.592698 0.790544 -8.742567 -0.853725 0.482655 -0.195443 47.588528 -0.497399 -0.644789 0.580380 28.833382 0.000000 0.000000 0.000000 1.000000
0.180944 0.574986 0.797904 -8.496378 -0.820192 0.535917 -0.200194 47.129227 -0.542719 -0.618211 0.568570 28.607763 0.000000 0.000000 0.000000 1.000000
0.237859 0.551546 0.799513 -8.013521 -0.777767 0.601213 -0.183359 46.712730 -0.581808 -0.578221 0.571978 28.003712 0.000000 0.000000 0.000000 1.000000
0.331532 0.518019 0.788506 -7.154466 -0.721235 0.677950 -0.142140 46.452541 -0.608199 -0.521574 0.598376 27.085268 0.000000 0.000000 0.000000 1.000000
0.465633 0.469318 0.750284 -5.902723 -0.645387 0.760168 -0.074968 46.396412 -0.605526 -0.449316 0.656851 26.019257 0.000000 0.000000 0.000000 1.000000
0.625829 0.399916 0.669631 -4.437253 -0.546982 0.837068 0.011291 46.543613 -0.556011 -0.373343 0.742608 24.986963 0.000000 0.000000 0.000000 1.000000
0.777513 0.311228 0.546453 -3.105710 -0.425085 0.900469 0.091970 46.720608 -0.463440 -0.303797 0.832425 24.085009 0.000000 0.000000 0.000000 1.000000
0.884913 0.222108 0.409387 -2.129240 -0.301130 0.943385 0.139087 46.830978 -0.355317 -0.246359 0.901697 23.256289 0.000000 0.000000 0.000000 1.000000
0.940268 0.159890 0.300553 -1.590484 -0.210771 0.966704 0.145117 46.587231 -0.267343 -0.199796 0.942661 22.473713 0.000000 0.000000 0.000000 1.000000
0.965210 0.121896 0.231325 -1.341881 -0.153864 0.980083 0.125550 46.093998 -0.211414 -0.156775 0.964741 21.709873 0.000000 0.000000 0.000000 1.000000
0.980887 0.088705 0.173185 -1.135610 -0.106690 0.989505 0.097451 45.485451 -0.162723 -0.114066 0.980056 20.923750 0.000000 0.000000 0.000000 1.000000
0.992274 0.061525 0.107736 -0.931665 -0.068890 0.995437 0.066026 44.823055 -0.103183 -0.072938 0.991985 20.138489 0.000000 0.000000 0.000000 1.000000
0.998415 0.044857 0.034003 -0.759068 -0.045851 0.998526 0.029034 44.218697 -0.032650 -0.030547 0.999000 19.323782 0.000000 0.000000 0.000000 1.000000
0.998236 0.038031 -0.045596 -0.645669 -0.038489 0.999217 -0.009204 43.785686 0.045211 0.010943 0.998918 18.457531 0.000000 0.000000 0.000000 1.000000
0.989835 0.032515 -0.138451 -0.527203 -0.037858 0.998630 -0.036135 43.619583 0.137087 0.041009 0.989710 17.611084 0.000000 0.000000 0.000000 1.000000
0.967334 0.024224 -0.252347 -0.329449 -0.037131 0.998228 -0.046509 43.712631 0.250773 0.054360 0.966518 16.795368 0.000000 0.000000 0.000000 1.000000
0.923256 0.015728 -0.383863 -0.078755 -0.036880 0.998176 -0.047804 44.005814 0.382411 0.058292 0.922152 15.912118 0.000000 0.000000 0.000000 1.000000
0.856829 0.010193 -0.515500 0.144666 -0.040630 0.998030 -0.047799 44.430416 0.513998 0.061901 0.855555 14.880047 0.000000 0.000000 0.000000 1.000000
0.778361 0.007251 -0.627775 0.288895 -0.047486 0.997749 -0.047352 44.891617 0.626019 0.066667 0.776953 13.707764 0.000000 0.000000 0.000000 1.000000
0.702476 0.005383 -0.711687 0.335624 -0.055456 0.997345 -0.047194 45.183414 0.709543 0.072620 0.700910 12.373529 0.000000 0.000000 0.000000 1.000000
0.638375 0.001602 -0.769724 0.301092 -0.063534 0.996695 -0.050618 45.304287 0.767099 0.081216 0.636367 10.912326 0.000000 0.000000 0.000000 1.000000
0.589773 -0.005776 -0.807549 0.242845 -0.075020 0.995259 -0.061907 45.140495 0.804077 0.097093 0.586543 9.277801 0.000000 0.000000 0.000000 1.000000
0.557498 -0.014274 -0.830056 0.204441 -0.088824 0.993087 -0.076735 44.546349 0.825413 0.116509 0.552376 7.542509 0.000000 0.000000 0.000000 1.000000
0.538582 -0.020801 -0.842316 0.218679 -0.096855 0.991540 -0.086415 43.578712 0.836988 0.128124 0.532011 5.888072 0.000000 0.000000 0.000000 1.000000
0.525205 -0.025360 -0.850598 0.336995 -0.094720 0.991603 -0.088049 42.527878 0.845688 0.126812 0.518392 4.521825 0.000000 0.000000 0.000000 1.000000
0.510662 -0.031541 -0.859203 0.527104 -0.084979 0.992582 -0.086944 41.747528 0.855572 0.117413 0.504193 3.481077 0.000000 0.000000 0.000000 1.000000
0.496709 -0.037381 -0.867112 0.634917 -0.074435 0.993556 -0.085471 41.433147 0.864719 0.106997 0.490726 2.671381 0.000000 0.000000 0.000000 1.000000
0.489758 -0.039466 -0.870965 0.597536 -0.067270 0.994287 -0.082880 41.564289 0.869260 0.099181 0.484304 2.008498 0.000000 0.000000 0.000000 1.000000
0.492202 -0.040551 -0.869536 0.507409 -0.061628 0.994784 -0.081277 41.988422 0.868297 0.093592 0.487135 1.479254 0.000000 0.000000 0.000000 1.000000
0.501235 -0.043057 -0.864239 0.466749 -0.055337 0.995122 -0.081671 42.473663 0.863540 0.088761 0.496407 1.060863 0.000000 0.000000 0.000000 1.000000
0.512651 -0.046161 -0.857355 0.476263 -0.048096 0.995442 -0.082354 42.867306 0.857249 0.083455 0.508094 0.729350 0.000000 0.000000 0.000000 1.000000
0.522968 -0.047852 -0.851008 0.487401 -0.040535 0.995897 -0.080909 43.113647 0.851388 0.076809 0.518883 0.474622 0.000000 0.000000 0.000000 1.000000
0.530036 -0.047129 -0.846664 0.478190 -0.033063 0.996546 -0.076171 43.205452 0.847330 0.068367 0.526647 0.293641 0.000000 0.000000 0.000000 1.000000
0.533935 -0.044577 -0.844350 0.455077 -0.025601 0.997299 -0.068841 43.184715 0.845138 0.058373 0.531351 0.176917 0.000000 0.000000 0.000000 1.000000
0.536433 -0.041472 -0.842923 0.419262 -0.018210 0.997991 -0.060689 43.119110 0.843746 0.047905 0.534600 0.102522 0.000000 0.000000 0.000000 1.000000
0.538925 -0.038695 -0.841465 0.360681 -0.011354 0.998520 -0.053189 43.064796 0.842278 0.038219 0.537688 0.049935 0.000000 0.000000 0.000000 1.000000
0.541462 -0.036358 -0.839939 0.276926 -0.005542 0.998888 -0.046810 43.041088 0.840707 0.030001 0.540658 0.007608 0.000000 0.000000 0.000000 1.000000
0.543389 -0.034458 -0.838774 0.181678 -0.000703 0.999138 -0.041501 43.038975 0.839481 0.023141 0.542896 -0.031465 0.000000 0.000000 0.000000 1.000000
0.544394 -0.033516 -0.838160 0.092290 0.003862 0.999291 -0.037451 43.047195 0.838820 0.017151 0.544138 -0.072594 0.000000 0.000000 0.000000 1.000000
0.544727 -0.033958 -0.837926 0.015207 0.008588 0.999353 -0.034917 43.059757 0.838570 0.011824 0.544666 -0.114673 0.000000 0.000000 0.000000 1.000000</float_array><technique_common><accessor source="#mixamorig_Hips-Matrix-animation-output-transform-array" count="76" stride="16"><param type="float4x4"/></accessor></technique_common></source><source id="mixamorig_Hips-Interpolations"><Name_array id="mixamorig_Hips-Interpolations-array" count="76">
 LINEAR LINEAR LINEAR LINEAR LINEAR LINEAR LINEAR LINEAR LINEAR LINEAR LINEAR
LINEAR LINEAR LINEAR LINEAR LINEAR LINEAR LINEAR LINEAR LINEAR LINEAR LINEAR LINEAR
LINEAR LINEAR LINEAR LINEAR LINEAR LINEAR LINEAR LINEAR LINEAR LINEAR LINEAR LINEAR
LINEAR LINEAR LINEAR LINEAR LINEAR LINEAR LINEAR LINEAR LINEAR LINEAR LINEAR LINEAR
LINEAR LINEAR LINEAR LINEAR LINEAR LINEAR LINEAR LINEAR LINEAR LINEAR LINEAR LINEAR
LINEAR LINEAR LINEAR LINEAR LINEAR LINEAR LINEAR LINEAR LINEAR LINEAR LINEAR LINEAR
LINEAR LINEAR LINEAR LINEAR LINEAR</Name_array><technique_common><accessor source="#mixamorig_Hips-Interpolations-array" count="76"><param type="name"/></accessor></technique_common></source><sampler id="mixamorig_Hips-Matrix-animation-transform"><input semantic="INPUT" source="#mixamorig_Hips-Matrix-animation-input"/><input semantic="OUTPUT" source="#mixamorig_Hips-Matrix-animation-output-transform"/><input semantic="INTERPOLATION" source="#mixamorig_Hips-Interpolations"/></sampler><channel source="#mixamorig_Hips-Matrix-animation-transform" target="mixamorig_Hips/matrix"/></animation>
    <animation id="mixamorig_Spine-anim" name="mixamorig_Spine"><source id="mixamorig_Spine-Matrix-animation-input"><float_array id="mixamorig_Spine-Matrix-animation-input-array" count="76">

0.000000 0.033333 0.066667 0.100000 0.133333 0.166667 0.200000 0.233333 0.266667 0.300000 0.333333 0.366667 0.400000 0.433333 0.466667 0.500000
0.533333 0.566667 0.600000 0.633333 0.666667 0.700000 0.733333 0.766667 0.800000 0.833333 0.866667 0.900000 0.933333 0.966667 1.000000 1.033333
1.066667 1.100000 1.133333 1.166667 1.200000 1.233333 1.266667 1.300000 1.333333 1.366667 1.400000 1.433333 1.466667 1.500000 1.533333 1.566667
1.600000 1.633333 1.666667 1.700000 1.733333 1.766667 1.800000 1.833333 1.866667 1.900000 1.933333 1.966667 2.000000 2.033333 2.066667 2.100000
2.133333 2.166667 2.200000 2.233333 2.266667 2.300000 2.333333 2.366667 2.400000 2.433333 2.466667 2.500000</float_array><technique_common><accessor source="#mixamorig_Spine-Matrix-animation-input-array" count="76"><param name="TIME" type="float"/></accessor></technique_common></source><source id="mixamorig_Spine-Matrix-animation-output-transform"><float_array id="mixamorig_Spine-Matrix-animation-output-transform-array" count="1216">

0.999613 -0.011803 0.025178 -0.000000 0.012872 0.999004 -0.042719 3.753200 -0.024649 0.043026 0.998770 -0.033300 0.000000 0.000000 0.000000 1.000000
0.999629 -0.011703 0.024579 0.000000 0.012732 0.999031 -0.042129 3.753200 -0.024062 0.042426 0.998810 -0.033300 0.000000 0.000000 0.000000 1.000000
0.999649 -0.011528 0.023866 -0.000000 0.012512 0.999059 -0.041535 3.753200 -0.023364 0.041819 0.998852 -0.033300 0.000000 0.000000 0.000000 1.000000
0.999671 -0.010927 0.023194 0.000000 0.011863 0.999104 -0.040632 3.753200 -0.022730 0.040893 0.998905 -0.033300 0.000000 0.000000 0.000000 1.000000
0.999693 -0.009975 0.022672 0.000000 0.010864 0.999164 -0.039404 3.753200 -0.022260 0.039638 0.998966 -0.033300 0.000000 0.000000 0.000000 1.000000
0.999713 -0.009034 0.022190 -0.000000 0.009874 0.999228 -0.038016 3.753200 -0.021830 0.038224 0.999031 -0.033300 0.000000 0.000000 0.000000 1.000000
0.999739 -0.008340 0.021252 0.000000 0.009117 0.999282 -0.036764 3.753200 -0.020930 0.036948 0.999098 -0.033300 0.000000 0.000000 0.000000 1.000000
0.999787 -0.007830 0.019105 -0.000000 0.008514 0.999316 -0.035975 3.753200 -0.018810 0.036130 0.999170 -0.033300 0.000000 0.000000 0.000000 1.000000
0.999839 -0.008634 0.015744 -0.000000 0.009189 0.999326 -0.035554 3.753200 -0.015426 0.035693 0.999244 -0.033300 0.000000 0.000000 0.000000 1.000000
0.999889 -0.009388 0.011585 0.000000 0.009786 0.999348 -0.034762 3.753200 -0.011251 0.034871 0.999328 -0.033300 0.000000 0.000000 0.000000 1.000000
0.999929 -0.009483 0.007247 0.000000 0.009716 0.999412 -0.032868 3.753200 -0.006932 0.032937 0.999433 -0.033300 0.000000 0.000000 0.000000 1.000000
0.999939 -0.010848 0.002285 0.000000 0.010912 0.999490 -0.030009 3.753200 -0.001958 0.030032 0.999547 -0.033300 0.000000 0.000000 0.000000 1.000000
0.999881 -0.014732 -0.004554 0.000000 0.014605 0.999532 -0.026892 3.753200 0.004948 0.026822 0.999628 -0.033300 0.000000 0.000000 0.000000 1.000000
0.999702 -0.020822 -0.012727 0.000000 0.020511 0.999499 -0.024085 3.753200 0.013222 0.023817 0.999629 -0.033300 0.000000 0.000000 0.000000 1.000000
0.999447 -0.027002 -0.019409 0.000000 0.026578 0.999410 -0.021774 3.753200 0.019985 0.021246 0.999575 -0.033300 0.000000 0.000000 0.000000 1.000000
0.999312 -0.031828 -0.019058 0.000000 0.031489 0.999346 -0.017802 3.753200 0.019612 0.017189 0.999660 -0.033300 0.000000 0.000000 0.000000 1.000000
0.999623 -0.027412 0.001565 -0.000000 0.027416 0.999620 -0.002970 3.753200 -0.001483 0.003012 0.999994 -0.033300 0.000000 0.000000 0.000000 1.000000
0.999104 -0.011852 0.040641 0.000000 0.010958 0.999695 0.022135 3.753200 -0.040891 -0.021669 0.998929 -0.033300 0.000000 0.000000 0.000000 1.000000
0.995358 0.011719 0.095530 -0.000000 -0.016810 0.998471 0.052665 3.753200 -0.094767 -0.054026 0.994032 -0.033300 0.000000 0.000000 0.000000 1.000000
0.986235 0.037256 0.161099 -0.000000 -0.050813 0.995429 0.080866 3.753200 -0.157350 -0.087939 0.983620 -0.033300 0.000000 0.000000 0.000000 1.000000
0.973636 0.057392 0.220769 0.000000 -0.081035 0.991726 0.099566 3.753200 -0.213228 -0.114831 0.970231 -0.033300 0.000000 0.000000 0.000000 1.000000
0.965621 0.065441 0.251581 -0.000000 -0.095062 0.989656 0.107442 3.753200 -0.241948 -0.127664 0.961854 -0.033300 0.000000 0.000000 0.000000 1.000000
0.965508 0.065271 0.252061 0.000000 -0.095677 0.989281 0.110314 3.753200 -0.242159 -0.130625 0.961403 -0.033300 0.000000 0.000000 0.000000 1.000000
0.971426 0.059897 0.229661 0.000000 -0.087343 0.989946 0.111261 3.753200 -0.220688 -0.128141 0.966890 -0.033300 0.000000 0.000000 0.000000 1.000000
0.980561 0.045817 0.190789 -0.000000 -0.067685 0.991655 0.109722 3.753200 -0.184170 -0.120503 0.975480 -0.033300 0.000000 0.000000 0.000000 1.000000
0.990059 0.020470 0.139157 0.000000 -0.034674 0.994339 0.100432 3.753200 -0.136313 -0.104259 0.985164 -0.033300 0.000000 0.000000 0.000000 1.000000
0.996187 -0.012316 0.086364 0.000000 0.005355 0.996750 0.080375 3.753200 -0.087074 -0.079606 0.993016 -0.033300 0.000000 0.000000 0.000000 1.000000
0.998415 -0.036197 0.043090 0.000000 0.033787 0.997892 0.055408 3.753200 -0.045005 -0.053864 0.997534 -0.033300 0.000000 0.000000 0.000000 1.000000
0.998648 -0.051807 0.004280 0.000000 0.051608 0.997948 0.037904 3.753200 -0.006235 -0.037632 0.999272 -0.033300 0.000000 0.000000 0.000000 1.000000
0.997422 -0.064220 -0.032031 0.000000 0.065270 0.997325 0.032890 3.753200 0.029833 -0.034895 0.998946 -0.033300 0.000000 0.000000 0.000000 1.000000
0.995135 -0.076210 -0.062437 -0.000000 0.078421 0.996349 0.033752 3.753200 0.059636 -0.038484 0.997478 -0.033300 0.000000 0.000000 0.000000 1.000000
0.992272 -0.086627 -0.088834 0.000000 0.089626 0.995513 0.030341 3.753200 0.085807 -0.038068 0.995584 -0.033300 0.000000 0.000000 0.000000 1.000000
0.989775 -0.091538 -0.109395 -0.000000 0.094486 0.995282 0.022069 3.753200 0.106858 -0.032180 0.993753 -0.033300 0.000000 0.000000 0.000000 1.000000
0.988187 -0.091602 -0.122864 0.000000 0.094370 0.995394 0.016892 3.753200 0.120750 -0.028287 0.992280 -0.033300 0.000000 0.000000 0.000000 1.000000
0.987187 -0.090559 -0.131383 0.000000 0.093581 0.995467 0.016995 3.753200 0.129248 -0.029072 0.991186 -0.033300 0.000000 0.000000 0.000000 1.000000
0.986377 -0.089188 -0.138227 0.000000 0.092441 0.995568 0.017286 3.753200 0.136072 -0.029828 0.990250 -0.033300 0.000000 0.000000 0.000000 1.000000
0.985629 -0.084563 -0.146232 0.000000 0.087346 0.996097 0.012707 3.753200 0.144587 -0.025297 0.989169 -0.033300 0.000000 0.000000 0.000000 1.000000
0.984854 -0.074049 -0.156778 -0.000000 0.075231 0.997165 0.001613 3.753200 0.156214 -0.013383 0.987633 -0.033300 0.000000 0.000000 0.000000 1.000000
0.984281 -0.059168 -0.166400 -0.000000 0.057749 0.998242 -0.013361 3.753200 0.166898 0.003542 0.985968 -0.033300 0.000000 0.000000 0.000000 1.000000
0.984243 -0.040880 -0.172028 0.000000 0.036885 0.998972 -0.026353 3.753200 0.172929 0.019592 0.984739 -0.033300 0.000000 0.000000 0.000000 1.000000
0.984547 -0.021120 -0.173840 0.000000 0.015564 0.999326 -0.033258 3.753200 0.174425 0.030039 0.984212 -0.033300 0.000000 0.000000 0.000000 1.000000
0.984994 -0.005119 -0.172513 0.000000 -0.001034 0.999367 -0.035558 3.753200 0.172586 0.035203 0.984365 -0.033300 0.000000 0.000000 0.000000 1.000000
0.986160 0.007965 -0.165603 0.000000 -0.014232 0.999225 -0.036690 3.753200 0.165183 0.038539 0.985510 -0.033300 0.000000 0.000000 0.000000 1.000000
0.988688 0.017020 -0.149021 0.000000 -0.023337 0.998897 -0.040744 3.753200 0.148163 0.043761 0.987994 -0.033300 0.000000 0.000000 0.000000 1.000000
0.992069 0.018949 -0.124259 0.000000 -0.025355 0.998418 -0.050179 3.753200 0.123112 0.052931 0.990980 -0.033300 0.000000 0.000000 0.000000 1.000000
0.995118 0.016685 -0.097271 0.000000 -0.022843 0.997781 -0.062535 3.753200 0.096012 0.064451 0.993291 -0.033300 0.000000 0.000000 0.000000 1.000000
0.997010 0.016158 -0.075570 0.000000 -0.021625 0.997164 -0.072090 3.753200 0.074191 0.073509 0.994531 -0.033300 0.000000 0.000000 0.000000 1.000000
0.997812 0.014989 -0.064386 0.000000 -0.019874 0.996917 -0.075907 3.753200 0.063050 0.077020 0.995034 -0.033300 0.000000 0.000000 0.000000 1.000000
0.998070 0.011348 -0.061058 0.000000 -0.015917 0.997066 -0.074870 3.753200 0.060029 0.075697 0.995322 -0.033300 0.000000 0.000000 0.000000 1.000000
0.998289 0.004858 -0.058270 0.000000 -0.009115 0.997289 -0.073016 3.753200 0.057757 0.073422 0.995627 -0.033300 0.000000 0.000000 0.000000 1.000000
0.998710 -0.002505 -0.050720 0.000000 -0.001256 0.997259 -0.073984 3.753200 0.050766 0.073952 0.995969 -0.033300 0.000000 0.000000 0.000000 1.000000
0.999124 -0.011187 -0.040320 0.000000 0.008106 0.997091 -0.075792 3.753200 0.041050 0.075399 0.996308 -0.033300 0.000000 0.000000 0.000000 1.000000
0.999299 -0.021049 -0.030955 0.000000 0.018680 0.997014 -0.074929 3.753200 0.032440 0.074299 0.996708 -0.033300 0.000000 0.000000 0.000000 1.000000
0.999350 -0.028338 -0.022262 0.000000 0.026694 0.997120 -0.070985 3.753200 0.024210 0.070345 0.997229 -0.033300 0.000000 0.000000 0.000000 1.000000
0.999500 -0.029227 -0.012056 0.000000 0.028383 0.997478 -0.065051 3.753200 0.013926 0.064677 0.997809 -0.033300 0.000000 0.000000 0.000000 1.000000
0.999699 -0.024535 -0.000366 0.000000 0.024473 0.998019 -0.057954 3.753200 0.001787 0.057928 0.998319 -0.033300 0.000000 0.000000 0.000000 1.000000
0.999781 -0.017700 0.011162 0.000000 0.018244 0.998545 -0.050735 3.753200 -0.010248 0.050928 0.998650 -0.033300 0.000000 0.000000 0.000000 1.000000
0.999727 -0.011821 0.020132 0.000000 0.012714 0.998914 -0.044832 3.753200 -0.019580 0.045076 0.998792 -0.033300 0.000000 0.000000 0.000000 1.000000
0.999658 -0.007939 0.024932 0.000000 0.008975 0.999089 -0.041710 3.753200 -0.024578 0.041919 0.998819 -0.033300 0.000000 0.000000 0.000000 1.000000
0.999642 -0.004597 0.026354 0.000000 0.005689 0.999122 -0.041516 3.753200 -0.026140 0.041651 0.998790 -0.033300 0.000000 0.000000 0.000000 1.000000
0.999632 -0.003403 0.026902 0.000000 0.004549 0.999080 -0.042634 3.753200 -0.026732 0.042741 0.998729 -0.033300 0.000000 0.000000 0.000000 1.000000
0.999554 -0.004827 0.029476 -0.000000 0.006111 0.999029 -0.043628 3.753200 -0.029236 0.043789 0.998613 -0.033300 0.000000 0.000000 0.000000 1.000000
0.999431 -0.006234 0.033157 0.000000 0.007736 0.998941 -0.045352 3.753200 -0.032839 0.045583 0.998421 -0.033300 0.000000 0.000000 0.000000 1.000000
0.999392 -0.005560 0.034421 -0.000000 0.007226 0.998798 -0.048483 3.753200 -0.034110 0.048702 0.998231 -0.033300 0.000000 0.000000 0.000000 1.000000
0.999429 -0.004269 0.033512 0.000000 0.005965 0.998696 -0.050699 3.753200 -0.033252 0.050870 0.998152 -0.033300 0.000000 0.000000 0.000000 1.000000
0.999454 -0.004519 0.032740 0.000000 0.006165 0.998713 -0.050338 3.753200 -0.032471 0.050513 0.998195 -0.033300 0.000000 0.000000 0.000000 1.000000
0.999450 -0.005991 0.032627 0.000000 0.007557 0.998815 -0.048078 3.753200 -0.032300 0.048298 0.998311 -0.033300 0.000000 0.000000 0.000000 1.000000
0.999445 -0.007097 0.032533 0.000000 0.008558 0.998951 -0.044992 3.753200 -0.032179 0.045246 0.998457 -0.033300 0.000000 0.000000 0.000000 1.000000
0.999446 -0.007446 0.032437 0.000000 0.008802 0.999086 -0.041836 3.753200 -0.032096 0.042099 0.998598 -0.033300 0.000000 0.000000 0.000000 1.000000
0.999445 -0.008016 0.032344 0.000000 0.009297 0.999171 -0.039641 3.753200 -0.032000 0.039920 0.998690 -0.033300 0.000000 0.000000 0.000000 1.000000
0.999454 -0.009378 0.031669 0.000000 0.010618 0.999175 -0.039197 3.753200 -0.031275 0.039512 0.998730 -0.033300 0.000000 0.000000 0.000000 1.000000
0.999486 -0.010954 0.030145 0.000000 0.012160 0.999121 -0.040127 3.753200 -0.029679 0.040473 0.998740 -0.033300 0.000000 0.000000 0.000000 1.000000
0.999526 -0.012026 0.028345 0.000000 0.013196 0.999054 -0.041427 3.753200 -0.027820 0.041781 0.998739 -0.033300 0.000000 0.000000 0.000000 1.000000
0.999561 -0.012421 0.026911 -0.000000 0.013557 0.999006 -0.042456 3.753200 -0.026357 0.042802 0.998736 -0.033300 0.000000 0.000000 0.000000 1.000000
0.999589 -0.012265 0.025930 -0.000000 0.013371 0.998989 -0.042930 3.753200 -0.025377 0.043259 0.998742 -0.033300 0.000000 0.000000 0.000000 1.000000
0.999613 -0.011803 0.025177 0.000000 0.012872 0.999004 -0.042719 3.753200 -0.024648 0.043026 0.998770 -0.033300 0.000000 0.000000 0.000000 1.000000</float_array><technique_common><accessor source="#mixamorig_Spine-Matrix-animation-output-transform-array" count="76" stride="16"><param type="float4x4"/></accessor></technique_common></source><source id="mixamorig_Spine-Interpolations"><Name_array id="mixamorig_Spine-Interpolations-array" count="76">
 LINEAR LINEAR LINEAR LINEAR LINEAR LINEAR LINEAR LINEAR LINEAR LINEAR LINEAR
LINEAR LINEAR LINEAR LINEAR LINEAR LINEAR LINEAR LINEAR LINEAR LINEAR LINEAR LINEAR
LINEAR LINEAR LINEAR LINEAR LINEAR LINEAR LINEAR LINEAR LINEAR LINEAR LINEAR LINEAR
LINEAR LINEAR LINEAR LINEAR LINEAR LINEAR LINEAR LINEAR LINEAR LINEAR LINEAR LINEAR
LINEAR LINEAR LINEAR LINEAR LINEAR LINEAR LINEAR LINEAR LINEAR LINEAR LINEAR LINEAR
LINEAR LINEAR LINEAR LINEAR LINEAR LINEAR LINEAR LINEAR LINEAR LINEAR LINEAR LINEAR
LINEAR LINEAR LINEAR LINEAR LINEAR</Name_array><technique_common><accessor source="#mixamorig_Spine-Interpolations-array" count="76"><param type="name"/></accessor></technique_common></source><sampler id="mixamorig_Spine-Matrix-animation-transform"><input semantic="INPUT" source="#mixamorig_Spine-Matrix-animation-input"/><input semantic="OUTPUT" source="#mixamorig_Spine-Matrix-animation-output-transform"/><input semantic="INTERPOLATION" source="#mixamorig_Spine-Interpolations"/></sampler><channel source="#mixamorig_Spine-Matrix-animation-transform" target="mixamorig_Spine/matrix"/></animation>
    <animation id="mixamorig_Spine1-anim" name="mixamorig_Spine1"><source id="mixamorig_Spine1-Matrix-animation-input"><float_array id="mixamorig_Spine1-Matrix-animation-input-array" count="76">

0.000000 0.033333 0.066667 0.100000 0.133333 0.166667 0.200000 0.233333 0.266667 0.300000 0.333333 0.366667 0.400000 0.433333 0.466667 0.500000
0.533333 0.566667 0.600000 0.633333 0.666667 0.700000 0.733333 0.766667 0.800000 0.833333 0.866667 0.900000 0.933333 0.966667 1.000000 1.033333
1.066667 1.100000 1.133333 1.166667 1.200000 1.233333 1.266667 1.300000 1.333333 1.366667 1.400000 1.433333 1.466667 1.500000 1.533333 1.566667
1.600000 1.633333 1.666667 1.700000 1.733333 1.766667 1.800000 1.833333 1.866667 1.900000 1.933333 1.966667 2.000000 2.033333 2.066667 2.100000
2.133333 2.166667 2.200000 2.233333 2.266667 2.300000 2.333333 2.366667 2.400000 2.433333 2.466667 2.500000</float_array><technique_common><accessor source="#mixamorig_Spine1-Matrix-animation-input-array" count="76"><param name="TIME" type="float"/></accessor></technique_common></source><source id="mixamorig_Spine1-Matrix-animation-output-transform"><float_array id="mixamorig_Spine1-Matrix-animation-output-transform-array" count="1216">

0.999849 -0.014487 0.009549 0.000000 0.014628 0.999781 -0.014958 4.378900 -0.009330 0.015096 0.999843 0.000000 0.000000 0.000000 0.000000 1.000000
0.999840 -0.015285 0.009287 0.000000 0.015416 0.999780 -0.014212 4.378900 -0.009068 0.014353 0.999856 -0.000000 0.000000 0.000000 0.000000 1.000000
0.999835 -0.015814 0.008989 0.000000 0.015937 0.999779 -0.013711 4.378900 -0.008771 0.013852 0.999866 -0.000000 0.000000 0.000000 0.000000 1.000000
0.999832 -0.016116 0.008722 0.000000 0.016232 0.999778 -0.013408 4.378900 -0.008504 0.013547 0.999872 0.000000 0.000000 0.000000 0.000000 1.000000
0.999828 -0.016501 0.008520 0.000000 0.016614 0.999773 -0.013372 4.378900 -0.008298 0.013511 0.999874 -0.000000 0.000000 0.000000 0.000000 1.000000
0.999817 -0.017207 0.008333 0.000000 0.017320 0.999757 -0.013659 4.378900 -0.008096 0.013801 0.999872 0.000000 0.000000 0.000000 0.000000 1.000000
0.999810 -0.017778 0.007968 -0.000000 0.017890 0.999738 -0.014262 4.378900 -0.007712 0.014401 0.999867 -0.000000 0.000000 0.000000 0.000000 1.000000
0.999825 -0.017269 0.007143 -0.000000 0.017377 0.999733 -0.015247 4.378900 -0.006877 0.015368 0.999858 0.000000 0.000000 0.000000 0.000000 1.000000
0.999861 -0.015628 0.005756 0.000000 0.015721 0.999740 -0.016544 4.378900 -0.005496 0.016633 0.999847 -0.000000 0.000000 0.000000 0.000000 1.000000
0.999898 -0.013658 0.004065 0.000000 0.013728 0.999744 -0.017958 4.378900 -0.003819 0.018012 0.999830 0.000000 0.000000 0.000000 0.000000 1.000000
0.999937 -0.010952 0.002369 0.000000 0.010996 0.999754 -0.019253 4.378900 -0.002158 0.019278 0.999812 0.000000 0.000000 0.000000 0.000000 1.000000
0.999985 -0.005392 0.000466 0.000000 0.005400 0.999784 -0.020055 4.378900 -0.000358 0.020057 0.999799 -0.000000 0.000000 0.000000 0.000000 1.000000
0.999989 0.004092 -0.002175 -0.000000 -0.004135 0.999793 -0.019927 4.378900 0.002093 0.019936 0.999799 -0.000000 0.000000 0.000000 0.000000 1.000000
0.999876 0.014804 -0.005373 0.000000 -0.014900 0.999722 -0.018285 4.378900 0.005101 0.018363 0.999818 0.000000 0.000000 0.000000 0.000000 1.000000
0.999735 0.021618 -0.007918 -0.000000 -0.021736 0.999651 -0.015020 4.378900 0.007591 0.015188 0.999856 0.000000 0.000000 0.000000 0.000000 1.000000
0.999718 0.022904 -0.006206 0.000000 -0.022965 0.999687 -0.009968 4.378900 0.005976 0.010108 0.999931 0.000000 0.000000 0.000000 0.000000 1.000000
0.999582 0.026192 0.012260 0.000000 -0.026233 0.999651 0.003238 4.378900 -0.012171 -0.003559 0.999920 0.000000 0.000000 0.000000 0.000000 1.000000
0.998566 0.030092 0.044275 -0.000000 -0.031105 0.999266 0.022376 4.378900 -0.043569 -0.023721 0.998769 0.000000 0.000000 0.000000 0.000000 1.000000
0.995896 0.031963 0.084676 -0.000000 -0.035810 0.998376 0.044308 4.378900 -0.083122 -0.047158 0.995423 0.000000 0.000000 0.000000 0.000000 1.000000
0.991486 0.029120 0.126915 0.000000 -0.037876 0.997025 0.067133 4.378900 -0.124583 -0.071369 0.989639 -0.000000 0.000000 0.000000 0.000000 1.000000
0.986698 0.022161 0.161048 0.000000 -0.036198 0.995744 0.084760 4.378900 -0.158484 -0.089463 0.983300 0.000000 0.000000 0.000000 0.000000 1.000000
0.984003 0.012759 0.177693 0.000000 -0.028476 0.995872 0.086181 4.378900 -0.175860 -0.089862 0.980305 0.000000 0.000000 0.000000 0.000000 1.000000
0.983399 0.003463 0.181426 0.000000 -0.017151 0.997115 0.073936 4.378900 -0.180646 -0.075821 0.980621 0.000000 0.000000 0.000000 0.000000 1.000000
0.984287 -0.007855 0.176404 0.000000 -0.002213 0.998383 0.056801 4.378900 -0.176565 -0.056298 0.982678 -0.000000 0.000000 0.000000 0.000000 1.000000
0.985824 -0.024238 0.166022 -0.000000 0.017592 0.998988 0.041390 4.378900 -0.166858 -0.037883 0.985253 0.000000 0.000000 0.000000 0.000000 1.000000
0.987496 -0.044044 0.151365 0.000000 0.040604 0.998844 0.025745 4.378900 -0.152324 -0.019277 0.988143 0.000000 0.000000 0.000000 0.000000 1.000000
0.988933 -0.066300 0.132725 0.000000 0.065502 0.997799 0.010371 4.378900 -0.133121 -0.001562 0.991099 -0.000000 0.000000 0.000000 0.000000 1.000000
0.989466 -0.091716 0.112001 0.000000 0.092324 0.995729 -0.000240 4.378900 -0.111501 0.010578 0.993708 0.000000 0.000000 0.000000 0.000000 1.000000
0.987961 -0.125094 0.091017 0.000000 0.126074 0.992008 -0.005082 4.378900 -0.089654 0.016495 0.995836 -0.000000 0.000000 0.000000 0.000000 1.000000
0.982955 -0.169935 0.070158 0.000000 0.171106 0.985191 -0.010991 4.378900 -0.067252 0.022808 0.997475 0.000000 0.000000 0.000000 0.000000 1.000000
0.975365 -0.214784 0.050317 0.000000 0.215914 0.976244 -0.018153 4.378900 -0.045223 0.028570 0.998568 -0.000000 0.000000 0.000000 0.000000 1.000000
0.967096 -0.252299 0.032727 -0.000000 0.253181 0.967060 -0.026342 4.378900 -0.025002 0.033761 0.999117 0.000000 0.000000 0.000000 0.000000 1.000000
0.959196 -0.282111 0.018898 -0.000000 0.282702 0.958056 -0.046985 4.378900 -0.004850 0.050410 0.998717 0.000000 0.000000 0.000000 0.000000 1.000000
0.956549 -0.291437 0.008864 0.000000 0.291389 0.954429 -0.064479 4.378900 0.010331 0.064260 0.997880 0.000000 0.000000 0.000000 0.000000 1.000000
0.958900 -0.283744 -0.000017 0.000000 0.282886 0.956006 -0.077638 4.378900 0.022046 0.074443 0.996982 -0.000000 0.000000 0.000000 0.000000 1.000000
0.963391 -0.267906 -0.010230 -0.000000 0.265943 0.959773 -0.090059 4.378900 0.033945 0.084042 0.995884 0.000000 0.000000 0.000000 0.000000 1.000000
0.969474 -0.244133 -0.022804 0.000000 0.240821 0.965539 -0.098688 4.378900 0.046111 0.090184 0.994857 0.000000 0.000000 0.000000 0.000000 1.000000
0.976129 -0.213858 -0.037895 0.000000 0.208855 0.972143 -0.106380 4.378900 0.059590 0.095926 0.993603 -0.000000 0.000000 0.000000 0.000000 1.000000
0.982503 -0.178181 -0.054219 0.000000 0.171307 0.978789 -0.112362 4.378900 0.073090 0.101107 0.992187 0.000000 0.000000 0.000000 0.000000 1.000000
0.987724 -0.139624 -0.070045 0.000000 0.131004 0.984641 -0.115411 4.378900 0.085083 0.104818 0.990845 -0.000000 0.000000 0.000000 0.000000 1.000000
0.991292 -0.100858 -0.084659 0.000000 0.090855 0.989240 -0.114675 4.378900 0.095314 0.105985 0.989789 0.000000 0.000000 0.000000 0.000000 1.000000
0.993051 -0.066154 -0.097329 0.000000 0.055317 0.992379 -0.110110 4.378900 0.103871 0.103961 0.989143 -0.000000 0.000000 0.000000 0.000000 1.000000
0.993572 -0.040297 -0.105787 0.000000 0.029251 0.994151 -0.103963 4.378900 0.109357 0.100200 0.988939 0.000000 0.000000 0.000000 0.000000 1.000000
0.993865 -0.025400 -0.107643 0.000000 0.014730 0.995000 -0.098783 4.378900 0.109614 0.096591 0.989270 0.000000 0.000000 0.000000 0.000000 1.000000
0.994478 -0.020089 -0.103004 0.000000 0.010344 0.995492 -0.094277 4.378900 0.104433 0.092691 0.990203 -0.000000 0.000000 0.000000 0.000000 1.000000
0.995290 -0.019895 -0.094882 -0.000000 0.011620 0.996143 -0.086973 4.378900 0.096246 0.085461 0.991682 0.000000 0.000000 0.000000 0.000000 1.000000
0.995959 -0.022248 -0.087005 0.000000 0.015325 0.996721 -0.079454 4.378900 0.088487 0.077800 0.993034 0.000000 0.000000 0.000000 0.000000 1.000000
0.996371 -0.024539 -0.081508 0.000000 0.018387 0.996985 -0.075385 4.378900 0.083112 0.073612 0.993818 0.000000 0.000000 0.000000 0.000000 1.000000
0.996664 -0.024666 -0.077796 0.000000 0.018908 0.997087 -0.073892 4.378900 0.079392 0.072174 0.994227 0.000000 0.000000 0.000000 0.000000 1.000000
0.997049 -0.023543 -0.073074 0.000000 0.018344 0.997307 -0.071014 4.378900 0.074549 0.069464 0.994795 -0.000000 0.000000 0.000000 0.000000 1.000000
0.997590 -0.022519 -0.065627 0.000000 0.018386 0.997850 -0.062910 4.378900 0.066902 0.061552 0.995859 0.000000 0.000000 0.000000 0.000000 1.000000
0.998141 -0.023110 -0.056397 0.000000 0.020139 0.998408 -0.052685 4.378900 0.057525 0.051451 0.997017 0.000000 0.000000 0.000000 0.000000 1.000000
0.998591 -0.024650 -0.046998 0.000000 0.022503 0.998703 -0.045666 4.378900 0.048062 0.044544 0.997851 0.000000 0.000000 0.000000 0.000000 1.000000
0.998988 -0.024827 -0.037501 -0.000000 0.023305 0.998908 -0.040505 4.378900 0.038466 0.039590 0.998475 0.000000 0.000000 0.000000 0.000000 1.000000
0.999361 -0.022915 -0.027422 0.000000 0.022009 0.999217 -0.032890 4.378900 0.028154 0.032266 0.999083 0.000000 0.000000 0.000000 0.000000 1.000000
0.999669 -0.019298 -0.017006 -0.000000 0.018897 0.999546 -0.023460 4.378900 0.017451 0.023131 0.999580 0.000000 0.000000 0.000000 0.000000 1.000000
0.999851 -0.015732 -0.007143 0.000000 0.015626 0.999770 -0.014688 4.378900 0.007373 0.014574 0.999867 0.000000 0.000000 0.000000 0.000000 1.000000
0.999924 -0.012256 0.001034 -0.000000 0.012265 0.999888 -0.008544 4.378900 -0.000929 0.008556 0.999963 -0.000000 0.000000 0.000000 0.000000 1.000000
0.999934 -0.009403 0.006549 0.000000 0.009434 0.999944 -0.004805 4.378900 -0.006503 0.004867 0.999967 0.000000 0.000000 0.000000 0.000000 1.000000
0.999917 -0.008870 0.009355 -0.000000 0.008911 0.999951 -0.004301 4.378900 -0.009317 0.004384 0.999947 0.000000 0.000000 0.000000 0.000000 1.000000
0.999874 -0.012174 0.010233 0.000000 0.012261 0.999889 -0.008456 4.378900 -0.010129 0.008581 0.999912 0.000000 0.000000 0.000000 0.000000 1.000000
0.999795 -0.016914 0.011129 0.000000 0.017079 0.999743 -0.014894 4.378900 -0.010874 0.015081 0.999827 -0.000000 0.000000 0.000000 0.000000 1.000000
0.999752 -0.018357 0.012577 0.000000 0.018584 0.999662 -0.018196 4.378900 -0.012239 0.018425 0.999755 0.000000 0.000000 0.000000 0.000000 1.000000
0.999779 -0.016483 0.013079 0.000000 0.016707 0.999713 -0.017166 4.378900 -0.012792 0.017380 0.999767 0.000000 0.000000 0.000000 0.000000 1.000000
0.999802 -0.015352 0.012695 -0.000000 0.015540 0.999770 -0.014808 4.378900 -0.012465 0.015003 0.999810 0.000000 0.000000 0.000000 0.000000 1.000000
0.999804 -0.015427 0.012378 0.000000 0.015598 0.999782 -0.013874 4.378900 -0.012161 0.014065 0.999827 0.000000 0.000000 0.000000 0.000000 1.000000
0.999814 -0.014750 0.012393 0.000000 0.014931 0.999782 -0.014603 4.378900 -0.012175 0.014785 0.999817 0.000000 0.000000 0.000000 0.000000 1.000000
0.999834 -0.013283 0.012457 0.000000 0.013482 0.999781 -0.015997 4.378900 -0.012242 0.016163 0.999794 -0.000000 0.000000 0.000000 0.000000 1.000000
0.999843 -0.012551 0.012494 -0.000000 0.012769 0.999765 -0.017511 4.378900 -0.012272 0.017668 0.999769 0.000000 0.000000 0.000000 0.000000 1.000000
0.999838 -0.012967 0.012489 0.000000 0.013202 0.999733 -0.018963 4.378900 -0.012240 0.019124 0.999742 -0.000000 0.000000 0.000000 0.000000 1.000000
0.999835 -0.013418 0.012233 -0.000000 0.013658 0.999712 -0.019739 4.378900 -0.011965 0.019902 0.999730 0.000000 0.000000 0.000000 0.000000 1.000000
