<?xml version="1.0" encoding="utf-8"?>
<COLLADA xmlns="http://www.collada.org/2005/11/COLLADASchema" version="1.4.1">
  <asset><contributor><author>Mixamo</author><authoring_tool>COLLADA Mixamo exporter</authoring_tool><comments></comments></contributor><created>2020-10-31T23:05:55Z</created><modified>2020-10-31T23:05:55Z</modified><revision></revision><title></title><unit meter="0.010000"/><up_axis>Y_UP</up_axis></asset>
  <library_animations>
    <animation id="mixamorig_Hips-anim" name="mixamorig_Hips"><source id="mixamorig_Hips-Matrix-animation-input"><float_array id="mixamorig_Hips-Matrix-animation-input-array" count="22">

0.000000 0.033333 0.066667 0.100000 0.133333 0.166667 0.200000 0.233333 0.266667 0.300000 0.333333 0.366667 0.400000 0.433333 0.466667 0.500000
0.533333 0.566667 0.600000 0.633333 0.666667 0.700000</float_array><technique_common><accessor source="#mixamorig_Hips-Matrix-animation-input-array" count="22"><param name="TIME" type="float"/></accessor></technique_common></source><source id="mixamorig_Hips-Matrix-animation-output-transform"><float_array id="mixamorig_Hips-Matrix-animation-output-transform-array" count="352">

0.996548 0.080444 -0.020505 0.038666 -0.082904 0.977205 -0.195441 42.139366 0.004315 0.196466 0.980501 0.022802 0.000000 0.000000 0.000000 1.000000
0.999490 0.014119 -0.028627 0.132994 -0.018650 0.986156 -0.164769 42.433960 0.025904 0.165219 0.985917 0.026094 0.000000 0.000000 0.000000 1.000000
0.996759 -0.075958 -0.026494 0.109524 0.070195 0.982103 -0.174774 43.417019 0.039295 0.172347 0.984252 0.146822 0.000000 0.000000 0.000000 1.000000
0.982783 -0.184762 -0.000780 0.071221 0.181588 0.966666 -0.180507 44.270226 0.034105 0.177257 0.983573 0.199839 0.000000 0.000000 0.000000 1.000000
0.979058 -0.200558 0.034951 0.056371 0.203551 0.961412 -0.185078 45.182602 0.003517 0.188317 0.982102 0.226539 0.000000 0.000000 0.000000 1.000000
0.988784 -0.142633 0.044293 0.021593 0.148513 0.970388 -0.190504 45.507538 -0.015809 0.194945 0.980687 0.179147 0.000000 0.000000 0.000000 1.000000
0.994942 -0.092744 0.038584 -0.005821 0.097609 0.983342 -0.153333 45.379982 -0.023721 0.156323 0.987421 0.013533 0.000000 0.000000 0.000000 1.000000
0.996584 -0.033532 0.075475 0.007115 0.043403 0.990138 -0.133199 44.817768 -0.070264 0.136020 0.988211 -0.042196 0.000000 0.000000 0.000000 1.000000
0.995019 -0.015120 0.098537 -0.016168 0.028943 0.989670 -0.140411 43.734188 -0.095396 0.142564 0.985178 -0.019294 0.000000 0.000000 0.000000 1.000000
0.995647 -0.020180 0.090991 -0.105862 0.035766 0.984260 -0.173071 42.915306 -0.086066 0.175572 0.980697 0.066502 0.000000 0.000000 0.000000 1.000000
0.997027 -0.026340 0.072417 -0.449827 0.039262 0.982277 -0.183278 42.044437 -0.066306 0.185576 0.980390 0.066745 0.000000 0.000000 0.000000 1.000000
0.997133 0.023537 0.071913 -0.844613 -0.010083 0.983245 -0.182010 42.023247 -0.074992 0.180763 0.980664 0.069700 0.000000 0.000000 0.000000 1.000000
0.993520 0.079442 0.081289 -0.849330 -0.063095 0.980347 -0.186921 42.838776 -0.094541 0.180581 0.979006 0.140191 0.000000 0.000000 0.000000 1.000000
0.993183 0.110928 0.035800 -0.738289 -0.102496 0.977385 -0.184968 44.047356 -0.055508 0.180038 0.982092 0.160594 0.000000 0.000000 0.000000 1.000000
0.992010 0.126099 0.003994 -0.501749 -0.123334 0.975948 -0.179764 44.931602 -0.026566 0.177835 0.983702 0.138761 0.000000 0.000000 0.000000 1.000000
0.998145 0.058739 0.016019 -0.470963 -0.055273 0.984553 -0.166136 45.478127 -0.025530 0.164943 0.985973 0.089991 0.000000 0.000000 0.000000 1.000000
0.998267 -0.056625 0.016001 -0.553213 0.058317 0.988324 -0.140764 45.681946 -0.007844 0.141453 0.989914 0.029522 0.000000 0.000000 0.000000 1.000000
0.998032 -0.062693 -0.001027 -0.543096 0.062124 0.990936 -0.119105 45.384979 0.008485 0.118807 0.992881 -0.061285 0.000000 0.000000 0.000000 1.000000
0.998934 -0.028157 -0.036588 -0.422275 0.023791 0.993112 -0.114724 44.664280 0.039566 0.113731 0.992723 -0.070770 0.000000 0.000000 0.000000 1.000000
0.998367 0.037827 -0.042818 -0.162420 -0.042970 0.991053 -0.126364 43.654095 0.037655 0.127997 0.991059 -0.058616 0.000000 0.000000 0.000000 1.000000
0.996568 0.079428 -0.023292 -0.066325 -0.082235 0.982113 -0.169385 42.681881 0.009422 0.170719 0.985275 -0.009226 0.000000 0.000000 0.000000 1.000000
0.996548 0.080444 -0.020505 0.038667 -0.082904 0.977205 -0.195441 42.139366 0.004315 0.196466 0.980501 0.022803 0.000000 0.000000 0.000000 1.000000</float_array><technique_common><accessor source="#mixamorig_Hips-Matrix-animation-output-transform-array" count="22" stride="16"><param type="float4x4"/></accessor></technique_common></source><source id="mixamorig_Hips-Interpolations"><Name_array id="mixamorig_Hips-Interpolations-array" count="22">
 LINEAR LINEAR LINEAR LINEAR LINEAR LINEAR LINEAR LINEAR LINEAR LINEAR LINEAR
LINEAR LINEAR LINEAR LINEAR LINEAR LINEAR LINEAR LINEAR LINEAR LINEAR LINEAR</Name_array><technique_common><accessor source="#mixamorig_Hips-Interpolations-array" count="22"><param type="name"/></accessor></technique_common></source><sampler id="mixamorig_Hips-Matrix-animation-transform"><input semantic="INPUT" source="#mixamorig_Hips-Matrix-animation-input"/><input semantic="OUTPUT" source="#mixamorig_Hips-Matrix-animation-output-transform"/><input semantic="INTERPOLATION" source="#mixamorig_Hips-Interpolations"/></sampler><channel source="#mixamorig_Hips-Matrix-animation-transform" target="mixamorig_Hips/matrix"/></animation>
    <animation id="mixamorig_Spine-anim" name="mixamorig_Spine"><source id="mixamorig_Spine-Matrix-animation-input"><float_array id="mixamorig_Spine-Matrix-animation-input-array" count="22">

0.000000 0.033333 0.066667 0.100000 0.133333 0.166667 0.200000 0.233333 0.266667 0.300000 0.333333 0.366667 0.400000 0.433333 0.466667 0.500000
0.533333 0.566667 0.600000 0.633333 0.666667 0.700000</float_array><technique_common><accessor source="#mixamorig_Spine-Matrix-animation-input-array" count="22"><param name="TIME" type="float"/></accessor></technique_common></source><source id="mixamorig_Spine-Matrix-animation-output-transform"><float_array id="mixamorig_Spine-Matrix-animation-output-transform-array" count="352">

0.992732 -0.117594 0.025591 0.000000 0.120215 0.978889 -0.165303 3.753200 -0.005613 0.167178 0.985911 -0.033300 0.000000 0.000000 0.000000 1.000000
0.993220 -0.034312 0.111068 0.000000 0.053583 0.983022 -0.175488 3.753200 -0.103161 0.180250 0.978196 -0.033300 0.000000 0.000000 0.000000 1.000000
0.984004 0.075423 0.161393 0.000000 -0.048816 0.985436 -0.162891 3.753200 -0.171328 0.152407 0.973354 -0.033300 0.000000 0.000000 0.000000 1.000000
0.958512 0.212188 0.190343 -0.000000 -0.181201 0.969031 -0.167767 3.753200 -0.220046 0.126317 0.967276 -0.033300 0.000000 0.000000 0.000000 1.000000
0.942325 0.237982 0.235347 0.000000 -0.206214 0.966660 -0.151803 3.753200 -0.263627 0.094515 0.959983 -0.033300 0.000000 0.000000 0.000000 1.000000
0.945056 0.182848 0.270990 0.000000 -0.155123 0.980505 -0.120606 3.753200 -0.287759 0.071943 0.954997 -0.033300 0.000000 0.000000 0.000000 1.000000
0.959451 0.128063 0.251104 0.000000 -0.100778 0.987801 -0.118710 3.753200 -0.263243 0.088591 0.960653 -0.033300 0.000000 0.000000 0.000000 1.000000
0.985375 0.049436 0.163071 0.000000 -0.031865 0.993568 -0.108659 3.753200 -0.167394 0.101874 0.980613 -0.033300 0.000000 0.000000 0.000000 1.000000
0.997087 0.020705 0.073404 0.000000 -0.012933 0.994408 -0.104811 3.753200 -0.075164 0.103556 0.991779 -0.033300 0.000000 0.000000 0.000000 1.000000
0.999714 0.023919 -0.000749 0.000000 -0.023839 0.992663 -0.118539 3.753200 -0.002091 0.118523 0.992949 -0.033300 0.000000 0.000000 0.000000 1.000000
0.996792 0.043027 -0.067482 -0.000000 -0.052100 0.988916 -0.139036 3.753200 0.060752 0.142106 0.987985 -0.033300 0.000000 0.000000 0.000000 1.000000
0.991072 -0.008596 -0.133048 0.000000 -0.012038 0.988075 -0.153505 3.753200 0.132781 0.153736 0.979150 -0.033300 0.000000 0.000000 0.000000 1.000000
0.976027 -0.072502 -0.205220 -0.000000 0.038077 0.985226 -0.166973 3.753200 0.214294 0.155156 0.964368 -0.033300 0.000000 0.000000 0.000000 1.000000
0.960875 -0.112012 -0.253323 -0.000000 0.070696 0.983469 -0.166706 3.753200 0.267808 0.142274 0.952910 -0.033300 0.000000 0.000000 0.000000 1.000000
0.934764 -0.152624 -0.320814 0.000000 0.101798 0.980221 -0.169718 3.753200 0.340372 0.125989 0.931812 -0.033300 0.000000 0.000000 0.000000 1.000000
0.915426 -0.081075 -0.394237 0.000000 0.027993 0.989955 -0.138584 3.753200 0.401512 0.115828 0.908500 -0.033300 0.000000 0.000000 0.000000 1.000000
0.906269 0.057884 -0.418720 -0.000000 -0.101121 0.991506 -0.081798 3.753200 0.410428 0.116473 0.904424 -0.033300 0.000000 0.000000 0.000000 1.000000
0.921590 0.061245 -0.383302 -0.000000 -0.109888 0.988243 -0.106306 3.753200 0.372285 0.140091 0.917485 -0.033300 0.000000 0.000000 0.000000 1.000000
0.951337 0.021633 -0.307394 -0.000000 -0.068683 0.987325 -0.143077 3.753200 0.300402 0.157227 0.940765 -0.033300 0.000000 0.000000 0.000000 1.000000
0.978304 -0.069964 -0.195004 0.000000 0.036043 0.984376 -0.172353 3.753200 0.204016 0.161585 0.965540 -0.033300 0.000000 0.000000 0.000000 1.000000
0.987905 -0.126049 -0.090304 -0.000000 0.109247 0.979105 -0.171520 3.753200 0.110037 0.159580 0.981033 -0.033300 0.000000 0.000000 0.000000 1.000000
0.992732 -0.117594 0.025591 -0.000000 0.120215 0.978889 -0.165303 3.753200 -0.005613 0.167178 0.985911 -0.033300 0.000000 0.000000 0.000000 1.000000</float_array><technique_common><accessor source="#mixamorig_Spine-Matrix-animation-output-transform-array" count="22" stride="16"><param type="float4x4"/></accessor></technique_common></source><source id="mixamorig_Spine-Interpolations"><Name_array id="mixamorig_Spine-Interpolations-array" count="22">
 LINEAR LINEAR LINEAR LINEAR LINEAR LINEAR LINEAR LINEAR LINEAR LINEAR LINEAR
LINEAR LINEAR LINEAR LINEAR LINEAR LINEAR LINEAR LINEAR LINEAR LINEAR LINEAR</Name_array><technique_common><accessor source="#mixamorig_Spine-Interpolations-array" count="22"><param type="name"/></accessor></technique_common></source><sampler id="mixamorig_Spine-Matrix-animation-transform"><input semantic="INPUT" source="#mixamorig_Spine-Matrix-animation-input"/><input semantic="OUTPUT" source="#mixamorig_Spine-Matrix-animation-output-transform"/><input semantic="INTERPOLATION" source="#mixamorig_Spine-Interpolations"/></sampler><channel source="#mixamorig_Spine-Matrix-animation-transform" target="mixamorig_Spine/matrix"/></animation>
    <animation id="mixamorig_Spine1-anim" name="mixamorig_Spine1"><source id="mixamorig_Spine1-Matrix-animation-input"><float_array id="mixamorig_Spine1-Matrix-animation-input-array" count="22">

0.000000 0.033333 0.066667 0.100000 0.133333 0.166667 0.200000 0.233333 0.266667 0.300000 0.333333 0.366667 0.400000 0.433333 0.466667 0.500000
0.533333 0.566667 0.600000 0.633333 0.666667 0.700000</float_array><technique_common><accessor source="#mixamorig_Spine1-Matrix-animation-input-array" count="22"><param name="TIME" type="float"/></accessor></technique_common></source><source id="mixamorig_Spine1-Matrix-animation-output-transform"><float_array id="mixamorig_Spine1-Matrix-animation-output-transform-array" count="352">

0.999960 -0.008867 -0.000899 -0.000000 0.008830 0.999334 -0.035408 4.378900 0.001212 0.035398 0.999373 -0.000000 0.000000 0.000000 0.000000 1.000000
0.998894 -0.003648 0.046880 0.000000 0.005651 0.999073 -0.042671 4.378900 -0.046680 0.042889 0.997989 -0.000000 0.000000 0.000000 0.000000 1.000000
0.997285 0.001607 0.073622 0.000000 0.000709 0.999506 -0.031409 4.378900 -0.073636 0.031376 0.996791 0.000000 0.000000 0.000000 0.000000 1.000000
0.996321 0.007822 0.085343 -0.000000 -0.006029 0.999756 -0.021248 4.378900 -0.085488 0.020655 0.996125 0.000000 0.000000 0.000000 0.000000 1.000000
0.995111 0.012640 0.097948 0.000000 -0.011855 0.999893 -0.008595 4.378900 -0.098046 0.007391 0.995154 0.000000 0.000000 0.000000 0.000000 1.000000
0.994503 0.006620 0.104495 -0.000000 -0.006950 0.999972 0.002795 4.378900 -0.104473 -0.003506 0.994522 0.000000 0.000000 0.000000 0.000000 1.000000
0.995413 0.005279 0.095521 -0.000000 -0.005072 0.999984 -0.002411 4.378900 -0.095533 0.001916 0.995424 0.000000 0.000000 0.000000 0.000000 1.000000
0.997215 0.010653 0.073822 0.000000 -0.010275 0.999932 -0.005503 4.378900 -0.073876 0.004729 0.997256 0.000000 0.000000 0.000000 0.000000 1.000000
0.998581 0.018128 0.050077 -0.000000 -0.017928 0.999829 -0.004442 4.378900 -0.050149 0.003538 0.998735 0.000000 0.000000 0.000000 0.000000 1.000000
0.999557 0.024160 0.017397 0.000000 -0.024058 0.999692 -0.006042 4.378900 -0.017538 0.005621 0.999830 -0.000000 0.000000 0.000000 0.000000 1.000000
0.999545 0.024138 -0.018060 0.000000 -0.024310 0.999661 -0.009337 4.378900 0.017829 0.009772 0.999793 -0.000000 0.000000 0.000000 0.000000 1.000000
0.998369 0.015891 -0.054840 0.000000 -0.016669 0.999766 -0.013760 4.378900 0.054608 0.014651 0.998400 0.000000 0.000000 0.000000 0.000000 1.000000
0.995126 0.005696 -0.098451 0.000000 -0.007393 0.999830 -0.016884 4.378900 0.098338 0.017530 0.994999 -0.000000 0.000000 0.000000 0.000000 1.000000
0.991928 -0.002406 -0.126777 0.000000 0.000796 0.999918 -0.012750 4.378900 0.126798 0.012546 0.991849 0.000000 0.000000 0.000000 0.000000 1.000000
0.989353 -0.003485 -0.145497 -0.000000 0.002321 0.999964 -0.008172 4.378900 0.145520 0.007747 0.989325 0.000000 0.000000 0.000000 0.000000 1.000000
0.988340 -0.000750 -0.152258 0.000000 -0.000354 0.999974 -0.007222 4.378900 0.152260 0.007191 0.988314 0.000000 0.000000 0.000000 0.000000 1.000000
0.987483 0.005708 -0.157623 0.000000 -0.006932 0.999950 -0.007215 4.378900 0.157574 0.008218 0.987473 0.000000 0.000000 0.000000 0.000000 1.000000
0.988254 0.013930 -0.152184 0.000000 -0.016536 0.999737 -0.015869 4.378900 0.151923 0.018199 0.988225 0.000000 0.000000 0.000000 0.000000 1.000000
0.991430 0.004233 -0.130573 0.000000 -0.007878 0.999593 -0.027408 4.378900 0.130404 0.028202 0.991060 0.000000 0.000000 0.000000 0.000000 1.000000
0.995155 -0.004852 -0.098197 0.000000 0.001854 0.999530 -0.030593 4.378900 0.098299 0.030262 0.994697 0.000000 0.000000 0.000000 0.000000 1.000000
0.998329 -0.006195 -0.057454 0.000000 0.004415 0.999508 -0.031066 4.378900 0.057618 0.030760 0.997865 0.000000 0.000000 0.000000 0.000000 1.000000
0.999960 -0.008867 -0.000899 0.000000 0.008830 0.999334 -0.035408 4.378900 0.001212 0.035398 0.999373 0.000000 0.000000 0.000000 0.000000 1.000000</float_array><technique_common><accessor source="#mixamorig_Spine1-Matrix-animation-output-transform-array" count="22" stride="16"><param type="float4x4"/></accessor></technique_common></source><source id="mixamorig_Spine1-Interpolations"><Name_array id="mixamorig_Spine1-Interpolations-array" count="22">
 LINEAR LINEAR LINEAR LINEAR LINEAR LINEAR LINEAR LINEAR LINEAR LINEAR LINEAR
LINEAR LINEAR LINEAR LINEAR LINEAR LINEAR LINEAR LINEAR LINEAR LINEAR LINEAR</Name_array><technique_common><accessor source="#mixamorig_Spine1-Interpolations-array" count="22"><param type="name"/></accessor></technique_common></source><sampler id="mixamorig_Spine1-Matrix-animation-transform"><input semantic="INPUT" source="#mixamorig_Spine1-Matrix-animation-input"/><input semantic="OUTPUT" source="#mixamorig_Spine1-Matrix-animation-output-transform"/><input semantic="INTERPOLATION" source="#mixamorig_Spine1-Interpolations"/></sampler><channel source="#mixamorig_Spine1-Matrix-animation-transform" target="mixamorig_Spine1/matrix"/></animation>
    <animation id="mixamorig_Spine2-anim" name="mixamorig_Spine2"><source id="mixamorig_Spine2-Matrix-animation-input"><float_array id="mixamorig_Spine2-Matrix-animation-input-array" count="22">

0.000000 0.033333 0.066667 0.100000 0.133333 0.166667 0.200000 0.233333 0.266667 0.300000 0.333333 0.366667 0.400000 0.433333 0.466667 0.500000
0.533333 0.566667 0.600000 0.633333 0.666667 0.700000</float_array><technique_common><accessor source="#mixamorig_Spine2-Matrix-animation-input-array" count="22"><param name="TIME" type="float"/></accessor></technique_common></source><source id="mixamorig_Spine2-Matrix-animation-output-transform"><float_array id="mixamorig_Spine2-Matrix-animation-output-transform-array" count="352">

0.999994 -0.003248 -0.000946 0.000000 0.003153 0.996209 -0.086933 5.004500 0.001224 0.086930 0.996214 0.000000 0.000000 0.000000 0.000000 1.000000
0.998873 0.002375 0.047411 0.000000 0.002093 0.995574 -0.093956 5.004500 -0.047424 0.093950 0.994447 0.000000 0.000000 0.000000 0.000000 1.000000
0.997187 0.007825 0.074545 0.000000 -0.001723 0.996666 -0.081571 5.004500 -0.074935 0.081213 0.993876 0.000000 0.000000 0.000000 0.000000 1.000000
0.996159 0.014442 0.086360 0.000000 -0.008404 0.997520 -0.069875 5.004500 -0.087155 0.068880 0.993811 -0.000000 0.000000 0.000000 0.000000 1.000000
0.994934 0.019883 0.098548 -0.000000 -0.014371 0.998309 -0.056334 5.004500 -0.099501 0.054632 0.993537 -0.000000 0.000000 0.000000 0.000000 1.000000
0.994388 0.013995 0.104861 0.000000 -0.009292 0.998934 -0.045208 5.004500 -0.105382 0.043980 0.993459 -0.000000 0.000000 0.000000 0.000000 1.000000
0.995305 0.012926 0.095917 0.000000 -0.007996 0.998636 -0.051606 5.004500 -0.096453 0.050597 0.994051 0.000000 0.000000 0.000000 0.000000 1.000000
0.997089 0.018207 0.074040 0.000000 -0.014066 0.998328 -0.056073 5.004500 -0.074937 0.054868 0.995678 -0.000000 0.000000 0.000000 0.000000 1.000000
0.998431 0.025145 0.050028 -0.000000 -0.022355 0.998205 -0.055556 5.004500 -0.051335 0.054351 0.997201 0.000000 0.000000 0.000000 0.000000 1.000000
0.999396 0.030237 0.017140 -0.000000 -0.029210 0.997932 -0.057265 5.004500 -0.018836 0.056730 0.998212 0.000000 0.000000 0.000000 0.000000 1.000000
0.999401 0.029016 -0.018850 0.000000 -0.030111 0.997705 -0.060647 5.004500 0.017047 0.061178 0.997981 0.000000 0.000000 0.000000 0.000000 1.000000
0.998278 0.019105 -0.055460 -0.000000 -0.022698 0.997634 -0.064888 5.004500 0.054089 0.066035 0.996350 0.000000 0.000000 0.000000 0.000000 1.000000
0.995094 0.008096 -0.098607 -0.000000 -0.014795 0.997617 -0.067394 5.004500 0.097827 0.068522 0.992842 0.000000 0.000000 0.000000 0.000000 1.000000
0.991917 -0.000541 -0.126891 0.000000 -0.007401 0.998042 -0.062105 5.004500 0.126676 0.062542 0.989971 -0.000000 0.000000 0.000000 0.000000 1.000000
0.989318 -0.001282 -0.145765 0.000000 -0.006896 0.998430 -0.055587 5.004500 0.145607 0.055998 0.987756 0.000000 0.000000 0.000000 0.000000 1.000000
0.988359 0.001955 -0.152124 -0.000000 -0.010391 0.998450 -0.054683 5.004500 0.151781 0.055627 0.986848 0.000000 0.000000 0.000000 0.000000 1.000000
0.987502 0.009061 -0.157348 0.000000 -0.018014 0.998292 -0.055567 5.004500 0.156575 0.057707 0.985979 -0.000000 0.000000 0.000000 0.000000 1.000000
0.988177 0.018004 -0.152259 0.000000 -0.028001 0.997572 -0.063768 5.004500 0.150741 0.067277 0.986281 -0.000000 0.000000 0.000000 0.000000 1.000000
0.991366 0.008745 -0.130830 0.000000 -0.018783 0.996954 -0.075693 5.004500 0.129769 0.077497 0.988511 0.000000 0.000000 0.000000 0.000000 1.000000
0.995136 -0.000027 -0.098509 -0.000000 -0.007863 0.996787 -0.079709 5.004500 0.098195 0.080096 0.991939 0.000000 0.000000 0.000000 0.000000 1.000000
0.998328 -0.000752 -0.057792 0.000000 -0.003962 0.996673 -0.081406 5.004500 0.057661 0.081499 0.995004 0.000000 0.000000 0.000000 0.000000 1.000000
0.999994 -0.003248 -0.000946 0.000000 0.003153 0.996209 -0.086933 5.004500 0.001224 0.086930 0.996214 0.000000 0.000000 0.000000 0.000000 1.000000</float_array><technique_common><accessor source="#mixamorig_Spine2-Matrix-animation-output-transform-array" count="22" stride="16"><param type="float4x4"/></accessor></technique_common></source><source id="mixamorig_Spine2-Interpolations"><Name_array id="mixamorig_Spine2-Interpolations-array" count="22">
 LINEAR LINEAR LINEAR LINEAR LINEAR LINEAR LINEAR LINEAR LINEAR LINEAR LINEAR
LINEAR LINEAR LINEAR LINEAR LINEAR LINEAR LINEAR LINEAR LINEAR LINEAR LINEAR</Name_array><technique_common><accessor source="#mixamorig_Spine2-Interpolations-array" count="22"><param type="name"/></accessor></technique_common></source><sampler id="mixamorig_Spine2-Matrix-animation-transform"><input semantic="INPUT" source="#mixamorig_Spine2-Matrix-animation-input"/><input semantic="OUTPUT" source="#mixamorig_Spine2-Matrix-animation-output-transform"/><input semantic="INTERPOLATION" source="#mixamorig_Spine2-Interpolations"/></sampler><channel source="#mixamorig_Spine2-Matrix-animation-transform" target="mixamorig_Spine2/matrix"/></animation>
    <animation id="mixamorig_Neck-anim" name="mixamorig_Neck"><source id="mixamorig_Neck-Matrix-animation-input"><float_array id="mixamorig_Neck-Matrix-animation-input-array" count="22">

0.000000 0.033333 0.066667 0.100000 0.133333 0.166667 0.200000 0.233333 0.266667 0.300000 0.333333 0.366667 0.400000 0.433333 0.466667 0.500000
0.533333 0.566667 0.600000 0.633333 0.666667 0.700000</float_array><technique_common><accessor source="#mixamorig_Neck-Matrix-animation-input-array" count="22"><param name="TIME" type="float"/></accessor></technique_common></source><source id="mixamorig_Neck-Matrix-animation-output-transform"><float_array id="mixamorig_Neck-Matrix-animation-output-transform-array" count="352">

0.999970 0.004850 -0.005963 0.000000 -0.004496 0.998298 0.058145 5.630100 0.006235 -0.058116 0.998290 -0.000000 0.000000 0.000000 0.000000 1.000000
0.999451 0.001539 -0.033081 0.000000 0.000159 0.998685 0.051268 5.630100 0.033117 -0.051245 0.998137 0.000000 0.000000 0.000000 0.000000 1.000000
0.998808 0.024033 -0.042475 0.000000 -0.022401 0.999008 0.038493 5.630100 0.043358 -0.037496 0.998356 0.000000 0.000000 0.000000 0.000000 1.000000
0.998440 0.001062 -0.055820 0.000000 0.001052 0.999284 0.037822 5.630100 0.055820 -0.037822 0.997724 0.000000 0.000000 0.000000 0.000000 1.000000
0.997804 0.000383 -0.066231 0.000000 0.001457 0.999614 0.027735 5.630100 0.066216 -0.027771 0.997419 -0.000000 0.000000 0.000000 0.000000 1.000000
0.997510 0.027251 -0.065054 -0.000000 -0.026561 0.999582 0.011446 5.630100 0.065339 -0.009689 0.997816 -0.000000 0.000000 0.000000 0.000000 1.000000
0.997994 0.017706 -0.060787 -0.000000 -0.016906 0.999764 0.013653 5.630100 0.061014 -0.012598 0.998057 0.000000 0.000000 0.000000 0.000000 1.000000
0.998711 0.015572 -0.048306 0.000000 -0.014853 0.999774 0.015202 5.630100 0.048532 -0.014465 0.998717 0.000000 0.000000 0.000000 0.000000 1.000000
0.999365 0.012953 -0.033180 -0.000000 -0.012267 0.999709 0.020794 5.630100 0.033440 -0.020373 0.999233 0.000000 0.000000 0.000000 0.000000 1.000000
0.999843 0.001727 -0.017623 0.000000 -0.000955 0.999041 0.043771 5.630100 0.017682 -0.043747 0.998886 -0.000000 0.000000 0.000000 0.000000 1.000000
0.999684 -0.025064 -0.001698 0.000000 0.025119 0.998207 0.054331 5.630100 0.000334 -0.054356 0.998522 0.000000 0.000000 0.000000 0.000000 1.000000
0.999763 -0.007244 0.020518 0.000000 0.006389 0.999122 0.041407 5.630100 -0.020800 -0.041267 0.998932 0.000000 0.000000 0.000000 0.000000 1.000000
0.998745 -0.035298 0.035540 -0.000000 0.034115 0.998861 0.033371 5.630100 -0.036677 -0.032117 0.998811 -0.000000 0.000000 0.000000 0.000000 1.000000
0.997978 -0.027544 0.057276 -0.000000 0.025485 0.999013 0.036370 5.630100 -0.058222 -0.034837 0.997696 0.000000 0.000000 0.000000 0.000000 1.000000
0.996738 0.001946 0.080686 0.000000 -0.005723 0.998897 0.046610 5.630100 -0.080506 -0.046920 0.995649 0.000000 0.000000 0.000000 0.000000 1.000000
0.996210 -0.012509 0.086080 -0.000000 0.009511 0.999337 0.035144 5.630100 -0.086463 -0.034192 0.995668 -0.000000 0.000000 0.000000 0.000000 1.000000
0.995533 -0.045314 0.082830 -0.000000 0.044438 0.998935 0.012388 5.630100 -0.083303 -0.008652 0.996487 0.000000 0.000000 0.000000 0.000000 1.000000
0.995363 -0.055968 0.078237 0.000000 0.054980 0.998379 0.014728 5.630100 -0.078934 -0.010358 0.996826 0.000000 0.000000 0.000000 0.000000 1.000000
0.996859 -0.033754 0.071638 0.000000 0.031218 0.998856 0.036231 5.630100 -0.072779 -0.033881 0.996772 0.000000 0.000000 0.000000 0.000000 1.000000
0.998311 -0.000334 0.058088 -0.000000 -0.002840 0.998507 0.054554 5.630100 -0.058019 -0.054627 0.996820 -0.000000 0.000000 0.000000 0.000000 1.000000
0.999499 0.008562 0.030467 0.000000 -0.010291 0.998318 0.057048 5.630100 -0.029927 -0.057333 0.997906 0.000000 0.000000 0.000000 0.000000 1.000000
0.999970 0.004850 -0.005963 0.000000 -0.004496 0.998298 0.058145 5.630100 0.006235 -0.058116 0.998290 0.000000 0.000000 0.000000 0.000000 1.000000</float_array><technique_common><accessor source="#mixamorig_Neck-Matrix-animation-output-transform-array" count="22" stride="16"><param type="float4x4"/></accessor></technique_common></source><source id="mixamorig_Neck-Interpolations"><Name_array id="mixamorig_Neck-Interpolations-array" count="22">
 LINEAR LINEAR LINEAR LINEAR LINEAR LINEAR LINEAR LINEAR LINEAR LINEAR LINEAR
LINEAR LINEAR LINEAR LINEAR LINEAR LINEAR LINEAR LINEAR LINEAR LINEAR LINEAR</Name_array><technique_common><accessor source="#mixamorig_Neck-Interpolations-array" count="22"><param type="name"/></accessor></technique_common></source><sampler id="mixamorig_Neck-Matrix-animation-transform"><input semantic="INPUT" source="#mixamorig_Neck-Matrix-animation-input"/><input semantic="OUTPUT" source="#mixamorig_Neck-Matrix-animation-output-transform"/><input semantic="INTERPOLATION" source="#mixamorig_Neck-Interpolations"/></sampler><channel source="#mixamorig_Neck-Matrix-animation-transform" target="mixamorig_Neck/matrix"/></animation>
    <animation id="mixamorig_Head-anim" name="mixamorig_Head"><source id="mixamorig_Head-Matrix-animation-input"><float_array id="mixamorig_Head-Matrix-animation-input-array" count="22">

0.000000 0.033333 0.066667 0.100000 0.133333 0.166667 0.200000 0.233333 0.266667 0.300000 0.333333 0.366667 0.400000 0.433333 0.466667 0.500000
0.533333 0.566667 0.600000 0.633333 0.666667 0.700000</float_array><technique_common><accessor source="#mixamorig_Head-Matrix-animation-input-array" count="22"><param name="TIME" type="float"/></accessor></technique_common></source><source id="mixamorig_Head-Matrix-animation-output-transform"><float_array id="mixamorig_Head-Matrix-animation-output-transform-array" count="352">

0.998399 0.054764 0.014124 -0.000000 -0.056531 0.958949 0.277887 1.432200 0.001674 -0.278240 0.960510 -0.476100 0.000000 0.000000 0.000000 1.000000
0.989400 0.074373 -0.124724 0.000000 -0.039607 0.964536 0.260961 1.432200 0.139709 -0.253255 0.957258 -0.476100 0.000000 0.000000 0.000000 1.000000
0.971698 0.020755 -0.235311 0.000000 0.025127 0.981400 0.190323 1.432200 0.234885 -0.190849 0.953103 -0.476100 0.000000 0.000000 0.000000 1.000000
0.952070 -0.005717 -0.305826 0.000000 0.047649 0.990392 0.129822 1.432200 0.302145 -0.138172 0.943195 -0.476100 0.000000 0.000000 0.000000 1.000000
0.917800 -0.036765 -0.395336 0.000000 0.074311 0.994015 0.080078 1.432200 0.390026 -0.102874 0.915039 -0.476100 0.000000 0.000000 0.000000 1.000000
0.896920 -0.064710 -0.437432 -0.000000 0.087056 0.995715 0.031204 1.432200 0.433539 -0.066068 0.898710 -0.476100 0.000000 0.000000 0.000000 1.000000
0.915019 -0.058461 -0.399153 0.000000 0.068296 0.997610 0.010449 1.432200 0.397588 -0.036822 0.916825 -0.476100 0.000000 0.000000 0.000000 1.000000
0.944794 -0.049934 -0.323837 -0.000000 0.060101 0.997962 0.021463 1.432200 0.322105 -0.039741 0.945869 -0.476100 0.000000 0.000000 0.000000 1.000000
0.972025 -0.043426 -0.230828 -0.000000 0.055662 0.997354 0.046763 1.432200 0.228187 -0.058303 0.971870 -0.476100 0.000000 0.000000 0.000000 1.000000
0.991883 -0.023806 -0.124905 0.000000 0.039931 0.990940 0.128233 1.432200 0.120720 -0.132180 0.983847 -0.476100 0.000000 0.000000 0.000000 1.000000
0.999641 -0.024603 0.010616 0.000000 0.021865 0.977981 0.207544 1.432200 -0.015488 -0.207237 0.978168 -0.476100 0.000000 0.000000 0.000000 1.000000
0.993009 -0.041417 0.110538 0.000000 0.016527 0.975983 0.217218 1.432200 -0.116879 -0.213873 0.969844 -0.476100 0.000000 0.000000 0.000000 1.000000
0.969125 -0.017091 0.245977 -0.000000 -0.036029 0.977072 0.209841 1.432200 -0.243923 -0.212224 0.946289 -0.476100 0.000000 0.000000 0.000000 1.000000
0.929141 -0.000617 0.369726 0.000000 -0.067609 0.982854 0.171545 1.432200 -0.363493 -0.184386 0.913168 -0.476100 0.000000 0.000000 0.000000 1.000000
0.885980 0.006699 0.463675 0.000000 -0.065702 0.991622 0.111217 1.432200 -0.459045 -0.129000 0.878998 -0.476100 0.000000 0.000000 0.000000 1.000000
0.853810 0.024106 0.520027 0.000000 -0.067856 0.995558 0.065260 1.432200 -0.516144 -0.091007 0.851653 -0.476100 0.000000 0.000000 0.000000 1.000000
0.844130 0.035657 0.534951 0.000000 -0.078285 0.995289 0.057190 1.432200 -0.530392 -0.090154 0.842945 -0.476100 0.000000 0.000000 0.000000 1.000000
0.858920 0.020918 0.511682 0.000000 -0.079488 0.992502 0.092855 1.432200 -0.505903 -0.120427 0.854143 -0.476100 0.000000 0.000000 0.000000 1.000000
0.893553 0.005191 0.448928 0.000000 -0.076349 0.987125 0.140552 1.432200 -0.442419 -0.159866 0.882445 -0.476100 0.000000 0.000000 0.000000 1.000000
0.943098 0.003113 0.332499 0.000000 -0.062970 0.983534 0.169399 1.432200 -0.326497 -0.180698 0.927765 -0.476100 0.000000 0.000000 0.000000 1.000000
0.982797 0.010230 0.184404 0.000000 -0.050468 0.975338 0.214869 1.432200 -0.177658 -0.220479 0.959076 -0.476100 0.000000 0.000000 0.000000 1.000000
0.998399 0.054764 0.014124 0.000000 -0.056531 0.958949 0.277887 1.432200 0.001674 -0.278240 0.960510 -0.476100 0.000000 0.000000 0.000000 1.000000</float_array><technique_common><accessor source="#mixamorig_Head-Matrix-animation-output-transform-array" count="22" stride="16"><param type="float4x4"/></accessor></technique_common></source><source id="mixamorig_Head-Interpolations"><Name_array id="mixamorig_Head-Interpolations-array" count="22">
 LINEAR LINEAR LINEAR LINEAR LINEAR LINEAR LINEAR LINEAR LINEAR LINEAR LINEAR
LINEAR LINEAR LINEAR LINEAR LINEAR LINEAR LINEAR LINEAR LINEAR LINEAR LINEAR</Name_array><technique_common><accessor source="#mixamorig_Head-Interpolations-array" count="22"><param type="name"/></accessor></technique_common></source><sampler id="mixamorig_Head-Matrix-animation-transform"><input semantic="INPUT" source="#mixamorig_Head-Matrix-animation-input"/><input semantic="OUTPUT" source="#mixamorig_Head-Matrix-animation-output-transform"/><input semantic="INTERPOLATION" source="#mixamorig_Head-Interpolations"/></sampler><channel source="#mixamorig_Head-Matrix-animation-transform" target="mixamorig_Head/matrix"/></animation>
    <animation id="mixamorig_LeftShoulder-anim" name="mixamorig_LeftShoulder"><source id="mixamorig_LeftShoulder-Matrix-animation-input"><float_array id="mixamorig_LeftShoulder-Matrix-animation-input-array" count="22">

0.000000 0.033333 0.066667 0.100000 0.133333 0.166667 0.200000 0.233333 0.266667 0.300000 0.333333 0.366667 0.400000 0.433333 0.466667 0.500000
0.533333 0.566667 0.600000 0.633333 0.666667 0.700000</float_array><technique_common><accessor source="#mixamorig_LeftShoulder-Matrix-animation-input-array" count="22"><param name="TIME" type="float"/></accessor></technique_common></source><source id="mixamorig_LeftShoulder-Matrix-animation-output-transform"><float_array id="mixamorig_LeftShoulder-Matrix-animation-output-transform-array" count="352">

0.070616 0.909620 -0.409397 2.974200 0.010388 -0.411069 -0.911545 4.916500 -0.997449 0.060117 -0.038477 -0.009000 0.000000 0.000000 0.000000 1.000000
0.069609 0.918491 -0.389267 2.974200 0.010488 -0.390866 -0.920388 4.916500 -0.997519 0.059984 -0.036841 -0.009000 0.000000 0.000000 0.000000 1.000000
0.023713 0.934355 -0.355555 2.974200 0.009980 -0.355858 -0.934487 4.916500 -0.999669 0.018611 -0.017763 -0.009000 0.000000 0.000000 0.000000 1.000000
-0.018990 0.949912 -0.311939 2.974200 0.007480 -0.311852 -0.950101 4.916500 -0.999792 -0.020376 -0.001184 -0.009000 0.000000 0.000000 0.000000 1.000000
-0.015279 0.968799 -0.247377 2.974200 0.005116 -0.247327 -0.968919 4.916500 -0.999870 -0.016069 -0.001177 -0.009000 0.000000 0.000000 0.000000 1.000000
-0.010177 0.976589 -0.214872 2.974200 0.002332 -0.214859 -0.976642 4.916500 -0.999945 -0.010440 -0.000091 -0.009000 0.000000 0.000000 0.000000 1.000000
-0.017353 0.977929 -0.208214 2.974200 0.000222 -0.208242 -0.978077 4.916500 -0.999849 -0.017019 0.003397 -0.009000 0.000000 0.000000 0.000000 1.000000
0.005680 0.972907 -0.231129 2.974200 0.006176 -0.231162 -0.972896 4.916500 -0.999965 0.004099 -0.007322 -0.009000 0.000000 0.000000 0.000000 1.000000
0.064316 0.946957 -0.314858 2.974200 0.010656 -0.316145 -0.948651 4.916500 -0.997873 0.057659 -0.030424 -0.009000 0.000000 0.000000 0.000000 1.000000
0.136696 0.897462 -0.419376 2.974200 0.008712 -0.424423 -0.905422 4.916500 -0.990575 0.120114 -0.065836 -0.009000 0.000000 0.000000 0.000000 1.000000
0.153592 0.880593 -0.448292 2.974200 0.006709 -0.454594 -0.890673 4.916500 -0.988112 0.133793 -0.075730 -0.009000 0.000000 0.000000 0.000000 1.000000
0.164893 0.883399 -0.438653 2.974200 0.006840 -0.445755 -0.895129 4.916500 -0.986288 0.144600 -0.079545 -0.009000 0.000000 0.000000 0.000000 1.000000
0.187388 0.909188 -0.371837 2.974200 0.010437 -0.380364 -0.924778 4.916500 -0.982231 0.169411 -0.080765 -0.009000 0.000000 0.000000 0.000000 1.000000
0.158484 0.931007 -0.328799 2.974200 0.012854 -0.334925 -0.942157 4.916500 -0.987278 0.145091 -0.065048 -0.009000 0.000000 0.000000 0.000000 1.000000
0.114752 0.943385 -0.311219 2.974200 0.012440 -0.314628 -0.949133 4.916500 -0.993316 0.105044 -0.047840 -0.009000 0.000000 0.000000 0.000000 1.000000
0.090032 0.952601 -0.290595 2.974200 0.011933 -0.292791 -0.956102 4.916500 -0.995867 0.082612 -0.037728 -0.009000 0.000000 0.000000 0.000000 1.000000
0.079042 0.958860 -0.272655 2.974200 0.011604 -0.274377 -0.961552 4.916500 -0.996804 0.072839 -0.032814 -0.009000 0.000000 0.000000 0.000000 1.000000
0.080806 0.958323 -0.274022 2.974200 0.011700 -0.275814 -0.961140 4.916500 -0.996661 0.074460 -0.033500 -0.009000 0.000000 0.000000 0.000000 1.000000
0.078914 0.947188 -0.310818 2.974200 0.011265 -0.312618 -0.949812 4.916500 -0.996818 0.071452 -0.035340 -0.009000 0.000000 0.000000 0.000000 1.000000
0.084315 0.926965 -0.365551 2.974200 0.010772 -0.367684 -0.929888 4.916500 -0.996381 0.074465 -0.040986 -0.009000 0.000000 0.000000 0.000000 1.000000
0.065713 0.919987 -0.386400 2.974200 0.010563 -0.387857 -0.921659 4.916500 -0.997783 0.056484 -0.035205 -0.009000 0.000000 0.000000 0.000000 1.000000
0.070616 0.909620 -0.409397 2.974200 0.010388 -0.411070 -0.911545 4.916500 -0.997449 0.060117 -0.038477 -0.009000 0.000000 0.000000 0.000000 1.000000</float_array><technique_common><accessor source="#mixamorig_LeftShoulder-Matrix-animation-output-transform-array" count="22" stride="16"><param type="float4x4"/></accessor></technique_common></source><source id="mixamorig_LeftShoulder-Interpolations"><Name_array id="mixamorig_LeftShoulder-Interpolations-array" count="22">
 LINEAR LINEAR LINEAR LINEAR LINEAR LINEAR LINEAR LINEAR LINEAR LINEAR LINEAR
LINEAR LINEAR LINEAR LINEAR LINEAR LINEAR LINEAR LINEAR LINEAR LINEAR LINEAR</Name_array><technique_common><accessor source="#mixamorig_LeftShoulder-Interpolations-array" count="22"><param type="name"/></accessor></technique_common></source><sampler id="mixamorig_LeftShoulder-Matrix-animation-transform"><input semantic="INPUT" source="#mixamorig_LeftShoulder-Matrix-animation-input"/><input semantic="OUTPUT" source="#mixamorig_LeftShoulder-Matrix-animation-output-transform"/><input semantic="INTERPOLATION" source="#mixamorig_LeftShoulder-Interpolations"/></sampler><channel source="#mixamorig_LeftShoulder-Matrix-animation-transform" target="mixamorig_LeftShoulder/matrix"/></animation>
    <animation id="mixamorig_LeftArm-anim" name="mixamorig_LeftArm"><source id="mixamorig_LeftArm-Matrix-animation-input"><float_array id="mixamorig_LeftArm-Matrix-animation-input-array" count="22">

0.000000 0.033333 0.066667 0.100000 0.133333 0.166667 0.200000 0.233333 0.266667 0.300000 0.333333 0.366667 0.400000 0.433333 0.466667 0.500000
0.533333 0.566667 0.600000 0.633333 0.666667 0.700000</float_array><technique_common><accessor source="#mixamorig_LeftArm-Matrix-animation-input-array" count="22"><param name="TIME" type="float"/></accessor></technique_common></source><source id="mixamorig_LeftArm-Matrix-animation-output-transform"><float_array id="mixamorig_LeftArm-Matrix-animation-output-transform-array" count="352">

0.967186 0.160048 0.197320 -0.000000 0.022986 0.718336 -0.695316 6.233500 -0.253027 0.677036 0.691086 0.000000 0.000000 0.000000 0.000000 1.000000
0.943942 0.243932 0.222421 0.000000 -0.031170 0.736625 -0.675583 6.233500 -0.328637 0.630778 0.702934 0.000000 0.000000 0.000000 0.000000 1.000000
0.882441 0.344008 0.320868 0.000000 -0.056433 0.754570 -0.653789 6.233500 -0.467026 0.558822 0.685277 0.000000 0.000000 0.000000 0.000000 1.000000
0.814551 0.405472 0.414849 -0.000000 -0.072188 0.780436 -0.621055 6.233500 -0.575583 0.475933 0.664975 0.000000 0.000000 0.000000 0.000000 1.000000
0.739304 0.459104 0.492598 -0.000000 -0.067702 0.778511 -0.623969 6.233500 -0.669959 0.427953 0.606639 0.000000 0.000000 0.000000 0.000000 1.000000
0.684977 0.510309 0.519992 -0.000000 -0.082910 0.763683 -0.640246 6.233500 -0.723832 0.395441 0.565415 -0.000000 0.000000 0.000000 0.000000 1.000000
0.676607 0.559384 0.478845 -0.000000 -0.119457 0.725072 -0.678233 6.233500 -0.726590 0.401696 0.557411 0.000000 0.000000 0.000000 0.000000 1.000000
0.718394 0.579608 0.384661 0.000000 -0.157899 0.674396 -0.721289 6.233500 -0.677479 0.457432 0.576002 0.000000 0.000000 0.000000 0.000000 1.000000
0.814800 0.518587 0.259169 0.000000 -0.204213 0.675126 -0.708873 6.233500 -0.542584 0.524664 0.655995 -0.000000 0.000000 0.000000 0.000000 1.000000
0.945849 0.317668 0.066753 0.000000 -0.202993 0.739319 -0.642029 6.233500 -0.253304 0.593712 0.763769 0.000000 0.000000 0.000000 0.000000 1.000000
0.995020 -0.067217 -0.073596 0.000000 -0.000195 0.737072 -0.675814 6.233500 0.099672 0.672463 0.733389 0.000000 0.000000 0.000000 0.000000 1.000000
0.932070 -0.331450 -0.146244 -0.000000 0.114665 0.652830 -0.748775 6.233500 0.343654 0.681141 0.646489 0.000000 0.000000 0.000000 0.000000 1.000000
0.904375 -0.386878 -0.180084 0.000000 0.115973 0.628941 -0.768755 6.233500 0.410677 0.674358 0.613666 0.000000 0.000000 0.000000 0.000000 1.000000
0.918814 -0.375670 -0.121049 0.000000 0.172220 0.657552 -0.733461 6.233500 0.355136 0.653067 0.668866 0.000000 0.000000 0.000000 0.000000 1.000000
0.952477 -0.299898 -0.053371 -0.000000 0.199857 0.747488 -0.633498 6.233500 0.229879 0.592726 0.771902 0.000000 0.000000 0.000000 0.000000 1.000000
0.969686 -0.244197 0.008815 0.000000 0.214086 0.831621 -0.512419 6.233500 0.117800 0.498772 0.858690 0.000000 0.000000 0.000000 0.000000 1.000000
0.985806 -0.157678 0.057662 0.000000 0.166071 0.865384 -0.472791 6.233500 0.024649 0.475657 0.879286 -0.000000 0.000000 0.000000 0.000000 1.000000
0.994533 -0.067271 0.079866 0.000000 0.099434 0.843663 -0.527585 6.233500 -0.031888 0.532642 0.845740 0.000000 0.000000 0.000000 0.000000 1.000000
0.993472 0.025046 0.111291 0.000000 0.048844 0.788247 -0.613418 6.233500 -0.103089 0.614849 0.781878 0.000000 0.000000 0.000000 0.000000 1.000000
0.981891 0.099051 0.161488 0.000000 0.039757 0.725707 -0.686854 6.233500 -0.185227 0.680836 0.708627 0.000000 0.000000 0.000000 0.000000 1.000000
0.971389 0.129700 0.198951 0.000000 0.056042 0.688870 -0.722716 6.233500 -0.230788 0.713188 0.661892 0.000000 0.000000 0.000000 0.000000 1.000000
0.967186 0.160049 0.197320 0.000000 0.022986 0.718336 -0.695317 6.233500 -0.253027 0.677036 0.691086 0.000000 0.000000 0.000000 0.000000 1.000000</float_array><technique_common><accessor source="#mixamorig_LeftArm-Matrix-animation-output-transform-array" count="22" stride="16"><param type="float4x4"/></accessor></technique_common></source><source id="mixamorig_LeftArm-Interpolations"><Name_array id="mixamorig_LeftArm-Interpolations-array" count="22">
 LINEAR LINEAR LINEAR LINEAR LINEAR LINEAR LINEAR LINEAR LINEAR LINEAR LINEAR
