<?xml version="1.0" encoding="utf-8"?>
<COLLADA xmlns="http://www.collada.org/2005/11/COLLADASchema" version="1.4.1">
  <asset><contributor><author>Mixamo</author><authoring_tool>COLLADA Mixamo exporter</authoring_tool><comments></comments></contributor><created>2020-10-31T23:46:16Z</created><modified>2020-10-31T23:46:16Z</modified><revision></revision><title></title><unit meter="0.010000"/><up_axis>Y_UP</up_axis></asset>
  <library_animations>
    <animation id="mixamorig_Hips-anim" name="mixamorig_Hips"><source id="mixamorig_Hips-Matrix-animation-input"><float_array id="mixamorig_Hips-Matrix-animation-input-array" count="46">

0.000000 0.033333 0.066667 0.100000 0.133333 0.166667 0.200000 0.233333 0.266667 0.300000 0.333333 0.366667 0.400000 0.433333 0.466667 0.500000
0.533333 0.566667 0.600000 0.633333 0.666667 0.700000 0.733333 0.766667 0.800000 0.833333 0.866667 0.900000 0.933333 0.966667 1.000000 1.033333
1.066667 1.100000 1.133333 1.166667 1.200000 1.233333 1.266667 1.300000 1.333333 1.366667 1.400000 1.433333 1.466667 1.500000</float_array><technique_common><accessor source="#mixamorig_Hips-Matrix-animation-input-array" count="46"><param name="TIME" type="float"/></accessor></technique_common></source><source id="mixamorig_Hips-Matrix-animation-output-transform"><float_array id="mixamorig_Hips-Matrix-animation-output-transform-array" count="736">

0.880050 -0.336919 -0.334660 -6.328862 0.142668 0.859751 -0.490381 43.038387 0.452943 0.383815 0.804692 14.368084 0.000000 0.000000 0.000000 1.000000
0.893203 -0.325955 -0.309745 -7.470916 0.146905 0.862590 -0.484106 42.409176 0.424979 0.386901 0.818352 16.687969 0.000000 0.000000 0.000000 1.000000
0.905751 -0.321883 -0.275692 -8.612028 0.160383 0.862459 -0.480043 41.592846 0.392291 0.390583 0.832798 18.778154 0.000000 0.000000 0.000000 1.000000
0.925215 -0.301480 -0.230405 -9.755595 0.155168 0.854741 -0.495319 41.134903 0.346265 0.422525 0.837600 20.897070 0.000000 0.000000 0.000000 1.000000
0.949228 -0.248764 -0.192570 -10.900176 0.114399 0.843177 -0.525324 41.184151 0.293052 0.476622 0.828826 23.231060 0.000000 0.000000 0.000000 1.000000
0.966295 -0.173808 -0.189905 -12.062319 0.043370 0.837045 -0.545412 41.728924 0.253757 0.518793 0.816371 25.946724 0.000000 0.000000 0.000000 1.000000
0.969081 -0.101108 -0.225074 -13.284966 -0.037860 0.840454 -0.540559 42.614529 0.243819 0.532367 0.810640 29.140726 0.000000 0.000000 0.000000 1.000000
0.958494 -0.046831 -0.281240 -14.513833 -0.109551 0.850201 -0.514934 43.497223 0.263225 0.524372 0.809782 32.791122 0.000000 0.000000 0.000000 1.000000
0.939322 -0.022362 -0.342307 -15.764123 -0.152429 0.866738 -0.474901 43.834080 0.307310 0.498263 0.810737 36.895500 0.000000 0.000000 0.000000 1.000000
0.912596 -0.006519 -0.408812 -16.981283 -0.181982 0.888894 -0.420416 43.559261 0.366131 0.458066 0.810015 41.198792 0.000000 0.000000 0.000000 1.000000
0.884159 0.030136 -0.466214 -18.117958 -0.220247 0.906953 -0.359065 42.853100 0.412013 0.420153 0.808528 45.460117 0.000000 0.000000 0.000000 1.000000
0.868639 0.068870 -0.490635 -19.247208 -0.249742 0.916140 -0.313555 42.061646 0.427896 0.394898 0.812995 49.620838 0.000000 0.000000 0.000000 1.000000
0.870683 0.068391 -0.487066 -20.469074 -0.239248 0.924123 -0.297922 41.583992 0.429733 0.375925 0.820981 53.777782 0.000000 0.000000 0.000000 1.000000
0.886081 0.016644 -0.463232 -21.760298 -0.178167 0.934814 -0.307214 41.580513 0.427923 0.354748 0.831286 58.051434 0.000000 0.000000 0.000000 1.000000
0.905201 -0.051976 -0.421792 -23.078444 -0.095433 0.942286 -0.320921 42.054424 0.414129 0.330751 0.847998 62.523869 0.000000 0.000000 0.000000 1.000000
0.920981 -0.084418 -0.380353 -24.344761 -0.041302 0.949588 -0.310768 42.824379 0.387413 0.301920 0.871066 67.203842 0.000000 0.000000 0.000000 1.000000
0.929641 -0.059005 -0.363711 -25.487028 -0.038783 0.965942 -0.255835 43.477688 0.366419 0.251941 0.895691 72.244057 0.000000 0.000000 0.000000 1.000000
0.926163 0.004359 -0.377098 -26.450043 -0.067675 0.985623 -0.154817 43.791122 0.371001 0.168906 0.913142 78.120667 0.000000 0.000000 0.000000 1.000000
0.909910 0.031768 -0.413588 -27.220114 -0.048416 0.998382 -0.029830 43.616215 0.411971 0.047167 0.909975 84.272675 0.000000 0.000000 0.000000 1.000000
0.883939 0.006993 -0.467550 -27.715015 0.044669 0.994053 0.099318 43.051544 0.465463 -0.108676 0.878370 89.620064 0.000000 0.000000 0.000000 1.000000
0.862247 -0.007534 -0.506432 -27.897221 0.137710 0.965709 0.220097 42.715660 0.487408 -0.259518 0.833717 94.465569 0.000000 0.000000 0.000000 1.000000
0.845584 -0.001976 -0.533839 -28.066288 0.189264 0.936147 0.296323 42.810253 0.499166 -0.351603 0.791965 98.658356 0.000000 0.000000 0.000000 1.000000
0.826931 -0.009234 -0.562227 -28.451962 0.222073 0.923948 0.311453 42.894272 0.516593 -0.382406 0.766092 101.866257 0.000000 0.000000 0.000000 1.000000
0.826882 -0.029878 -0.561581 -29.198532 0.255075 0.909890 0.327166 42.521965 0.501202 -0.413773 0.759993 104.798424 0.000000 0.000000 0.000000 1.000000
0.862098 -0.022423 -0.506246 -30.367538 0.253045 0.884597 0.391735 42.083691 0.439040 -0.465816 0.768283 107.958138 0.000000 0.000000 0.000000 1.000000
0.922153 0.017987 -0.386408 -31.946539 0.179403 0.865105 0.468411 42.120426 0.342709 -0.501269 0.794532 111.433975 0.000000 0.000000 0.000000 1.000000
0.975499 0.061723 -0.211170 -33.563484 0.055439 0.859902 0.507440 42.710922 0.212906 -0.506714 0.835411 115.192596 0.000000 0.000000 0.000000 1.000000
0.996643 0.067522 -0.046307 -34.721439 -0.035872 0.868522 0.494351 43.380161 0.073598 -0.491030 0.868028 118.991150 0.000000 0.000000 0.000000 1.000000
0.997871 0.037611 0.053281 -35.368652 -0.057494 0.892977 0.446416 43.801514 -0.030788 -0.448529 0.893238 122.579071 0.000000 0.000000 0.000000 1.000000
0.993672 -0.001254 0.112310 -35.798527 -0.042856 0.920051 0.389449 43.971725 -0.103820 -0.391797 0.914175 126.090157 0.000000 0.000000 0.000000 1.000000
0.982261 -0.034218 0.184370 -36.235733 -0.031708 0.938744 0.343153 43.933094 -0.184818 -0.342912 0.921007 129.665573 0.000000 0.000000 0.000000 1.000000
0.955085 -0.064446 0.289238 -36.711884 -0.029089 0.950961 0.307939 43.568962 -0.294899 -0.302522 0.906375 133.309555 0.000000 0.000000 0.000000 1.000000
0.916243 -0.083128 0.391904 -37.169044 -0.022709 0.965886 0.257970 42.740089 -0.399979 -0.245262 0.883098 136.773224 0.000000 0.000000 0.000000 1.000000
0.893663 -0.073838 0.442622 -37.580944 -0.001240 0.985959 0.166981 41.799675 -0.448737 -0.149774 0.881024 139.533585 0.000000 0.000000 0.000000 1.000000
0.901676 -0.046709 0.429883 -38.010204 0.032831 0.998674 0.039648 41.141304 -0.431165 -0.021637 0.902014 141.447693 0.000000 0.000000 0.000000 1.000000
0.913907 -0.036098 0.404315 -38.568920 0.069955 0.995142 -0.069276 40.668869 -0.399850 0.091596 0.911993 143.052673 0.000000 0.000000 0.000000 1.000000
0.907068 -0.040748 0.419007 -39.174732 0.092041 0.990421 -0.102933 40.497372 -0.410799 0.131933 0.902130 144.584015 0.000000 0.000000 0.000000 1.000000
0.888271 -0.039484 0.457619 -39.753586 0.087006 0.992725 -0.083230 40.864105 -0.451004 0.113747 0.885244 145.908981 0.000000 0.000000 0.000000 1.000000
0.870317 -0.026408 0.491784 -40.325722 0.068422 0.995361 -0.067638 41.630653 -0.487717 0.092516 0.868086 147.115356 0.000000 0.000000 0.000000 1.000000
0.858636 -0.016564 0.512317 -40.897057 0.061943 0.995506 -0.071629 42.535408 -0.508829 0.093238 0.855804 148.279739 0.000000 0.000000 0.000000 1.000000
0.853905 -0.019633 0.520058 -41.437260 0.069933 0.994554 -0.077280 43.481499 -0.515708 0.102359 0.850628 149.373199 0.000000 0.000000 0.000000 1.000000
0.852610 -0.028238 0.521784 -41.937672 0.078815 0.994065 -0.074988 44.439030 -0.516570 0.105060 0.849775 150.372177 0.000000 0.000000 0.000000 1.000000
0.849434 -0.033264 0.526645 -42.416981 0.082836 0.994044 -0.070821 45.318169 -0.521152 0.103783 0.847130 151.268341 0.000000 0.000000 0.000000 1.000000
0.843531 -0.032544 0.536093 -42.915665 0.083089 0.994053 -0.070394 46.030502 -0.530614 0.103923 0.841218 152.065216 0.000000 0.000000 0.000000 1.000000
0.837861 -0.029002 0.545113 -43.460583 0.080390 0.994256 -0.070665 46.531322 -0.539932 0.103028 0.835379 152.786194 0.000000 0.000000 0.000000 1.000000
0.833218 -0.024534 0.552400 -44.048130 0.074186 0.994943 -0.067710 46.803524 -0.547945 0.097398 0.830825 153.447998 0.000000 0.000000 0.000000 1.000000</float_array><technique_common><accessor source="#mixamorig_Hips-Matrix-animation-output-transform-array" count="46" stride="16"><param type="float4x4"/></accessor></technique_common></source><source id="mixamorig_Hips-Interpolations"><Name_array id="mixamorig_Hips-Interpolations-array" count="46">
 LINEAR LINEAR LINEAR LINEAR LINEAR LINEAR LINEAR LINEAR LINEAR LINEAR LINEAR
LINEAR LINEAR LINEAR LINEAR LINEAR LINEAR LINEAR LINEAR LINEAR LINEAR LINEAR LINEAR
LINEAR LINEAR LINEAR LINEAR LINEAR LINEAR LINEAR LINEAR LINEAR LINEAR LINEAR LINEAR
LINEAR LINEAR LINEAR LINEAR LINEAR LINEAR LINEAR LINEAR LINEAR LINEAR LINEAR</Name_array><technique_common><accessor source="#mixamorig_Hips-Interpolations-array" count="46"><param type="name"/></accessor></technique_common></source><sampler id="mixamorig_Hips-Matrix-animation-transform"><input semantic="INPUT" source="#mixamorig_Hips-Matrix-animation-input"/><input semantic="OUTPUT" source="#mixamorig_Hips-Matrix-animation-output-transform"/><input semantic="INTERPOLATION" source="#mixamorig_Hips-Interpolations"/></sampler><channel source="#mixamorig_Hips-Matrix-animation-transform" target="mixamorig_Hips/matrix"/></animation>
    <animation id="mixamorig_Spine-anim" name="mixamorig_Spine"><source id="mixamorig_Spine-Matrix-animation-input"><float_array id="mixamorig_Spine-Matrix-animation-input-array" count="46">

0.000000 0.033333 0.066667 0.100000 0.133333 0.166667 0.200000 0.233333 0.266667 0.300000 0.333333 0.366667 0.400000 0.433333 0.466667 0.500000
0.533333 0.566667 0.600000 0.633333 0.666667 0.700000 0.733333 0.766667 0.800000 0.833333 0.866667 0.900000 0.933333 0.966667 1.000000 1.033333
1.066667 1.100000 1.133333 1.166667 1.200000 1.233333 1.266667 1.300000 1.333333 1.366667 1.400000 1.433333 1.466667 1.500000</float_array><technique_common><accessor source="#mixamorig_Spine-Matrix-animation-input-array" count="46"><param name="TIME" type="float"/></accessor></technique_common></source><source id="mixamorig_Spine-Matrix-animation-output-transform"><float_array id="mixamorig_Spine-Matrix-animation-output-transform-array" count="736">

0.999808 0.018886 -0.005267 -0.000000 -0.019096 0.998888 -0.043103 3.753200 0.004447 0.043195 0.999057 -0.033300 0.000000 0.000000 0.000000 1.000000
0.999642 0.022827 -0.013991 0.000000 -0.023372 0.998921 -0.040131 3.753200 0.013060 0.040443 0.999096 -0.033300 0.000000 0.000000 0.000000 1.000000
0.998951 0.039165 -0.023708 0.000000 -0.040080 0.998417 -0.039466 3.753200 0.022125 0.040375 0.998940 -0.033300 0.000000 0.000000 0.000000 1.000000
0.998785 0.037029 -0.032516 -0.000000 -0.038322 0.998460 -0.040107 3.753200 0.030981 0.041305 0.998666 -0.033300 0.000000 0.000000 0.000000 1.000000
0.999293 0.012370 -0.035510 0.000000 -0.013880 0.998996 -0.042594 3.753200 0.034948 0.043057 0.998461 -0.033300 0.000000 0.000000 0.000000 1.000000
0.999440 -0.014964 -0.029929 0.000000 0.013562 0.998826 -0.046497 3.753200 0.030590 0.046065 0.998470 -0.033300 0.000000 0.000000 0.000000 1.000000
0.999184 -0.032782 -0.023605 0.000000 0.031614 0.998335 -0.048253 3.753200 0.025148 0.047467 0.998556 -0.033300 0.000000 0.000000 0.000000 1.000000
0.998772 -0.044446 -0.021900 0.000000 0.043420 0.998030 -0.045289 3.753200 0.023870 0.044282 0.998734 -0.033300 0.000000 0.000000 0.000000 1.000000
0.998691 -0.044278 -0.025617 0.000000 0.043333 0.998399 -0.036363 3.753200 0.027186 0.035205 0.999010 -0.033300 0.000000 0.000000 0.000000 1.000000
0.998682 -0.047172 -0.020239 0.000000 0.046562 0.998475 -0.029657 3.753200 0.021607 0.028675 0.999355 -0.033300 0.000000 0.000000 0.000000 1.000000
0.996977 -0.077466 -0.006010 0.000000 0.077220 0.996440 -0.033815 3.753200 0.008608 0.033249 0.999410 -0.033300 0.000000 0.000000 0.000000 1.000000
0.993420 -0.114510 0.001927 0.000000 0.114493 0.992581 -0.040910 3.753200 0.002772 0.040862 0.999161 -0.033300 0.000000 0.000000 0.000000 1.000000
0.992307 -0.123548 0.007886 0.000000 0.123765 0.991514 -0.039771 3.753200 -0.002905 0.040441 0.999178 -0.033300 0.000000 0.000000 0.000000 1.000000
0.994963 -0.099419 0.012842 0.000000 0.099765 0.994560 -0.029939 3.753200 -0.009795 0.031070 0.999469 -0.033300 0.000000 0.000000 0.000000 1.000000
0.998117 -0.060266 0.011425 0.000000 0.060439 0.998053 -0.015376 3.753200 -0.010476 0.016038 0.999817 -0.033300 0.000000 0.000000 0.000000 1.000000
0.999483 -0.031039 0.008346 0.000000 0.031031 0.999518 0.001043 3.753200 -0.008375 -0.000783 0.999965 -0.033300 0.000000 0.000000 0.000000 1.000000
0.999410 -0.033386 0.008092 -0.000000 0.033249 0.999310 0.016535 3.753200 -0.008638 -0.016257 0.999831 -0.033300 0.000000 0.000000 0.000000 1.000000
0.996665 -0.081590 0.001341 0.000000 0.081492 0.996051 0.035229 3.753200 -0.004211 -0.035002 0.999378 -0.033300 0.000000 0.000000 0.000000 1.000000
0.994536 -0.103717 -0.011873 0.000000 0.104149 0.993558 0.044667 3.753200 0.007164 -0.045659 0.998931 -0.033300 0.000000 0.000000 0.000000 1.000000
0.997849 -0.064688 -0.010645 -0.000000 0.064977 0.997449 0.029569 3.753200 0.008705 -0.030197 0.999506 -0.033300 0.000000 0.000000 0.000000 1.000000
0.998507 -0.052250 -0.015937 0.000000 0.052429 0.998564 0.011002 3.753200 0.015339 -0.011821 0.999812 -0.033300 0.000000 0.000000 0.000000 1.000000
0.995740 -0.090429 -0.017990 0.000000 0.090270 0.995872 -0.009464 3.753200 0.018771 0.007800 0.999793 -0.033300 0.000000 0.000000 0.000000 1.000000
0.993287 -0.115637 0.003156 0.000000 0.115679 0.992841 -0.029756 3.753200 0.000308 0.029922 0.999552 -0.033300 0.000000 0.000000 0.000000 1.000000
0.996031 -0.087396 0.016841 0.000000 0.087985 0.995391 -0.038152 3.753200 -0.013429 0.039483 0.999130 -0.033300 0.000000 0.000000 0.000000 1.000000
0.998395 -0.056219 0.006790 0.000000 0.056444 0.997623 -0.039519 3.753200 -0.004552 0.039839 0.999196 -0.033300 0.000000 0.000000 0.000000 1.000000
0.998290 -0.057864 -0.008241 0.000000 0.057454 0.997403 -0.043438 3.753200 0.010734 0.042890 0.999022 -0.033300 0.000000 0.000000 0.000000 1.000000
0.996563 -0.079039 -0.024819 -0.000000 0.077897 0.995989 -0.044028 3.753200 0.028200 0.041944 0.998722 -0.033300 0.000000 0.000000 0.000000 1.000000
0.995188 -0.090606 -0.037312 0.000000 0.089379 0.995439 -0.033348 3.753200 0.040163 0.029852 0.998747 -0.033300 0.000000 0.000000 0.000000 1.000000
0.995292 -0.091466 -0.032056 0.000000 0.090924 0.995696 -0.017957 3.753200 0.033561 0.014958 0.999325 -0.033300 0.000000 0.000000 0.000000 1.000000
0.996218 -0.085280 -0.016675 -0.000000 0.085221 0.996353 -0.004190 3.753200 0.016971 0.002753 0.999852 -0.033300 0.000000 0.000000 0.000000 1.000000
0.997387 -0.071868 -0.007377 0.000000 0.071919 0.997387 0.006875 3.753200 0.006863 -0.007388 0.999949 -0.033300 0.000000 0.000000 0.000000 1.000000
0.998699 -0.050473 -0.007315 0.000000 0.050589 0.998581 0.016615 3.753200 0.006466 -0.016963 0.999835 -0.033300 0.000000 0.000000 0.000000 1.000000
0.999467 -0.032404 -0.003992 0.000000 0.032496 0.999139 0.025806 3.753200 0.003152 -0.025922 0.999659 -0.033300 0.000000 0.000000 0.000000 1.000000
0.999271 -0.036216 0.012063 0.000000 0.035816 0.998850 0.031880 3.753200 -0.013204 -0.031424 0.999419 -0.033300 0.000000 0.000000 0.000000 1.000000
0.997770 -0.055365 0.037277 0.000000 0.054196 0.998027 0.031692 3.753200 -0.038958 -0.029601 0.998802 -0.033300 0.000000 0.000000 0.000000 1.000000
0.997166 -0.054240 0.052126 0.000000 0.052860 0.998223 0.027491 3.753200 -0.053524 -0.024657 0.998262 -0.033300 0.000000 0.000000 0.000000 1.000000
0.997931 -0.042623 0.048142 -0.000000 0.041738 0.998944 0.019227 3.753200 -0.048911 -0.017177 0.998655 -0.033300 0.000000 0.000000 0.000000 1.000000
0.997946 -0.046935 0.043591 0.000000 0.046699 0.998888 0.006425 3.753200 -0.043844 -0.004377 0.999029 -0.033300 0.000000 0.000000 0.000000 1.000000
0.996922 -0.063871 0.045471 0.000000 0.064115 0.997935 -0.003918 3.753200 -0.045127 0.006822 0.998958 -0.033300 0.000000 0.000000 0.000000 1.000000
0.996185 -0.072182 0.049044 0.000000 0.072679 0.997320 -0.008426 3.753200 -0.048305 0.011959 0.998761 -0.033300 0.000000 0.000000 0.000000 1.000000
0.996604 -0.065309 0.050160 0.000000 0.065850 0.997787 -0.009206 3.753200 -0.049448 0.012477 0.998699 -0.033300 0.000000 0.000000 0.000000 1.000000
0.997433 -0.051862 0.049381 0.000000 0.052323 0.998597 -0.008088 3.753200 -0.048893 0.010651 0.998747 -0.033300 0.000000 0.000000 0.000000 1.000000
0.998043 -0.040087 0.047998 0.000000 0.040417 0.999165 -0.005929 3.753200 -0.047721 0.007858 0.998830 -0.033300 0.000000 0.000000 0.000000 1.000000
0.998381 -0.032416 0.046747 0.000000 0.032617 0.999462 -0.003536 3.753200 -0.046607 0.005055 0.998901 -0.033300 0.000000 0.000000 0.000000 1.000000
0.998563 -0.027337 0.046090 0.000000 0.027454 0.999621 -0.001888 3.753200 -0.046021 0.003151 0.998936 -0.033300 0.000000 0.000000 0.000000 1.000000
0.998683 -0.023687 0.045513 -0.000000 0.023770 0.999717 -0.001292 3.753200 -0.045470 0.002372 0.998963 -0.033300 0.000000 0.000000 0.000000 1.000000</float_array><technique_common><accessor source="#mixamorig_Spine-Matrix-animation-output-transform-array" count="46" stride="16"><param type="float4x4"/></accessor></technique_common></source><source id="mixamorig_Spine-Interpolations"><Name_array id="mixamorig_Spine-Interpolations-array" count="46">
 LINEAR LINEAR LINEAR LINEAR LINEAR LINEAR LINEAR LINEAR LINEAR LINEAR LINEAR
LINEAR LINEAR LINEAR LINEAR LINEAR LINEAR LINEAR LINEAR LINEAR LINEAR LINEAR LINEAR
LINEAR LINEAR LINEAR LINEAR LINEAR LINEAR LINEAR LINEAR LINEAR LINEAR LINEAR LINEAR
LINEAR LINEAR LINEAR LINEAR LINEAR LINEAR LINEAR LINEAR LINEAR LINEAR LINEAR</Name_array><technique_common><accessor source="#mixamorig_Spine-Interpolations-array" count="46"><param type="name"/></accessor></technique_common></source><sampler id="mixamorig_Spine-Matrix-animation-transform"><input semantic="INPUT" source="#mixamorig_Spine-Matrix-animation-input"/><input semantic="OUTPUT" source="#mixamorig_Spine-Matrix-animation-output-transform"/><input semantic="INTERPOLATION" source="#mixamorig_Spine-Interpolations"/></sampler><channel source="#mixamorig_Spine-Matrix-animation-transform" target="mixamorig_Spine/matrix"/></animation>
    <animation id="mixamorig_Spine1-anim" name="mixamorig_Spine1"><source id="mixamorig_Spine1-Matrix-animation-input"><float_array id="mixamorig_Spine1-Matrix-animation-input-array" count="46">

0.000000 0.033333 0.066667 0.100000 0.133333 0.166667 0.200000 0.233333 0.266667 0.300000 0.333333 0.366667 0.400000 0.433333 0.466667 0.500000
0.533333 0.566667 0.600000 0.633333 0.666667 0.700000 0.733333 0.766667 0.800000 0.833333 0.866667 0.900000 0.933333 0.966667 1.000000 1.033333
1.066667 1.100000 1.133333 1.166667 1.200000 1.233333 1.266667 1.300000 1.333333 1.366667 1.400000 1.433333 1.466667 1.500000</float_array><technique_common><accessor source="#mixamorig_Spine1-Matrix-animation-input-array" count="46"><param name="TIME" type="float"/></accessor></technique_common></source><source id="mixamorig_Spine1-Matrix-animation-output-transform"><float_array id="mixamorig_Spine1-Matrix-animation-output-transform-array" count="736">

0.994749 0.100232 0.020686 0.000000 -0.097878 0.990760 -0.093883 4.378900 -0.029905 0.091365 0.995368 0.000000 0.000000 0.000000 0.000000 1.000000
0.994356 0.105880 0.006782 -0.000000 -0.104855 0.990459 -0.089426 4.378900 -0.016186 0.088210 0.995970 0.000000 0.000000 0.000000 0.000000 1.000000
0.993966 0.108322 -0.017258 0.000000 -0.109432 0.990033 -0.088650 4.378900 0.007483 0.090004 0.995913 0.000000 0.000000 0.000000 0.000000 1.000000
0.994019 0.097836 -0.048512 0.000000 -0.101794 0.990972 -0.087245 4.378900 0.039539 0.091662 0.995005 -0.000000 0.000000 0.000000 0.000000 1.000000
0.994369 0.070902 -0.078763 -0.000000 -0.077551 0.993372 -0.084844 4.378900 0.072226 0.090474 0.993276 0.000000 0.000000 0.000000 0.000000 1.000000
0.994185 0.035169 -0.101778 0.000000 -0.043849 0.995471 -0.084351 4.378900 0.098351 0.088323 0.991225 0.000000 0.000000 0.000000 0.000000 1.000000
0.992846 -0.001094 -0.119400 0.000000 -0.008984 0.996439 -0.083836 4.378900 0.119067 0.084309 0.989300 0.000000 0.000000 0.000000 0.000000 1.000000
0.990237 -0.031926 -0.135690 0.000000 0.021347 0.996668 -0.078720 4.378900 0.137751 0.075054 0.987619 -0.000000 0.000000 0.000000 0.000000 1.000000
0.987868 -0.052155 -0.146278 -0.000000 0.042605 0.996797 -0.067675 4.378900 0.149339 0.060621 0.986926 -0.000000 0.000000 0.000000 0.000000 1.000000
0.987772 -0.066536 -0.140994 -0.000000 0.058329 0.996397 -0.061571 4.378900 0.144582 0.052594 0.988094 -0.000000 0.000000 0.000000 0.000000 1.000000
0.989601 -0.084127 -0.116673 0.000000 0.076212 0.994580 -0.070723 4.378900 0.121990 0.061095 0.990649 0.000000 0.000000 0.000000 0.000000 1.000000
0.991658 -0.100327 -0.080927 0.000000 0.093483 0.992043 -0.084334 4.378900 0.088744 0.076065 0.993146 0.000000 0.000000 0.000000 0.000000 1.000000
0.993946 -0.101479 -0.042103 -0.000000 0.097650 0.991606 -0.084747 4.378900 0.050349 0.080123 0.995513 0.000000 0.000000 0.000000 0.000000 1.000000
0.996860 -0.079152 -0.002337 -0.000000 0.078820 0.994654 -0.066718 4.378900 0.007605 0.066324 0.997769 -0.000000 0.000000 0.000000 0.000000 1.000000
0.998428 -0.042947 0.036017 0.000000 0.044259 0.998355 -0.036456 4.378900 -0.034392 0.037992 0.998686 0.000000 0.000000 0.000000 0.000000 1.000000
0.997602 -0.021611 0.065748 0.000000 0.021964 0.999748 -0.004642 4.378900 -0.065631 0.006075 0.997825 -0.000000 0.000000 0.000000 0.000000 1.000000
0.995973 -0.035779 0.082205 0.000000 0.034200 0.999204 0.020543 4.378900 -0.082874 -0.017648 0.996404 0.000000 0.000000 0.000000 0.000000 1.000000
0.993492 -0.075987 0.084847 0.000000 0.072620 0.996471 0.042081 4.378900 -0.087746 -0.035646 0.995505 0.000000 0.000000 0.000000 0.000000 1.000000
0.991886 -0.101748 0.076215 -0.000000 0.098167 0.993945 0.049356 4.378900 -0.080776 -0.041473 0.995869 0.000000 0.000000 0.000000 0.000000 1.000000
0.993769 -0.094220 0.059541 0.000000 0.092853 0.995358 0.025327 4.378900 -0.061651 -0.019640 0.997905 0.000000 0.000000 0.000000 0.000000 1.000000
0.995813 -0.084074 0.035892 -0.000000 0.084497 0.996369 -0.010442 4.378900 -0.034884 0.013431 0.999301 -0.000000 0.000000 0.000000 0.000000 1.000000
0.996347 -0.084388 0.013066 0.000000 0.084911 0.995297 -0.046623 4.378900 -0.009071 0.047562 0.998827 0.000000 0.000000 0.000000 0.000000 1.000000
0.996557 -0.082643 -0.006699 0.000000 0.081961 0.994099 -0.071059 4.378900 0.012532 0.070266 0.997450 0.000000 0.000000 0.000000 0.000000 1.000000
0.996713 -0.074366 -0.032132 0.000000 0.071641 0.994302 -0.078933 4.378900 0.037819 0.076371 0.996362 0.000000 0.000000 0.000000 0.000000 1.000000
0.994992 -0.071342 -0.070010 -0.000000 0.065206 0.994131 -0.086328 4.378900 0.075758 0.081330 0.993804 -0.000000 0.000000 0.000000 0.000000 1.000000
0.989451 -0.084351 -0.117776 0.000000 0.072850 0.992441 -0.098761 4.378900 0.125216 0.089139 0.988117 0.000000 0.000000 0.000000 0.000000 1.000000
0.980990 -0.107275 -0.161710 -0.000000 0.091810 0.990716 -0.100268 4.378900 0.170965 0.083515 0.981731 0.000000 0.000000 0.000000 0.000000 1.000000
0.976183 -0.119360 -0.181162 0.000000 0.106188 0.991060 -0.080778 4.378900 0.189184 0.059617 0.980130 0.000000 0.000000 0.000000 0.000000 1.000000
0.979444 -0.113066 -0.167047 -0.000000 0.105955 0.993067 -0.050915 4.378900 0.171646 0.032169 0.984633 0.000000 0.000000 0.000000 0.000000 1.000000
0.986268 -0.097908 -0.133003 0.000000 0.095444 0.995126 -0.024789 4.378900 0.134782 0.011754 0.990806 0.000000 0.000000 0.000000 0.000000 1.000000
0.991415 -0.080527 -0.103013 0.000000 0.080242 0.996751 -0.006913 4.378900 0.103235 -0.001413 0.994656 -0.000000 0.000000 0.000000 0.000000 1.000000
0.994281 -0.059238 -0.088865 0.000000 0.060058 0.998173 0.006585 4.378900 0.088313 -0.011884 0.996022 0.000000 0.000000 0.000000 0.000000 1.000000
0.996286 -0.035970 -0.078232 -0.000000 0.037725 0.999066 0.021067 4.378900 0.077401 -0.023941 0.996713 0.000000 0.000000 0.000000 0.000000 1.000000
0.998311 -0.022227 -0.053675 0.000000 0.024160 0.999073 0.035635 4.378900 0.052833 -0.036871 0.997922 0.000000 0.000000 0.000000 0.000000 1.000000
0.999635 -0.020122 -0.018017 0.000000 0.020903 0.998800 0.044286 4.378900 0.017104 -0.044646 0.998856 -0.000000 0.000000 0.000000 0.000000 1.000000
0.999851 -0.014886 0.008704 0.000000 0.014500 0.998974 0.042915 4.378900 -0.009334 -0.042782 0.999041 0.000000 0.000000 0.000000 0.000000 1.000000
0.999892 -0.004137 0.014071 0.000000 0.003750 0.999618 0.027389 4.378900 -0.014179 -0.027333 0.999526 0.000000 0.000000 0.000000 0.000000 1.000000
0.999944 0.002991 0.010174 0.000000 -0.003020 0.999991 0.002880 4.378900 -0.010166 -0.002910 0.999944 0.000000 0.000000 0.000000 0.000000 1.000000
0.999938 0.005322 0.009787 0.000000 -0.005174 0.999873 -0.015089 4.378900 -0.009867 0.015038 0.999838 0.000000 0.000000 0.000000 0.000000 1.000000
0.999875 0.007793 0.013765 0.000000 -0.007485 0.999723 -0.022303 4.378900 -0.013935 0.022197 0.999656 0.000000 0.000000 0.000000 0.000000 1.000000
0.999714 0.012299 0.020533 0.000000 -0.011802 0.999638 -0.024165 4.378900 -0.020823 0.023916 0.999497 0.000000 0.000000 0.000000 0.000000 1.000000
0.999450 0.017238 0.028343 0.000000 -0.016571 0.999584 -0.023625 4.378900 -0.028739 0.023142 0.999319 -0.000000 0.000000 0.000000 0.000000 1.000000
0.999195 0.020652 0.034387 0.000000 -0.019946 0.999585 -0.020772 4.378900 -0.034802 0.020069 0.999193 0.000000 0.000000 0.000000 0.000000 1.000000
0.999006 0.022320 0.038587 0.000000 -0.021693 0.999627 -0.016586 4.378900 -0.038942 0.015733 0.999118 0.000000 0.000000 0.000000 0.000000 1.000000
0.998812 0.023659 0.042593 0.000000 -0.023106 0.999643 -0.013426 4.378900 -0.042896 0.012426 0.999002 0.000000 0.000000 0.000000 0.000000 1.000000
0.998627 0.025598 0.045700 -0.000000 -0.025061 0.999610 -0.012293 4.378900 -0.045997 0.011131 0.998880 -0.000000 0.000000 0.000000 0.000000 1.000000</float_array><technique_common><accessor source="#mixamorig_Spine1-Matrix-animation-output-transform-array" count="46" stride="16"><param type="float4x4"/></accessor></technique_common></source><source id="mixamorig_Spine1-Interpolations"><Name_array id="mixamorig_Spine1-Interpolations-array" count="46">
 LINEAR LINEAR LINEAR LINEAR LINEAR LINEAR LINEAR LINEAR LINEAR LINEAR LINEAR
LINEAR LINEAR LINEAR LINEAR LINEAR LINEAR LINEAR LINEAR LINEAR LINEAR LINEAR LINEAR
LINEAR LINEAR LINEAR LINEAR LINEAR LINEAR LINEAR LINEAR LINEAR LINEAR LINEAR LINEAR
LINEAR LINEAR LINEAR LINEAR LINEAR LINEAR LINEAR LINEAR LINEAR LINEAR LINEAR</Name_array><technique_common><accessor source="#mixamorig_Spine1-Interpolations-array" count="46"><param type="name"/></accessor></technique_common></source><sampler id="mixamorig_Spine1-Matrix-animation-transform"><input semantic="INPUT" source="#mixamorig_Spine1-Matrix-animation-input"/><input semantic="OUTPUT" source="#mixamorig_Spine1-Matrix-animation-output-transform"/><input semantic="INTERPOLATION" source="#mixamorig_Spine1-Interpolations"/></sampler><channel source="#mixamorig_Spine1-Matrix-animation-transform" target="mixamorig_Spine1/matrix"/></animation>
    <animation id="mixamorig_Spine2-anim" name="mixamorig_Spine2"><source id="mixamorig_Spine2-Matrix-animation-input"><float_array id="mixamorig_Spine2-Matrix-animation-input-array" count="46">

0.000000 0.033333 0.066667 0.100000 0.133333 0.166667 0.200000 0.233333 0.266667 0.300000 0.333333 0.366667 0.400000 0.433333 0.466667 0.500000
0.533333 0.566667 0.600000 0.633333 0.666667 0.700000 0.733333 0.766667 0.800000 0.833333 0.866667 0.900000 0.933333 0.966667 1.000000 1.033333
1.066667 1.100000 1.133333 1.166667 1.200000 1.233333 1.266667 1.300000 1.333333 1.366667 1.400000 1.433333 1.466667 1.500000</float_array><technique_common><accessor source="#mixamorig_Spine2-Matrix-animation-input-array" count="46"><param name="TIME" type="float"/></accessor></technique_common></source><source id="mixamorig_Spine2-Matrix-animation-output-transform"><float_array id="mixamorig_Spine2-Matrix-animation-output-transform-array" count="736">

0.994734 0.100078 0.022098 -0.000000 -0.097598 0.990797 -0.093786 5.004500 -0.031281 0.091135 0.995347 -0.000000 0.000000 0.000000 0.000000 1.000000
0.994348 0.105857 0.008111 0.000000 -0.104715 0.990475 -0.089410 5.004500 -0.017499 0.088055 0.995962 0.000000 0.000000 0.000000 0.000000 1.000000
0.993971 0.108458 -0.016083 0.000000 -0.109463 0.990019 -0.088768 5.004500 0.006294 0.089993 0.995922 -0.000000 0.000000 0.000000 0.000000 1.000000
0.994040 0.098262 -0.047219 0.000000 -0.102111 0.990915 -0.087529 5.004500 0.038190 0.091829 0.995042 -0.000000 0.000000 0.000000 0.000000 1.000000
0.994413 0.071977 -0.077211 0.000000 -0.078521 0.993250 -0.085371 5.004500 0.070545 0.090957 0.993353 -0.000000 0.000000 0.000000 0.000000 1.000000
0.994241 0.037154 -0.100520 -0.000000 -0.045782 0.995335 -0.084929 5.004500 0.096895 0.089042 0.991304 -0.000000 0.000000 0.000000 0.000000 1.000000
0.992889 0.001625 -0.119033 0.000000 -0.011724 0.996380 -0.084195 5.004500 0.118466 0.084992 0.989314 -0.000000 0.000000 0.000000 0.000000 1.000000
0.990258 -0.028864 -0.136218 -0.000000 0.018214 0.996724 -0.078796 5.004500 0.138046 0.075547 0.987540 0.000000 0.000000 0.000000 0.000000 1.000000
0.987862 -0.049530 -0.147225 0.000000 0.039937 0.996925 -0.067418 5.004500 0.150111 0.060720 0.986803 0.000000 0.000000 0.000000 0.000000 1.000000
0.987763 -0.064723 -0.141897 -0.000000 0.056487 0.996518 -0.061325 5.004500 0.145372 0.052559 0.987980 0.000000 0.000000 0.000000 0.000000 1.000000
0.989637 -0.082693 -0.117393 -0.000000 0.074665 0.994662 -0.071218 5.004500 0.122655 0.061714 0.990529 0.000000 0.000000 0.000000 0.000000 1.000000
0.991742 -0.099289 -0.081178 0.000000 0.092335 0.992063 -0.085348 5.004500 0.089008 0.077148 0.993039 0.000000 0.000000 0.000000 0.000000 1.000000
0.994007 -0.101005 -0.041805 0.000000 0.097166 0.991592 -0.085460 5.004500 0.050085 0.080886 0.995464 0.000000 0.000000 0.000000 0.000000 1.000000
0.996864 -0.079105 -0.002002 0.000000 0.078795 0.994652 -0.066773 5.004500 0.007273 0.066405 0.997766 0.000000 0.000000 0.000000 0.000000 1.000000
0.998412 -0.043277 0.036067 0.000000 0.044575 0.998357 -0.035993 5.004500 -0.034450 0.037544 0.998701 0.000000 0.000000 0.000000 0.000000 1.000000
0.997600 -0.022158 0.065595 -0.000000 0.022469 0.999740 -0.004002 5.004500 -0.065489 0.005466 0.997838 -0.000000 0.000000 0.000000 0.000000 1.000000
0.995989 -0.036069 0.081890 0.000000 0.034433 0.999180 0.021301 5.004500 -0.082591 -0.018396 0.996414 0.000000 0.000000 0.000000 0.000000 1.000000
0.993548 -0.075180 0.084910 0.000000 0.071686 0.996479 0.043477 5.004500 -0.087880 -0.037110 0.995440 0.000000 0.000000 0.000000 0.000000 1.000000
0.991964 -0.100237 0.077200 0.000000 0.096471 0.994025 0.051063 5.004500 -0.081857 -0.043205 0.995707 0.000000 0.000000 0.000000 0.000000 1.000000
0.993793 -0.093363 0.060488 -0.000000 0.091910 0.995418 0.026390 5.004500 -0.062675 -0.020666 0.997820 0.000000 0.000000 0.000000 0.000000 1.000000
0.995804 -0.083618 0.037186 -0.000000 0.084028 0.996417 -0.009618 5.004500 -0.036249 0.012703 0.999262 -0.000000 0.000000 0.000000 0.000000 1.000000
0.996327 -0.084230 0.015446 0.000000 0.084860 0.995327 -0.046083 5.004500 -0.011493 0.047225 0.998818 0.000000 0.000000 0.000000 0.000000 1.000000
0.996579 -0.082529 -0.004409 0.000000 0.082007 0.994080 -0.071278 5.004500 0.010265 0.070673 0.997447 -0.000000 0.000000 0.000000 0.000000 1.000000
0.996781 -0.073900 -0.031098 0.000000 0.071225 0.994266 -0.079757 5.004500 0.036814 0.077286 0.996329 -0.000000 0.000000 0.000000 0.000000 1.000000
0.995074 -0.070652 -0.069537 0.000000 0.064485 0.994096 -0.087260 5.004500 0.075292 0.082346 0.993756 0.000000 0.000000 0.000000 0.000000 1.000000
0.989555 -0.083586 -0.117450 0.000000 0.071983 0.992402 -0.099782 5.004500 0.124898 0.090285 0.988053 0.000000 0.000000 0.000000 0.000000 1.000000
0.981105 -0.106277 -0.161675 0.000000 0.090609 0.990712 -0.101394 5.004500 0.170949 0.084829 0.981621 0.000000 0.000000 0.000000 0.000000 1.000000
0.976275 -0.118506 -0.181225 0.000000 0.105087 0.991079 -0.081972 5.004500 0.189323 0.060983 0.980019 0.000000 0.000000 0.000000 0.000000 1.000000
0.979501 -0.112441 -0.167140 -0.000000 0.105100 0.993093 -0.052165 5.004500 0.171851 0.033529 0.984552 0.000000 0.000000 0.000000 0.000000 1.000000
0.986291 -0.097609 -0.133053 0.000000 0.094987 0.995141 -0.025932 5.004500 0.134938 0.012938 0.990770 0.000000 0.000000 0.000000 0.000000 1.000000
0.991419 -0.080676 -0.102860 0.000000 0.080305 0.996740 -0.007756 5.004500 0.103151 -0.000571 0.994666 -0.000000 0.000000 0.000000 0.000000 1.000000
0.994278 -0.059813 -0.088513 -0.000000 0.060589 0.998144 0.006107 5.004500 0.087984 -0.011435 0.996056 0.000000 0.000000 0.000000 0.000000 1.000000
0.996284 -0.036747 -0.077902 0.000000 0.038481 0.999041 0.020882 5.004500 0.077060 -0.023802 0.996742 0.000000 0.000000 0.000000 0.000000 1.000000
0.998304 -0.022660 -0.053630 0.000000 0.024579 0.999071 0.035395 5.004500 0.052779 -0.036653 0.997933 0.000000 0.000000 0.000000 0.000000 1.000000
0.999627 -0.020113 -0.018461 0.000000 0.020911 0.998808 0.044098 5.004500 0.017552 -0.044468 0.998857 -0.000000 0.000000 0.000000 0.000000 1.000000
0.999856 -0.014915 0.008126 0.000000 0.014552 0.998968 0.043014 5.004500 -0.008759 -0.042889 0.999041 0.000000 0.000000 0.000000 0.000000 1.000000
0.999896 -0.004216 0.013787 -0.000000 0.003836 0.999614 0.027519 5.004500 -0.013897 -0.027463 0.999526 0.000000 0.000000 0.000000 0.000000 1.000000
0.999944 0.002919 0.010157 0.000000 -0.002949 0.999991 0.002985 5.004500 -0.010148 -0.003015 0.999944 0.000000 0.000000 0.000000 0.000000 1.000000
0.999936 0.005225 0.010037 0.000000 -0.005075 0.999875 -0.014947 5.004500 -0.010114 0.014895 0.999838 0.000000 0.000000 0.000000 0.000000 1.000000
0.999870 0.007631 0.014203 0.000000 -0.007317 0.999730 -0.022067 5.004500 -0.014367 0.021960 0.999656 0.000000 0.000000 0.000000 0.000000 1.000000
0.999706 0.012064 0.021042 0.000000 -0.011562 0.999649 -0.023821 5.004500 -0.021322 0.023571 0.999495 -0.000000 0.000000 0.000000 0.000000 1.000000
0.999440 0.016959 0.028834 0.000000 -0.016292 0.999598 -0.023203 5.004500 -0.029216 0.022720 0.999315 0.000000 0.000000 0.000000 0.000000 1.000000
0.999186 0.020363 0.034812 0.000000 -0.019664 0.999600 -0.020315 5.004500 -0.035212 0.019614 0.999187 -0.000000 0.000000 0.000000 0.000000 1.000000
0.998999 0.022022 0.038943 0.000000 -0.021409 0.999641 -0.016106 5.004500 -0.039284 0.015256 0.999112 0.000000 0.000000 0.000000 0.000000 1.000000
0.998806 0.023340 0.042909 -0.000000 -0.022805 0.999656 -0.012919 5.004500 -0.043195 0.011925 0.998995 0.000000 0.000000 0.000000 0.000000 1.000000
0.998622 0.025259 0.046006 0.000000 -0.024742 0.999624 -0.011782 5.004500 -0.046286 0.010628 0.998872 -0.000000 0.000000 0.000000 0.000000 1.000000</float_array><technique_common><accessor source="#mixamorig_Spine2-Matrix-animation-output-transform-array" count="46" stride="16"><param type="float4x4"/></accessor></technique_common></source><source id="mixamorig_Spine2-Interpolations"><Name_array id="mixamorig_Spine2-Interpolations-array" count="46">
 LINEAR LINEAR LINEAR LINEAR LINEAR LINEAR LINEAR LINEAR LINEAR LINEAR LINEAR
LINEAR LINEAR LINEAR LINEAR LINEAR LINEAR LINEAR LINEAR LINEAR LINEAR LINEAR LINEAR
LINEAR LINEAR LINEAR LINEAR LINEAR LINEAR LINEAR LINEAR LINEAR LINEAR LINEAR LINEAR
LINEAR LINEAR LINEAR LINEAR LINEAR LINEAR LINEAR LINEAR LINEAR LINEAR LINEAR</Name_array><technique_common><accessor source="#mixamorig_Spine2-Interpolations-array" count="46"><param type="name"/></accessor></technique_common></source><sampler id="mixamorig_Spine2-Matrix-animation-transform"><input semantic="INPUT" source="#mixamorig_Spine2-Matrix-animation-input"/><input semantic="OUTPUT" source="#mixamorig_Spine2-Matrix-animation-output-transform"/><input semantic="INTERPOLATION" source="#mixamorig_Spine2-Interpolations"/></sampler><channel source="#mixamorig_Spine2-Matrix-animation-transform" target="mixamorig_Spine2/matrix"/></animation>
    <animation id="mixamorig_Neck-anim" name="mixamorig_Neck"><source id="mixamorig_Neck-Matrix-animation-input"><float_array id="mixamorig_Neck-Matrix-animation-input-array" count="46">

0.000000 0.033333 0.066667 0.100000 0.133333 0.166667 0.200000 0.233333 0.266667 0.300000 0.333333 0.366667 0.400000 0.433333 0.466667 0.500000
0.533333 0.566667 0.600000 0.633333 0.666667 0.700000 0.733333 0.766667 0.800000 0.833333 0.866667 0.900000 0.933333 0.966667 1.000000 1.033333
1.066667 1.100000 1.133333 1.166667 1.200000 1.233333 1.266667 1.300000 1.333333 1.366667 1.400000 1.433333 1.466667 1.500000</float_array><technique_common><accessor source="#mixamorig_Neck-Matrix-animation-input-array" count="46"><param name="TIME" type="float"/></accessor></technique_common></source><source id="mixamorig_Neck-Matrix-animation-output-transform"><float_array id="mixamorig_Neck-Matrix-animation-output-transform-array" count="736">

0.999239 -0.037509 -0.010725 0.000000 0.038233 0.996218 0.078025 5.630100 0.007757 -0.078375 0.996894 0.000000 0.000000 0.000000 0.000000 1.000000
0.999011 -0.042971 -0.011449 0.000000 0.043738 0.995963 0.078385 5.630100 0.008035 -0.078808 0.996857 -0.000000 0.000000 0.000000 0.000000 1.000000
0.998964 -0.044581 -0.009152 0.000000 0.045198 0.995362 0.084925 5.630100 0.005323 -0.085251 0.996345 -0.000000 0.000000 0.000000 0.000000 1.000000
0.998981 -0.044832 -0.005274 -0.000000 0.045132 0.994302 0.096573 5.630100 0.000914 -0.096712 0.995312 0.000000 0.000000 0.000000 0.000000 1.000000
0.998820 -0.048571 -0.000548 -0.000000 0.048364 0.993384 0.104155 5.630100 -0.004515 -0.104059 0.994561 0.000000 0.000000 0.000000 0.000000 1.000000
0.998444 -0.055372 0.006604 0.000000 0.054427 0.993422 0.100749 5.630100 -0.012139 -0.100232 0.994890 0.000000 0.000000 0.000000 0.000000 1.000000
0.998082 -0.059042 0.018624 0.000000 0.057276 0.994799 0.084225 5.630100 -0.023500 -0.082997 0.996273 -0.000000 0.000000 0.000000 0.000000 1.000000
0.997905 -0.054339 0.035115 0.000000 0.052326 0.997064 0.055908 5.630100 -0.038050 -0.053953 0.997818 -0.000000 0.000000 0.000000 0.000000 1.000000
0.997810 -0.041370 0.051614 0.000000 0.040164 0.998900 0.024195 5.630100 -0.052559 -0.022069 0.998374 -0.000000 0.000000 0.000000 0.000000 1.000000
0.997649 -0.028480 0.062339 0.000000 0.028388 0.999594 0.002355 5.630100 -0.062381 -0.000580 0.998052 0.000000 0.000000 0.000000 0.000000 1.000000
0.997606 -0.025966 0.064098 0.000000 0.025959 0.999663 0.000941 5.630100 -0.064101 0.000726 0.997943 0.000000 0.000000 0.000000 0.000000 1.000000
0.997809 -0.032558 0.057598 0.000000 0.031352 0.999272 0.021720 5.630100 -0.058263 -0.019867 0.998104 -0.000000 0.000000 0.000000 0.000000 1.000000
0.998195 -0.040761 0.044103 -0.000000 0.038447 0.997902 0.052096 5.630100 -0.046134 -0.050307 0.997668 0.000000 0.000000 0.000000 0.000000 1.000000
0.998399 -0.051781 0.022774 0.000000 0.050062 0.996255 0.070494 5.630100 -0.026339 -0.069241 0.997252 0.000000 0.000000 0.000000 0.000000 1.000000
0.997564 -0.069629 -0.004276 0.000000 0.069760 0.995628 0.062122 5.630100 -0.000068 -0.062269 0.998059 0.000000 0.000000 0.000000 0.000000 1.000000
0.995875 -0.086588 -0.027113 -0.000000 0.087267 0.995872 0.024978 5.630100 0.024838 -0.027241 0.999320 0.000000 0.000000 0.000000 0.000000 1.000000
0.995310 -0.089662 -0.036327 0.000000 0.088276 0.995366 -0.038134 5.630100 0.039578 0.034749 0.998612 0.000000 0.000000 0.000000 0.000000 1.000000
0.996249 -0.079860 -0.033317 0.000000 0.075314 0.989844 -0.120567 5.630100 0.042607 0.117605 0.992146 0.000000 0.000000 0.000000 0.000000 1.000000
