<?xml version="1.0" encoding="utf-8"?>
<COLLADA xmlns="http://www.collada.org/2005/11/COLLADASchema" version="1.4.1">
  <asset><contributor><author>Mixamo</author><authoring_tool>COLLADA Mixamo exporter</authoring_tool><comments></comments></contributor><created>2020-10-31T22:56:05Z</created><modified>2020-10-31T22:56:05Z</modified><revision></revision><title></title><unit meter="0.010000"/><up_axis>Y_UP</up_axis></asset>
  <library_animations>
    <animation id="mixamorig_Hips-anim" name="mixamorig_Hips"><source id="mixamorig_Hips-Matrix-animation-input"><float_array id="mixamorig_Hips-Matrix-animation-input-array" count="43">

0.000000 0.033333 0.066667 0.100000 0.133333 0.166667 0.200000 0.233333 0.266667 0.300000 0.333333 0.366667 0.400000 0.433333 0.466667 0.500000
0.533333 0.566667 0.600000 0.633333 0.666667 0.700000 0.733333 0.766667 0.800000 0.833333 0.866667 0.900000 0.933333 0.966667 1.000000 1.033333
1.066667 1.100000 1.133333 1.166667 1.200000 1.233333 1.266667 1.300000 1.333333 1.366667 1.400000</float_array><technique_common><accessor source="#mixamorig_Hips-Matrix-animation-input-array" count="43"><param name="TIME" type="float"/></accessor></technique_common></source><source id="mixamorig_Hips-Matrix-animation-output-transform"><float_array id="mixamorig_Hips-Matrix-animation-output-transform-array" count="688">

0.468542 -0.083741 -0.879464 0.723933 0.030179 0.996434 -0.078800 43.049408 0.882926 0.010380 0.469398 -0.338709 0.000000 0.000000 0.000000 1.000000
0.495755 -0.090083 -0.863778 0.889019 0.012572 0.995246 -0.096579 42.867409 0.868371 0.037020 0.494531 -0.341746 0.000000 0.000000 0.000000 1.000000
0.562805 -0.091470 -0.821513 1.096162 -0.007067 0.993290 -0.115438 42.369865 0.826560 0.070775 0.558382 -0.124319 0.000000 0.000000 0.000000 1.000000
0.645973 -0.085176 -0.758593 1.262130 -0.023096 0.991120 -0.130951 41.715649 0.763011 0.102111 0.638269 0.273071 0.000000 0.000000 0.000000 1.000000
0.724660 -0.073377 -0.685188 1.296553 -0.029554 0.990091 -0.137285 41.095791 0.688472 0.119735 0.715311 1.060074 0.000000 0.000000 0.000000 1.000000
0.788834 -0.054191 -0.612213 1.152282 -0.023591 0.992702 -0.118267 40.661522 0.614154 0.107735 0.781798 2.280616 0.000000 0.000000 0.000000 1.000000
0.850256 -0.027236 -0.525664 1.029333 -0.013547 0.997197 -0.073580 40.538975 0.526194 0.069683 0.847504 3.670546 0.000000 0.000000 0.000000 1.000000
0.907645 -0.015341 -0.419458 1.026781 0.005351 0.999674 -0.024983 40.802658 0.419704 0.020431 0.907431 5.166069 0.000000 0.000000 0.000000 1.000000
0.947891 -0.009470 -0.318453 1.109641 0.019960 0.999360 0.029692 41.371342 0.317968 -0.034501 0.947474 6.432540 0.000000 0.000000 0.000000 1.000000
0.972968 0.008247 -0.230793 1.206374 0.013112 0.995777 0.090859 42.043999 0.230568 -0.091429 0.968751 7.568953 0.000000 0.000000 0.000000 1.000000
0.983662 0.037721 -0.176029 1.210282 -0.010509 0.988166 0.153027 42.638126 0.179719 -0.148677 0.972418 8.401188 0.000000 0.000000 0.000000 1.000000
0.988610 0.066301 -0.135110 1.062863 -0.030833 0.967918 0.249369 43.064106 0.147309 -0.242363 0.958937 9.357682 0.000000 0.000000 0.000000 1.000000
0.987484 0.102467 -0.119900 0.865028 -0.049967 0.924298 0.378387 43.476616 0.149595 -0.367660 0.917849 10.603706 0.000000 0.000000 0.000000 1.000000
0.985781 0.135023 -0.100025 0.631078 -0.064279 0.852989 0.517955 44.001602 0.155256 -0.504161 0.849540 12.251858 0.000000 0.000000 0.000000 1.000000
0.984736 0.161682 -0.064457 0.216200 -0.087771 0.781057 0.618260 44.648033 0.150306 -0.603166 0.783326 14.350732 0.000000 0.000000 0.000000 1.000000
0.986166 0.165759 -0.001248 -0.111264 -0.124671 0.746640 0.653442 45.235054 0.109246 -0.644246 0.756976 16.437689 0.000000 0.000000 0.000000 1.000000
0.987319 0.155674 0.031110 -0.413601 -0.135855 0.727149 0.672902 45.959492 0.082131 -0.668595 0.739077 18.625185 0.000000 0.000000 0.000000 1.000000
0.988362 0.119535 0.094082 -0.686559 -0.150776 0.687821 0.710048 46.693806 0.020164 -0.715970 0.697840 22.010765 0.000000 0.000000 0.000000 1.000000
0.982591 0.040830 0.181239 -0.996063 -0.163604 0.652392 0.740013 46.878136 -0.088024 -0.756781 0.647714 22.867701 0.000000 0.000000 0.000000 1.000000
0.976670 0.055903 0.207340 -1.014840 -0.197212 0.615599 0.762984 46.549683 -0.084985 -0.786074 0.612262 23.011999 0.000000 0.000000 0.000000 1.000000
0.973421 0.075153 0.216342 -0.979070 -0.217349 0.600896 0.769210 46.144409 -0.072191 -0.795787 0.601259 22.783978 0.000000 0.000000 0.000000 1.000000
0.974702 0.067093 0.213202 -0.952810 -0.206296 0.637145 0.742623 45.797363 -0.086015 -0.767818 0.634867 21.819101 0.000000 0.000000 0.000000 1.000000
0.981241 0.039969 0.188597 -0.915314 -0.165358 0.677425 0.716765 45.120857 -0.099112 -0.734505 0.671326 20.330259 0.000000 0.000000 0.000000 1.000000
0.991783 0.041217 0.121110 -0.797089 -0.114025 0.714039 0.690758 44.592640 -0.058006 -0.698892 0.712871 18.894941 0.000000 0.000000 0.000000 1.000000
0.997200 0.056169 0.049363 -0.579938 -0.074777 0.746177 0.661535 44.294453 0.000324 -0.663374 0.748288 17.483648 0.000000 0.000000 0.000000 1.000000
0.997101 0.075696 -0.007777 -0.342800 -0.056613 0.806232 0.588884 43.906578 0.050846 -0.586736 0.808180 15.954675 0.000000 0.000000 0.000000 1.000000
0.991891 0.072969 -0.104052 0.021674 -0.011839 0.868233 0.496015 43.660591 0.126535 -0.490761 0.862057 14.304270 0.000000 0.000000 0.000000 1.000000
0.969034 0.058073 -0.240001 0.380330 0.036211 0.928023 0.370758 43.628162 0.244258 -0.367968 0.897183 12.742523 0.000000 0.000000 0.000000 1.000000
0.930923 0.027218 -0.364200 0.641359 0.060792 0.971758 0.228013 43.801708 0.360120 -0.234403 0.902978 11.299677 0.000000 0.000000 0.000000 1.000000
0.880660 -0.009782 -0.473647 0.708528 0.060336 0.993961 0.091657 44.108803 0.469891 -0.109297 0.875932 10.261692 0.000000 0.000000 0.000000 1.000000
0.827760 -0.032658 -0.560131 0.704110 0.040335 0.999185 0.001349 44.224552 0.559631 -0.023710 0.828403 9.656322 0.000000 0.000000 0.000000 1.000000
0.753883 -0.042278 -0.655647 0.723663 0.017190 0.998855 -0.044644 43.949745 0.656784 0.022386 0.753747 9.105937 0.000000 0.000000 0.000000 1.000000
0.657695 -0.059504 -0.750930 0.641206 0.010912 0.997523 -0.069487 43.242229 0.753205 0.037507 0.656716 8.580719 0.000000 0.000000 0.000000 1.000000
0.544890 -0.084256 -0.834264 0.584966 0.011713 0.995606 -0.092901 42.291962 0.838426 0.040850 0.543483 7.608024 0.000000 0.000000 0.000000 1.000000
0.418155 -0.108276 -0.901900 0.597635 0.009805 0.993351 -0.114709 41.101345 0.908323 0.039123 0.416436 6.335166 0.000000 0.000000 0.000000 1.000000
0.303194 -0.125862 -0.944580 0.730933 0.003097 0.991364 -0.131102 40.053123 0.952924 0.036824 0.300965 4.904917 0.000000 0.000000 0.000000 1.000000
0.275505 -0.135692 -0.951675 0.917431 0.009490 0.990323 -0.138456 39.173550 0.961253 0.029114 0.274126 3.644517 0.000000 0.000000 0.000000 1.000000
0.299234 -0.133756 -0.944758 0.897122 0.016938 0.990715 -0.134898 38.995022 0.954029 0.024364 0.298721 2.565503 0.000000 0.000000 0.000000 1.000000
0.334863 -0.129413 -0.933338 0.759969 0.024736 0.991390 -0.128587 39.618881 0.941942 0.019971 0.335181 1.551704 0.000000 0.000000 0.000000 1.000000
0.375524 -0.122546 -0.918675 0.690232 0.030469 0.992317 -0.119915 40.550220 0.926312 0.017040 0.376372 0.859223 0.000000 0.000000 0.000000 1.000000
0.414891 -0.113073 -0.902818 0.640206 0.032701 0.993460 -0.109398 41.555344 0.909283 0.015865 0.415875 0.319778 0.000000 0.000000 0.000000 1.000000
0.447317 -0.090923 -0.889742 0.660461 0.031626 0.995805 -0.085861 42.430916 0.893816 0.010268 0.448316 -0.000678 0.000000 0.000000 0.000000 1.000000
0.465950 -0.084657 -0.880752 0.693845 0.030734 0.996360 -0.079510 42.971310 0.884277 0.009978 0.466856 -0.266880 0.000000 0.000000 0.000000 1.000000</float_array><technique_common><accessor source="#mixamorig_Hips-Matrix-animation-output-transform-array" count="43" stride="16"><param type="float4x4"/></accessor></technique_common></source><source id="mixamorig_Hips-Interpolations"><Name_array id="mixamorig_Hips-Interpolations-array" count="43">
 LINEAR LINEAR LINEAR LINEAR LINEAR LINEAR LINEAR LINEAR LINEAR LINEAR LINEAR
LINEAR LINEAR LINEAR LINEAR LINEAR LINEAR LINEAR LINEAR LINEAR LINEAR LINEAR LINEAR
LINEAR LINEAR LINEAR LINEAR LINEAR LINEAR LINEAR LINEAR LINEAR LINEAR LINEAR LINEAR
LINEAR LINEAR LINEAR LINEAR LINEAR LINEAR LINEAR LINEAR</Name_array><technique_common><accessor source="#mixamorig_Hips-Interpolations-array" count="43"><param type="name"/></accessor></technique_common></source><sampler id="mixamorig_Hips-Matrix-animation-transform"><input semantic="INPUT" source="#mixamorig_Hips-Matrix-animation-input"/><input semantic="OUTPUT" source="#mixamorig_Hips-Matrix-animation-output-transform"/><input semantic="INTERPOLATION" source="#mixamorig_Hips-Interpolations"/></sampler><channel source="#mixamorig_Hips-Matrix-animation-transform" target="mixamorig_Hips/matrix"/></animation>
    <animation id="mixamorig_Spine-anim" name="mixamorig_Spine"><source id="mixamorig_Spine-Matrix-animation-input"><float_array id="mixamorig_Spine-Matrix-animation-input-array" count="43">

0.000000 0.033333 0.066667 0.100000 0.133333 0.166667 0.200000 0.233333 0.266667 0.300000 0.333333 0.366667 0.400000 0.433333 0.466667 0.500000
0.533333 0.566667 0.600000 0.633333 0.666667 0.700000 0.733333 0.766667 0.800000 0.833333 0.866667 0.900000 0.933333 0.966667 1.000000 1.033333
1.066667 1.100000 1.133333 1.166667 1.200000 1.233333 1.266667 1.300000 1.333333 1.366667 1.400000</float_array><technique_common><accessor source="#mixamorig_Spine-Matrix-animation-input-array" count="43"><param name="TIME" type="float"/></accessor></technique_common></source><source id="mixamorig_Spine-Matrix-animation-output-transform"><float_array id="mixamorig_Spine-Matrix-animation-output-transform-array" count="688">

0.997206 0.074491 -0.005668 0.000000 -0.073521 0.965087 -0.251400 3.753200 -0.013257 0.251115 0.967867 -0.033300 0.000000 0.000000 0.000000 1.000000
0.997565 0.068854 0.011129 0.000000 -0.063965 0.966748 -0.247600 3.753200 -0.027807 0.246285 0.968798 -0.033300 0.000000 0.000000 0.000000 1.000000
0.996966 0.054506 0.055567 0.000000 -0.040047 0.971341 -0.234292 3.753200 -0.066745 0.231356 0.970577 -0.033300 0.000000 0.000000 0.000000 1.000000
0.992486 0.037630 0.116432 0.000000 -0.012597 0.977905 -0.208670 3.753200 -0.121711 0.205635 0.971031 -0.033300 0.000000 0.000000 0.000000 1.000000
0.983276 0.019503 0.181073 -0.000000 0.009622 0.987297 -0.158592 3.753200 -0.181866 0.157682 0.970598 -0.033300 0.000000 0.000000 0.000000 1.000000
0.970979 0.000857 0.239165 -0.000000 0.027160 0.993129 -0.113826 3.753200 -0.237619 0.117018 0.964284 -0.033300 0.000000 0.000000 0.000000 1.000000
0.959389 -0.019452 0.281416 0.000000 0.045191 0.995333 -0.085263 3.753200 -0.278444 0.094518 0.955790 -0.033300 0.000000 0.000000 0.000000 1.000000
0.957827 -0.040703 0.284447 0.000000 0.066979 0.994274 -0.083266 3.753200 -0.279429 0.098807 0.955069 -0.033300 0.000000 0.000000 0.000000 1.000000
0.971108 -0.065911 0.229358 0.000000 0.097631 0.986720 -0.129816 3.753200 -0.217755 0.148458 0.964646 -0.033300 0.000000 0.000000 0.000000 1.000000
0.981857 -0.088241 0.167839 -0.000000 0.119169 0.975638 -0.184197 3.753200 -0.147496 0.200856 0.968453 -0.033300 0.000000 0.000000 0.000000 1.000000
0.984626 -0.106844 0.138185 0.000000 0.136389 0.964516 -0.226070 3.753200 -0.109128 0.241442 0.964260 -0.033300 0.000000 0.000000 0.000000 1.000000
0.986561 -0.125039 0.105180 -0.000000 0.150072 0.948008 -0.280642 3.753200 -0.064620 0.292655 0.954032 -0.033300 0.000000 0.000000 0.000000 1.000000
0.987893 -0.131253 0.082704 0.000000 0.152465 0.919914 -0.361264 3.753200 -0.028664 0.369500 0.928789 -0.033300 0.000000 0.000000 0.000000 1.000000
0.987788 -0.142570 0.062843 -0.000000 0.155764 0.894287 -0.419510 3.753200 0.003610 0.424175 0.905573 -0.033300 0.000000 0.000000 0.000000 1.000000
0.987960 -0.152904 0.023571 0.000000 0.149766 0.907008 -0.393581 3.753200 0.038801 0.392372 0.918988 -0.033300 0.000000 0.000000 0.000000 1.000000
0.988977 -0.136607 -0.057117 -0.000000 0.118626 0.961861 -0.246479 3.753200 0.088610 0.236986 0.967464 -0.033300 0.000000 0.000000 0.000000 1.000000
0.988760 -0.102206 -0.109122 0.000000 0.096623 0.993784 -0.055295 3.753200 0.114095 0.044130 0.992489 -0.033300 0.000000 0.000000 0.000000 1.000000
0.987925 -0.055772 -0.144544 -0.000000 0.064264 0.996429 0.054764 3.753200 0.140973 -0.063392 0.987982 -0.033300 0.000000 0.000000 0.000000 1.000000
0.990296 0.007684 -0.138765 -0.000000 0.001176 0.997971 0.063658 3.753200 0.138972 -0.063204 0.988277 -0.033300 0.000000 0.000000 0.000000 1.000000
0.994052 0.000613 -0.108903 -0.000000 0.002655 0.999551 0.029861 3.753200 0.108873 -0.029973 0.993604 -0.033300 0.000000 0.000000 0.000000 1.000000
0.995031 -0.039012 -0.091607 -0.000000 0.039723 0.999193 0.005951 3.753200 0.091301 -0.009561 0.995777 -0.033300 0.000000 0.000000 0.000000 1.000000
0.992538 -0.016614 -0.120795 0.000000 0.019969 0.999446 0.026618 3.753200 0.120285 -0.028831 0.992321 -0.033300 0.000000 0.000000 0.000000 1.000000
0.991176 -0.009853 -0.132183 0.000000 0.012562 0.999727 0.019680 3.753200 0.131953 -0.021167 0.991030 -0.033300 0.000000 0.000000 0.000000 1.000000
0.991685 -0.030324 -0.125065 0.000000 0.028845 0.999491 -0.013615 3.753200 0.125414 0.009894 0.992055 -0.033300 0.000000 0.000000 0.000000 1.000000
0.986489 -0.053271 -0.154922 0.000000 0.044815 0.997335 -0.057575 3.753200 0.157577 0.049855 0.986248 -0.033300 0.000000 0.000000 0.000000 1.000000
0.976527 -0.093632 -0.193977 0.000000 0.073495 0.991372 -0.108540 3.753200 0.202466 0.091736 0.974983 -0.033300 0.000000 0.000000 0.000000 1.000000
0.974150 -0.129642 -0.184997 0.000000 0.101823 0.983013 -0.152699 3.753200 0.201651 0.129915 0.970803 -0.033300 0.000000 0.000000 0.000000 1.000000
0.978268 -0.148321 -0.144885 0.000000 0.122985 0.977661 -0.170451 3.753200 0.166930 0.148928 0.974656 -0.033300 0.000000 0.000000 0.000000 1.000000
0.982171 -0.144649 -0.120073 0.000000 0.124497 0.979056 -0.161089 3.753200 0.140859 0.143268 0.979608 -0.033300 0.000000 0.000000 0.000000 1.000000
0.987248 -0.116444 -0.108546 0.000000 0.102232 0.986440 -0.128391 3.753200 0.122025 0.115657 0.985765 -0.033300 0.000000 0.000000 0.000000 1.000000
0.989472 -0.102432 -0.102239 0.000000 0.091398 0.990014 -0.107327 3.753200 0.112212 0.096853 0.988953 -0.033300 0.000000 0.000000 0.000000 1.000000
0.994714 -0.083544 -0.059698 0.000000 0.075308 0.988788 -0.128944 3.753200 0.069801 0.123767 0.989853 -0.033300 0.000000 0.000000 0.000000 1.000000
0.998508 -0.054294 -0.005766 0.000000 0.052912 0.988293 -0.143102 3.753200 0.013468 0.142583 0.989691 -0.033300 0.000000 0.000000 0.000000 1.000000
0.999064 -0.020013 0.038350 0.000000 0.025012 0.990578 -0.134647 3.753200 -0.035293 0.135480 0.990151 -0.033300 0.000000 0.000000 0.000000 1.000000
0.997409 0.020665 0.068908 0.000000 -0.012291 0.992721 -0.119808 3.753200 -0.070882 0.118650 0.990403 -0.033300 0.000000 0.000000 0.000000 1.000000
0.994878 0.053558 0.085728 0.000000 -0.043077 0.991869 -0.119749 3.753200 -0.091444 0.115443 0.989096 -0.033300 0.000000 0.000000 0.000000 1.000000
0.995256 0.065838 0.071631 0.000000 -0.055266 0.988510 -0.140689 3.753200 -0.080070 0.136062 0.987459 -0.033300 0.000000 0.000000 0.000000 1.000000
0.997035 0.059942 0.048256 0.000000 -0.050989 0.984272 -0.169138 3.753200 -0.057635 0.166176 0.984410 -0.033300 0.000000 0.000000 0.000000 1.000000
0.997488 0.065701 0.026492 0.000000 -0.059248 0.978721 -0.196456 3.753200 -0.038836 0.194392 0.980155 -0.033300 0.000000 0.000000 0.000000 1.000000
0.997291 0.072687 0.011305 0.000000 -0.068574 0.974256 -0.214761 3.753200 -0.026624 0.213404 0.976601 -0.033300 0.000000 0.000000 0.000000 1.000000
0.997193 0.074845 0.002020 -0.000000 -0.072374 0.970487 -0.230036 3.753200 -0.019177 0.229245 0.973180 -0.033300 0.000000 0.000000 0.000000 1.000000
0.997214 0.074513 -0.003600 0.000000 -0.073137 0.967014 -0.243997 3.753200 -0.014700 0.243580 0.969769 -0.033300 0.000000 0.000000 0.000000 1.000000
0.997214 0.074392 -0.005493 0.000000 -0.073393 0.965319 -0.250545 3.753200 -0.013336 0.250250 0.968089 -0.033300 0.000000 0.000000 0.000000 1.000000</float_array><technique_common><accessor source="#mixamorig_Spine-Matrix-animation-output-transform-array" count="43" stride="16"><param type="float4x4"/></accessor></technique_common></source><source id="mixamorig_Spine-Interpolations"><Name_array id="mixamorig_Spine-Interpolations-array" count="43">
 LINEAR LINEAR LINEAR LINEAR LINEAR LINEAR LINEAR LINEAR LINEAR LINEAR LINEAR
LINEAR LINEAR LINEAR LINEAR LINEAR LINEAR LINEAR LINEAR LINEAR LINEAR LINEAR LINEAR
LINEAR LINEAR LINEAR LINEAR LINEAR LINEAR LINEAR LINEAR LINEAR LINEAR LINEAR LINEAR
LINEAR LINEAR LINEAR LINEAR LINEAR LINEAR LINEAR LINEAR</Name_array><technique_common><accessor source="#mixamorig_Spine-Interpolations-array" count="43"><param type="name"/></accessor></technique_common></source><sampler id="mixamorig_Spine-Matrix-animation-transform"><input semantic="INPUT" source="#mixamorig_Spine-Matrix-animation-input"/><input semantic="OUTPUT" source="#mixamorig_Spine-Matrix-animation-output-transform"/><input semantic="INTERPOLATION" source="#mixamorig_Spine-Interpolations"/></sampler><channel source="#mixamorig_Spine-Matrix-animation-transform" target="mixamorig_Spine/matrix"/></animation>
    <animation id="mixamorig_Spine1-anim" name="mixamorig_Spine1"><source id="mixamorig_Spine1-Matrix-animation-input"><float_array id="mixamorig_Spine1-Matrix-animation-input-array" count="43">

0.000000 0.033333 0.066667 0.100000 0.133333 0.166667 0.200000 0.233333 0.266667 0.300000 0.333333 0.366667 0.400000 0.433333 0.466667 0.500000
0.533333 0.566667 0.600000 0.633333 0.666667 0.700000 0.733333 0.766667 0.800000 0.833333 0.866667 0.900000 0.933333 0.966667 1.000000 1.033333
1.066667 1.100000 1.133333 1.166667 1.200000 1.233333 1.266667 1.300000 1.333333 1.366667 1.400000</float_array><technique_common><accessor source="#mixamorig_Spine1-Matrix-animation-input-array" count="43"><param name="TIME" type="float"/></accessor></technique_common></source><source id="mixamorig_Spine1-Matrix-animation-output-transform"><float_array id="mixamorig_Spine1-Matrix-animation-output-transform-array" count="688">

0.998755 0.048783 0.010403 0.000000 -0.047467 0.993618 -0.102325 4.378900 -0.015329 0.101704 0.994697 -0.000000 0.000000 0.000000 0.000000 1.000000
0.998862 0.045279 0.015005 0.000000 -0.043405 0.993228 -0.107773 4.378900 -0.019784 0.106999 0.994062 0.000000 0.000000 0.000000 0.000000 1.000000
0.999024 0.034721 0.027289 0.000000 -0.031292 0.992596 -0.117359 4.378900 -0.031162 0.116391 0.992715 0.000000 0.000000 0.000000 0.000000 1.000000
0.998833 0.018197 0.044747 -0.000000 -0.012698 0.992664 -0.120241 4.378900 -0.046607 0.119532 0.991736 -0.000000 0.000000 0.000000 0.000000 1.000000
0.997928 -0.001507 0.064316 -0.000000 0.008458 0.994122 -0.107936 4.378900 -0.063776 0.108257 0.992075 0.000000 0.000000 0.000000 0.000000 1.000000
0.996370 -0.020206 0.082698 0.000000 0.027597 0.995628 -0.089234 4.378900 -0.080533 0.091192 0.992572 0.000000 0.000000 0.000000 0.000000 1.000000
0.994589 -0.036365 0.097318 0.000000 0.043238 0.996646 -0.069473 4.378900 -0.094466 0.073305 0.992826 0.000000 0.000000 0.000000 0.000000 1.000000
0.993669 -0.048081 0.101543 0.000000 0.054416 0.996680 -0.060567 4.378900 -0.098294 0.065709 0.992986 0.000000 0.000000 0.000000 0.000000 1.000000
0.994874 -0.056737 0.083710 0.000000 0.062064 0.996115 -0.062477 4.378900 -0.079840 0.067352 0.994530 0.000000 0.000000 0.000000 0.000000 1.000000
0.995903 -0.065090 0.062768 0.000000 0.069881 0.994547 -0.077418 4.378900 -0.057386 0.081487 0.995021 -0.000000 0.000000 0.000000 0.000000 1.000000
0.996135 -0.074292 0.046855 0.000000 0.078045 0.993392 -0.084146 4.378900 -0.040295 0.087477 0.995351 -0.000000 0.000000 0.000000 0.000000 1.000000
0.995839 -0.085236 0.032243 -0.000000 0.087579 0.992938 -0.080026 4.378900 -0.025194 0.082517 0.996271 0.000000 0.000000 0.000000 0.000000 1.000000
0.995152 -0.096696 0.017977 0.000000 0.097840 0.991928 -0.080659 4.378900 -0.010033 0.082027 0.996580 0.000000 0.000000 0.000000 0.000000 1.000000
0.993762 -0.111448 0.004097 0.000000 0.111388 0.990088 -0.085553 4.378900 0.005478 0.085475 0.996325 0.000000 0.000000 0.000000 0.000000 1.000000
0.992195 -0.124258 -0.010447 -0.000000 0.123068 0.989292 -0.078458 4.378900 0.020084 0.076560 0.996863 0.000000 0.000000 0.000000 0.000000 1.000000
0.992854 -0.115849 -0.028647 -0.000000 0.114417 0.992301 -0.047413 4.378900 0.033919 0.043796 0.998464 0.000000 0.000000 0.000000 0.000000 1.000000
0.995121 -0.092225 -0.035061 0.000000 0.091018 0.995248 -0.034594 4.378900 0.038085 0.031234 0.998786 0.000000 0.000000 0.000000 0.000000 1.000000
0.997394 -0.058368 -0.042414 0.000000 0.056653 0.997570 -0.040553 4.378900 0.044678 0.038044 0.998277 0.000000 0.000000 0.000000 0.000000 1.000000
0.998791 -0.010377 -0.048048 0.000000 0.009388 0.999740 -0.020768 4.378900 0.048251 0.020292 0.998629 0.000000 0.000000 0.000000 0.000000 1.000000
0.999264 -0.001296 -0.038329 0.000000 0.001201 0.999996 -0.002516 4.378900 0.038332 0.002469 0.999262 0.000000 0.000000 0.000000 0.000000 1.000000
0.999367 -0.012475 -0.033329 0.000000 0.012615 0.999912 0.003985 4.378900 0.033276 -0.004403 0.999436 0.000000 0.000000 0.000000 0.000000 1.000000
0.999040 -0.006176 -0.043373 0.000000 0.006761 0.999888 0.013340 4.378900 0.043286 -0.013620 0.998970 0.000000 0.000000 0.000000 0.000000 1.000000
0.998839 -0.005087 -0.047898 -0.000000 0.005798 0.999875 0.014719 4.378900 0.047817 -0.014979 0.998744 -0.000000 0.000000 0.000000 0.000000 1.000000
0.998809 -0.015609 -0.046229 0.000000 0.016082 0.999822 0.009868 4.378900 0.046067 -0.010600 0.998882 0.000000 0.000000 0.000000 0.000000 1.000000
0.997863 -0.034619 -0.055417 -0.000000 0.034425 0.999397 -0.004458 4.378900 0.055538 0.002541 0.998453 -0.000000 0.000000 0.000000 0.000000 1.000000
0.996058 -0.056219 -0.068621 0.000000 0.054607 0.998191 -0.025139 4.378900 0.069910 0.021292 0.997326 0.000000 0.000000 0.000000 0.000000 1.000000
0.995306 -0.071569 -0.065141 0.000000 0.068819 0.996679 -0.043527 4.378900 0.068040 0.038840 0.996926 0.000000 0.000000 0.000000 0.000000 1.000000
0.995668 -0.077571 -0.051268 0.000000 0.074672 0.995621 -0.056231 4.378900 0.055406 0.052159 0.997101 0.000000 0.000000 0.000000 0.000000 1.000000
0.996888 -0.068189 -0.039555 0.000000 0.065681 0.995939 -0.061567 4.378900 0.043593 0.058778 0.997319 0.000000 0.000000 0.000000 0.000000 1.000000
0.998393 -0.046062 -0.033020 0.000000 0.044090 0.997334 -0.058146 4.378900 0.035611 0.056597 0.997762 0.000000 0.000000 0.000000 0.000000 1.000000
0.999032 -0.035812 -0.025540 0.000000 0.034283 0.997729 -0.057984 4.378900 0.027559 0.057052 0.997991 0.000000 0.000000 0.000000 0.000000 1.000000
0.999402 -0.029291 -0.018350 0.000000 0.028128 0.997756 -0.060759 4.378900 0.020088 0.060206 0.997984 -0.000000 0.000000 0.000000 0.000000 1.000000
0.999673 -0.022479 -0.012210 0.000000 0.021689 0.997875 -0.061440 4.378900 0.013565 0.061155 0.998036 -0.000000 0.000000 0.000000 0.000000 1.000000
0.999894 -0.012549 -0.007370 0.000000 0.012038 0.997765 -0.065729 4.378900 0.008179 0.065633 0.997810 0.000000 0.000000 0.000000 0.000000 1.000000
0.999985 0.003306 -0.004375 -0.000000 -0.003612 0.997393 -0.072070 4.378900 0.004125 0.072085 0.997390 0.000000 0.000000 0.000000 0.000000 1.000000
0.999780 0.020840 -0.002233 0.000000 -0.020951 0.996675 -0.078737 4.378900 0.000585 0.078766 0.996893 0.000000 0.000000 0.000000 0.000000 1.000000
0.999409 0.034382 0.000229 0.000000 -0.034247 0.996049 -0.081937 4.378900 -0.003045 0.081881 0.996637 -0.000000 0.000000 0.000000 0.000000 1.000000
0.998868 0.047550 0.000921 -0.000000 -0.047292 0.995118 -0.086618 4.378900 -0.005035 0.086477 0.996241 0.000000 0.000000 0.000000 0.000000 1.000000
0.998626 0.052285 0.003540 0.000000 -0.051762 0.994668 -0.089198 4.378900 -0.008185 0.088892 0.996008 0.000000 0.000000 0.000000 0.000000 1.000000
0.998537 0.053706 0.006293 -0.000000 -0.052905 0.994385 -0.091645 4.378900 -0.011180 0.091178 0.995772 0.000000 0.000000 0.000000 0.000000 1.000000
0.998584 0.052496 0.008654 0.000000 -0.051444 0.994174 -0.094717 4.378900 -0.013575 0.094138 0.995467 -0.000000 0.000000 0.000000 0.000000 1.000000
0.998686 0.050395 0.009301 -0.000000 -0.049194 0.993621 -0.101476 4.378900 -0.014356 0.100885 0.994795 0.000000 0.000000 0.000000 0.000000 1.000000
0.998758 0.048737 0.010334 -0.000000 -0.047428 0.993622 -0.102300 4.378900 -0.015253 0.101683 0.994700 -0.000000 0.000000 0.000000 0.000000 1.000000</float_array><technique_common><accessor source="#mixamorig_Spine1-Matrix-animation-output-transform-array" count="43" stride="16"><param type="float4x4"/></accessor></technique_common></source><source id="mixamorig_Spine1-Interpolations"><Name_array id="mixamorig_Spine1-Interpolations-array" count="43">
 LINEAR LINEAR LINEAR LINEAR LINEAR LINEAR LINEAR LINEAR LINEAR LINEAR LINEAR
LINEAR LINEAR LINEAR LINEAR LINEAR LINEAR LINEAR LINEAR LINEAR LINEAR LINEAR LINEAR
LINEAR LINEAR LINEAR LINEAR LINEAR LINEAR LINEAR LINEAR LINEAR LINEAR LINEAR LINEAR
LINEAR LINEAR LINEAR LINEAR LINEAR LINEAR LINEAR LINEAR</Name_array><technique_common><accessor source="#mixamorig_Spine1-Interpolations-array" count="43"><param type="name"/></accessor></technique_common></source><sampler id="mixamorig_Spine1-Matrix-animation-transform"><input semantic="INPUT" source="#mixamorig_Spine1-Matrix-animation-input"/><input semantic="OUTPUT" source="#mixamorig_Spine1-Matrix-animation-output-transform"/><input semantic="INTERPOLATION" source="#mixamorig_Spine1-Interpolations"/></sampler><channel source="#mixamorig_Spine1-Matrix-animation-transform" target="mixamorig_Spine1/matrix"/></animation>
    <animation id="mixamorig_Spine2-anim" name="mixamorig_Spine2"><source id="mixamorig_Spine2-Matrix-animation-input"><float_array id="mixamorig_Spine2-Matrix-animation-input-array" count="43">

0.000000 0.033333 0.066667 0.100000 0.133333 0.166667 0.200000 0.233333 0.266667 0.300000 0.333333 0.366667 0.400000 0.433333 0.466667 0.500000
0.533333 0.566667 0.600000 0.633333 0.666667 0.700000 0.733333 0.766667 0.800000 0.833333 0.866667 0.900000 0.933333 0.966667 1.000000 1.033333
1.066667 1.100000 1.133333 1.166667 1.200000 1.233333 1.266667 1.300000 1.333333 1.366667 1.400000</float_array><technique_common><accessor source="#mixamorig_Spine2-Matrix-animation-input-array" count="43"><param name="TIME" type="float"/></accessor></technique_common></source><source id="mixamorig_Spine2-Matrix-animation-output-transform"><float_array id="mixamorig_Spine2-Matrix-animation-output-transform-array" count="688">

0.998694 0.049711 0.011765 -0.000000 -0.048252 0.993588 -0.102252 5.004500 -0.016773 0.101551 0.994689 0.000000 0.000000 0.000000 0.000000 1.000000
0.998808 0.046039 0.016202 0.000000 -0.044035 0.993215 -0.107632 5.004500 -0.021047 0.106791 0.994059 0.000000 0.000000 0.000000 0.000000 1.000000
0.998985 0.035093 0.028242 0.000000 -0.031560 0.992622 -0.117072 5.004500 -0.032142 0.116062 0.992722 0.000000 0.000000 0.000000 0.000000 1.000000
0.998795 0.018126 0.045603 0.000000 -0.012546 0.992720 -0.119787 5.004500 -0.047442 0.119070 0.991752 0.000000 0.000000 0.000000 0.000000 1.000000
0.997876 -0.001998 0.065116 0.000000 0.009002 0.994170 -0.107450 5.004500 -0.064522 0.107808 0.992076 -0.000000 0.000000 0.000000 0.000000 1.000000
0.996301 -0.021052 0.083316 -0.000000 0.028443 0.995666 -0.088547 5.004500 -0.081091 0.090590 0.992581 0.000000 0.000000 0.000000 0.000000 1.000000
0.994501 -0.037410 0.097817 0.000000 0.044214 0.996682 -0.068344 5.004500 -0.094935 0.072293 0.992855 0.000000 0.000000 0.000000 0.000000 1.000000
0.993522 -0.049182 0.102442 0.000000 0.055422 0.996719 -0.058987 5.004500 -0.099205 0.064283 0.992988 -0.000000 0.000000 0.000000 0.000000 1.000000
0.994688 -0.057896 0.085105 0.000000 0.063174 0.996156 -0.060689 5.004500 -0.081264 0.065743 0.994522 -0.000000 0.000000 0.000000 0.000000 1.000000
0.995734 -0.065556 0.064930 -0.000000 0.070444 0.994609 -0.076100 5.004500 -0.059591 0.080349 0.994984 0.000000 0.000000 0.000000 0.000000 1.000000
0.996036 -0.073764 0.049720 0.000000 0.077736 0.993483 -0.083353 5.004500 -0.043248 0.086888 0.995279 -0.000000 0.000000 0.000000 0.000000 1.000000
0.995812 -0.084222 0.035560 0.000000 0.086829 0.993042 -0.079550 5.004500 -0.028613 0.082305 0.996196 0.000000 0.000000 0.000000 0.000000 1.000000
0.995154 -0.095853 0.021943 0.000000 0.097325 0.991987 -0.080553 5.004500 -0.014046 0.082299 0.996509 0.000000 0.000000 0.000000 0.000000 1.000000
0.993781 -0.110962 0.009347 0.000000 0.111354 0.990052 -0.086009 5.004500 0.000290 0.086515 0.996251 0.000000 0.000000 0.000000 0.000000 1.000000
0.992238 -0.124263 -0.004831 0.000000 0.123488 0.989146 -0.079624 5.004500 0.014673 0.078410 0.996813 0.000000 0.000000 0.000000 0.000000 1.000000
0.992908 -0.116056 -0.025792 0.000000 0.114693 0.992181 -0.049217 5.004500 0.031303 0.045910 0.998455 -0.000000 0.000000 0.000000 0.000000 1.000000
0.995237 -0.091137 -0.034603 0.000000 0.089898 0.995307 -0.035814 5.004500 0.037704 0.032533 0.998759 0.000000 0.000000 0.000000 0.000000 1.000000
0.997468 -0.056797 -0.042793 -0.000000 0.055064 0.997655 -0.040645 5.004500 0.045001 0.038186 0.998257 -0.000000 0.000000 0.000000 0.000000 1.000000
0.998793 -0.009437 -0.048201 0.000000 0.008463 0.999757 -0.020366 5.004500 0.048382 0.019934 0.998630 0.000000 0.000000 0.000000 0.000000 1.000000
0.999264 -0.001110 -0.038342 0.000000 0.001014 0.999996 -0.002521 5.004500 0.038345 0.002480 0.999261 0.000000 0.000000 0.000000 0.000000 1.000000
0.999367 -0.012594 -0.033280 0.000000 0.012734 0.999911 0.004000 5.004500 0.033227 -0.004421 0.999438 0.000000 0.000000 0.000000 0.000000 1.000000
0.999040 -0.006414 -0.043336 0.000000 0.006997 0.999887 0.013329 5.004500 0.043245 -0.013619 0.998972 0.000000 0.000000 0.000000 0.000000 1.000000
0.998839 -0.005466 -0.047869 0.000000 0.006173 0.999874 0.014643 5.004500 0.047783 -0.014921 0.998746 0.000000 0.000000 0.000000 0.000000 1.000000
0.998805 -0.016198 -0.046117 -0.000000 0.016662 0.999814 0.009694 5.004500 0.045951 -0.010451 0.998889 0.000000 0.000000 0.000000 0.000000 1.000000
0.997848 -0.035407 -0.055183 0.000000 0.035186 0.999368 -0.004977 5.004500 0.055325 0.003025 0.998464 0.000000 0.000000 0.000000 0.000000 1.000000
0.996058 -0.056905 -0.068040 -0.000000 0.055225 0.998127 -0.026318 5.004500 0.069410 0.022457 0.997335 0.000000 0.000000 0.000000 0.000000 1.000000
0.995337 -0.071930 -0.064266 0.000000 0.069106 0.996588 -0.045134 5.004500 0.067294 0.040482 0.996912 0.000000 0.000000 0.000000 0.000000 1.000000
0.995713 -0.077544 -0.050419 0.000000 0.074617 0.995550 -0.057547 5.004500 0.054657 0.053538 0.997069 0.000000 0.000000 0.000000 0.000000 1.000000
0.996932 -0.067965 -0.038823 0.000000 0.065467 0.995905 -0.062352 5.004500 0.042902 0.059619 0.997299 0.000000 0.000000 0.000000 0.000000 1.000000
0.998428 -0.045723 -0.032408 -0.000000 0.043776 0.997331 -0.058440 5.004500 0.034993 0.056930 0.997765 0.000000 0.000000 0.000000 0.000000 1.000000
0.999085 -0.034988 -0.024594 0.000000 0.033514 0.997753 -0.058007 5.004500 0.026568 0.057130 0.998013 0.000000 0.000000 0.000000 0.000000 1.000000
0.999487 -0.027134 -0.016992 0.000000 0.026055 0.997813 -0.060746 5.004500 0.018603 0.060272 0.998009 0.000000 0.000000 0.000000 0.000000 1.000000
0.999759 -0.019293 -0.010502 0.000000 0.018610 0.997927 -0.061606 5.004500 0.011669 0.061396 0.998045 -0.000000 0.000000 0.000000 0.000000 1.000000
0.999937 -0.009878 -0.005268 0.000000 0.009507 0.997762 -0.066180 5.004500 0.005910 0.066126 0.997794 0.000000 0.000000 0.000000 0.000000 1.000000
0.999994 0.002861 -0.001922 0.000000 -0.002992 0.997407 -0.071905 5.004500 0.001711 0.071911 0.997410 0.000000 0.000000 0.000000 0.000000 1.000000
0.999854 0.017096 0.000391 -0.000000 -0.017015 0.996844 -0.077542 5.004500 -0.001716 0.077524 0.996989 0.000000 0.000000 0.000000 0.000000 1.000000
0.999542 0.030149 0.002478 0.000000 -0.029856 0.996375 -0.079662 5.004500 -0.004871 0.079551 0.996819 -0.000000 0.000000 0.000000 0.000000 1.000000
0.998984 0.045006 0.002144 0.000000 -0.044669 0.995491 -0.083685 5.004500 -0.005901 0.083504 0.996490 0.000000 0.000000 0.000000 0.000000 1.000000
0.998698 0.050817 0.004359 0.000000 -0.050253 0.995010 -0.086194 5.004500 -0.008717 0.085863 0.996269 0.000000 0.000000 0.000000 0.000000 1.000000
0.998565 0.053100 0.006978 -0.000000 -0.052268 0.994643 -0.089178 5.004500 -0.011676 0.088686 0.995991 0.000000 0.000000 0.000000 0.000000 1.000000
0.998569 0.052637 0.009468 -0.000000 -0.051531 0.994323 -0.093092 5.004500 -0.014314 0.092471 0.995613 0.000000 0.000000 0.000000 0.000000 1.000000
0.998645 0.050969 0.010542 0.000000 -0.049651 0.993672 -0.100748 5.004500 -0.015611 0.100088 0.994856 0.000000 0.000000 0.000000 0.000000 1.000000
0.998699 0.049629 0.011708 0.000000 -0.048178 0.993603 -0.102136 5.004500 -0.016702 0.101439 0.994702 0.000000 0.000000 0.000000 0.000000 1.000000</float_array><technique_common><accessor source="#mixamorig_Spine2-Matrix-animation-output-transform-array" count="43" stride="16"><param type="float4x4"/></accessor></technique_common></source><source id="mixamorig_Spine2-Interpolations"><Name_array id="mixamorig_Spine2-Interpolations-array" count="43">
 LINEAR LINEAR LINEAR LINEAR LINEAR LINEAR LINEAR LINEAR LINEAR LINEAR LINEAR
LINEAR LINEAR LINEAR LINEAR LINEAR LINEAR LINEAR LINEAR LINEAR LINEAR LINEAR LINEAR
LINEAR LINEAR LINEAR LINEAR LINEAR LINEAR LINEAR LINEAR LINEAR LINEAR LINEAR LINEAR
LINEAR LINEAR LINEAR LINEAR LINEAR LINEAR LINEAR LINEAR</Name_array><technique_common><accessor source="#mixamorig_Spine2-Interpolations-array" count="43"><param type="name"/></accessor></technique_common></source><sampler id="mixamorig_Spine2-Matrix-animation-transform"><input semantic="INPUT" source="#mixamorig_Spine2-Matrix-animation-input"/><input semantic="OUTPUT" source="#mixamorig_Spine2-Matrix-animation-output-transform"/><input semantic="INTERPOLATION" source="#mixamorig_Spine2-Interpolations"/></sampler><channel source="#mixamorig_Spine2-Matrix-animation-transform" target="mixamorig_Spine2/matrix"/></animation>
    <animation id="mixamorig_Neck-anim" name="mixamorig_Neck"><source id="mixamorig_Neck-Matrix-animation-input"><float_array id="mixamorig_Neck-Matrix-animation-input-array" count="43">

0.000000 0.033333 0.066667 0.100000 0.133333 0.166667 0.200000 0.233333 0.266667 0.300000 0.333333 0.366667 0.400000 0.433333 0.466667 0.500000
0.533333 0.566667 0.600000 0.633333 0.666667 0.700000 0.733333 0.766667 0.800000 0.833333 0.866667 0.900000 0.933333 0.966667 1.000000 1.033333
1.066667 1.100000 1.133333 1.166667 1.200000 1.233333 1.266667 1.300000 1.333333 1.366667 1.400000</float_array><technique_common><accessor source="#mixamorig_Neck-Matrix-animation-input-array" count="43"><param name="TIME" type="float"/></accessor></technique_common></source><source id="mixamorig_Neck-Matrix-animation-output-transform"><float_array id="mixamorig_Neck-Matrix-animation-output-transform-array" count="688">

0.997545 -0.065354 0.025161 0.000000 0.063909 0.996467 0.054493 5.630100 -0.028633 -0.052751 0.998197 0.000000 0.000000 0.000000 0.000000 1.000000
0.997799 -0.062032 0.023429 0.000000 0.060673 0.996649 0.054855 5.630100 -0.026754 -0.053313 0.998219 0.000000 0.000000 0.000000 0.000000 1.000000
0.998314 -0.054944 0.018742 -0.000000 0.053807 0.996949 0.056548 5.630100 -0.021792 -0.055445 0.998224 0.000000 0.000000 0.000000 0.000000 1.000000
0.998864 -0.046044 0.012268 0.000000 0.045241 0.997219 0.059232 5.630100 -0.014961 -0.058610 0.998169 -0.000000 0.000000 0.000000 0.000000 1.000000
0.999334 -0.036092 0.005447 0.000000 0.035682 0.997408 0.062481 5.630100 -0.007687 -0.062245 0.998031 0.000000 0.000000 0.000000 0.000000 1.000000
0.999655 -0.026265 -0.000349 0.000000 0.026230 0.997418 0.066859 5.630100 -0.001408 -0.066845 0.997762 0.000000 0.000000 0.000000 0.000000 1.000000
0.999824 -0.018391 -0.003833 0.000000 0.018620 0.997207 0.072323 5.630100 0.002493 -0.072381 0.997374 0.000000 0.000000 0.000000 0.000000 1.000000
0.999889 -0.014409 -0.003734 0.000000 0.014656 0.996852 0.077921 5.630100 0.002600 -0.077967 0.996953 0.000000 0.000000 0.000000 0.000000 1.000000
0.999929 -0.011419 0.003429 0.000000 0.011091 0.996404 0.084005 5.630100 -0.004376 -0.083961 0.996459 0.000000 0.000000 0.000000 0.000000 1.000000
0.999734 -0.009094 0.021185 -0.000000 0.007271 0.996390 0.084583 5.630100 -0.021877 -0.084406 0.996191 0.000000 0.000000 0.000000 0.000000 1.000000
0.999263 -0.005561 0.037986 0.000000 0.002545 0.996872 0.078987 5.630100 -0.038306 -0.078832 0.996152 0.000000 0.000000 0.000000 0.000000 1.000000
0.999075 -0.000750 0.043004 0.000000 -0.002370 0.997369 0.072449 5.630100 -0.042945 -0.072484 0.996445 0.000000 0.000000 0.000000 0.000000 1.000000
0.998885 0.002562 0.047139 0.000000 -0.005841 0.997562 0.069546 5.630100 -0.046846 -0.069744 0.996464 0.000000 0.000000 0.000000 0.000000 1.000000
0.998807 0.001830 0.048804 0.000000 -0.005068 0.997787 0.066298 5.630100 -0.048575 -0.066466 0.996606 0.000000 0.000000 0.000000 0.000000 1.000000
0.998876 -0.007383 0.046820 0.000000 0.005217 0.998918 0.046217 5.630100 -0.047111 -0.045921 0.997834 0.000000 0.000000 0.000000 0.000000 1.000000
0.998929 -0.023999 0.039565 0.000000 0.023915 0.999711 0.002598 5.630100 -0.039616 -0.001649 0.999214 0.000000 0.000000 0.000000 0.000000 1.000000
0.998694 -0.043721 0.026448 0.000000 0.044775 0.998168 -0.040684 5.630100 -0.024621 0.041815 0.998822 0.000000 0.000000 0.000000 0.000000 1.000000
0.997872 -0.063352 0.015408 0.000000 0.064355 0.994958 -0.076921 5.630100 -0.010457 0.077749 0.996918 0.000000 0.000000 0.000000 0.000000 1.000000
0.996856 -0.078895 0.007334 0.000000 0.079235 0.992798 -0.089854 5.630100 -0.000192 0.090153 0.995928 0.000000 0.000000 0.000000 0.000000 1.000000
0.996607 -0.082303 0.001161 -0.000000 0.082088 0.992768 -0.087597 5.630100 0.006057 0.087395 0.996155 -0.000000 0.000000 0.000000 0.000000 1.000000
0.996752 -0.080474 0.003007 0.000000 0.080439 0.993157 -0.084667 5.630100 0.003827 0.084633 0.996405 0.000000 0.000000 0.000000 0.000000 1.000000
0.996827 -0.079270 0.007192 0.000000 0.079589 0.993851 -0.076984 5.630100 -0.001046 0.077312 0.997006 0.000000 0.000000 0.000000 0.000000 1.000000
0.997174 -0.074511 0.009629 0.000000 0.074969 0.995230 -0.062433 5.630100 -0.004931 0.062979 0.998003 0.000000 0.000000 0.000000 0.000000 1.000000
0.997959 -0.063589 0.005872 0.000000 0.063788 0.996968 -0.044560 5.630100 -0.003021 0.044844 0.998989 0.000000 0.000000 0.000000 0.000000 1.000000
0.998579 -0.052336 0.010065 -0.000000 0.052568 0.998322 -0.024284 5.630100 -0.008777 0.024779 0.999654 0.000000 0.000000 0.000000 0.000000 1.000000
0.998703 -0.043057 0.027185 0.000000 0.043074 0.999072 -0.000027 5.630100 -0.027159 0.001198 0.999630 -0.000000 0.000000 0.000000 0.000000 1.000000
0.998671 -0.034111 0.038629 0.000000 0.033261 0.999195 0.022433 5.630100 -0.039363 -0.021118 0.999002 -0.000000 0.000000 0.000000 0.000000 1.000000
0.998498 -0.026780 0.047798 0.000000 0.024972 0.998964 0.038035 5.630100 -0.048767 -0.036784 0.998133 -0.000000 0.000000 0.000000 0.000000 1.000000
0.998122 -0.022815 0.056853 -0.000000 0.020550 0.998984 0.040112 5.630100 -0.057710 -0.038868 0.997576 -0.000000 0.000000 0.000000 0.000000 1.000000
0.997200 -0.023616 0.070959 0.000000 0.021274 0.999209 0.033593 5.630100 -0.071697 -0.031989 0.996913 -0.000000 0.000000 0.000000 0.000000 1.000000
0.996370 -0.027173 0.080672 -0.000000 0.025022 0.999307 0.027561 5.630100 -0.081365 -0.025443 0.996360 -0.000000 0.000000 0.000000 0.000000 1.000000
0.996111 -0.030833 0.082541 0.000000 0.028539 0.999177 0.028827 5.630100 -0.083362 -0.026359 0.996171 -0.000000 0.000000 0.000000 0.000000 1.000000
