<?xml version="1.0" encoding="utf-8"?>
<COLLADA xmlns="http://www.collada.org/2005/11/COLLADASchema" version="1.4.1">
  <asset><contributor><author>Mixamo</author><authoring_tool>COLLADA Mixamo exporter</authoring_tool><comments></comments></contributor><created>2020-10-31T22:57:35Z</created><modified>2020-10-31T22:57:35Z</modified><revision></revision><title></title><unit meter="0.010000"/><up_axis>Y_UP</up_axis></asset>
  <library_animations>
    <animation id="mixamorig_Hips-anim" name="mixamorig_Hips"><source id="mixamorig_Hips-Matrix-animation-input"><float_array id="mixamorig_Hips-Matrix-animation-input-array" count="67">

0.000000 0.033333 0.066667 0.100000 0.133333 0.166667 0.200000 0.233333 0.266667 0.300000 0.333333 0.366667 0.400000 0.433333 0.466667 0.500000
0.533333 0.566667 0.600000 0.633333 0.666667 0.700000 0.733333 0.766667 0.800000 0.833333 0.866667 0.900000 0.933333 0.966667 1.000000 1.033333
1.066667 1.100000 1.133333 1.166667 1.200000 1.233333 1.266667 1.300000 1.333333 1.366667 1.400000 1.433333 1.466667 1.500000 1.533333 1.566667
1.600000 1.633333 1.666667 1.700000 1.733333 1.766667 1.800000 1.833333 1.866667 1.900000 1.933333 1.966667 2.000000 2.033333 2.066667 2.100000
2.133333 2.166667 2.200000</float_array><technique_common><accessor source="#mixamorig_Hips-Matrix-animation-input-array" count="67"><param name="TIME" type="float"/></accessor></technique_common></source><source id="mixamorig_Hips-Matrix-animation-output-transform"><float_array id="mixamorig_Hips-Matrix-animation-output-transform-array" count="1072">

0.523139 -0.060083 -0.850127 0.099274 0.069608 0.997191 -0.027643 42.375290 0.849400 -0.044714 0.525852 0.049400 0.000000 0.000000 0.000000 1.000000
0.506767 -0.058402 -0.860102 0.034282 0.070509 0.997168 -0.026165 42.338844 0.859195 -0.047385 0.509450 0.140860 0.000000 0.000000 0.000000 1.000000
0.479764 -0.055267 -0.875655 -0.088210 0.071414 0.997163 -0.023809 42.287300 0.874487 -0.051111 0.482349 0.302142 0.000000 0.000000 0.000000 1.000000
0.426264 -0.047333 -0.903360 -0.424108 0.070379 0.997338 -0.019047 42.274353 0.901857 -0.055459 0.428461 0.669920 0.000000 0.000000 0.000000 1.000000
0.390341 -0.039488 -0.919823 -0.841462 0.066706 0.997667 -0.014522 42.406563 0.918251 -0.055690 0.392064 1.022102 0.000000 0.000000 0.000000 1.000000
0.391675 -0.036177 -0.919392 -1.239946 0.059462 0.998133 -0.013943 42.655251 0.918180 -0.049208 0.393095 1.293412 0.000000 0.000000 0.000000 1.000000
0.434963 -0.043333 -0.899405 -1.570602 0.046842 0.998578 -0.025458 42.999855 0.899229 -0.031057 0.436375 1.503118 0.000000 0.000000 0.000000 1.000000
0.509499 -0.063310 -0.858139 -1.869742 0.040928 0.997944 -0.049324 43.343712 0.859497 -0.009991 0.511043 1.718130 0.000000 0.000000 0.000000 1.000000
0.605046 -0.083474 -0.791803 -2.116369 0.048962 0.996508 -0.067641 43.561897 0.794684 0.002157 0.607020 2.002542 0.000000 0.000000 0.000000 1.000000
0.704076 -0.094711 -0.703780 -2.259428 0.061856 0.995479 -0.072084 43.566002 0.707425 0.007220 0.706751 2.412119 0.000000 0.000000 0.000000 1.000000
0.801418 -0.095151 -0.590488 -2.403281 0.069473 0.995391 -0.066107 43.300537 0.594057 0.011957 0.804334 2.970868 0.000000 0.000000 0.000000 1.000000
0.900261 -0.083727 -0.427224 -2.705211 0.068735 0.996360 -0.050426 42.795818 0.429891 0.016032 0.902739 3.642657 0.000000 0.000000 0.000000 1.000000
0.974926 -0.070565 -0.211046 -3.098744 0.066152 0.997419 -0.027907 42.051041 0.212470 0.013246 0.977078 4.334804 0.000000 0.000000 0.000000 1.000000
0.997940 -0.062733 0.013404 -3.374336 0.062792 0.998019 -0.004012 41.029049 -0.013126 0.004846 0.999902 4.970411 0.000000 0.000000 0.000000 1.000000
0.978098 -0.059757 0.199384 -3.468215 0.058074 0.998210 0.014282 39.895283 -0.199881 -0.002390 0.979817 5.507481 0.000000 0.000000 0.000000 1.000000
0.937792 -0.061295 0.341743 -3.480065 0.053674 0.998055 0.031721 38.860180 -0.343023 -0.011405 0.939258 5.948328 0.000000 0.000000 0.000000 1.000000
0.895384 -0.073852 0.439127 -3.412349 0.053645 0.996859 0.058269 37.924355 -0.442051 -0.028616 0.896533 6.144566 0.000000 0.000000 0.000000 1.000000
0.868765 -0.099354 0.485155 -3.299687 0.063616 0.993941 0.089630 37.074997 -0.491121 -0.047004 0.869822 5.914505 0.000000 0.000000 0.000000 1.000000
0.843506 -0.122283 0.523015 -3.324720 0.076137 0.991128 0.108938 36.334370 -0.531697 -0.052070 0.845333 5.504506 0.000000 0.000000 0.000000 1.000000
0.801394 -0.133134 0.583132 -3.554882 0.082785 0.990219 0.112305 35.769196 -0.592380 -0.041726 0.804577 5.172382 0.000000 0.000000 0.000000 1.000000
0.749821 -0.141331 0.646370 -3.881286 0.087966 0.989542 0.114322 35.384293 -0.655768 -0.028862 0.754411 4.865536 0.000000 0.000000 0.000000 1.000000
0.697978 -0.144206 0.701450 -4.295115 0.089204 0.989394 0.114640 35.110977 -0.710542 -0.017444 0.703439 4.584812 0.000000 0.000000 0.000000 1.000000
0.643876 -0.140501 0.752119 -4.736308 0.088872 0.990075 0.108871 34.963120 -0.759951 -0.003257 0.649972 4.392284 0.000000 0.000000 0.000000 1.000000
0.585442 -0.135927 0.799238 -5.154959 0.090888 0.990634 0.101902 34.889565 -0.805604 0.012983 0.592313 4.275567 0.000000 0.000000 0.000000 1.000000
0.530319 -0.130150 0.837749 -5.519716 0.090948 0.991178 0.096413 34.860863 -0.842906 0.025062 0.537477 4.217221 0.000000 0.000000 0.000000 1.000000
0.485309 -0.122619 0.865702 -5.809702 0.089529 0.991882 0.090302 34.869492 -0.869747 0.033681 0.492348 4.184042 0.000000 0.000000 0.000000 1.000000
0.454962 -0.112550 0.883370 -6.034286 0.091729 0.992627 0.079227 34.906952 -0.885774 0.044986 0.461931 4.181365 0.000000 0.000000 0.000000 1.000000
0.440549 -0.101390 0.891985 -6.211008 0.095804 0.993237 0.065582 34.955471 -0.892602 0.056564 0.447283 4.231529 0.000000 0.000000 0.000000 1.000000
0.437038 -0.093735 0.894545 -6.327440 0.099237 0.993508 0.055622 35.015171 -0.893952 0.064463 0.443503 4.329436 0.000000 0.000000 0.000000 1.000000
0.442848 -0.088084 0.892259 -6.367097 0.101236 0.993711 0.047853 35.121059 -0.890863 0.069137 0.448980 4.456887 0.000000 0.000000 0.000000 1.000000
0.460855 -0.083580 0.883531 -6.349553 0.099111 0.994175 0.042350 35.288437 -0.881924 0.068050 0.466454 4.574921 0.000000 0.000000 0.000000 1.000000
0.494252 -0.078910 0.865730 -6.304816 0.096199 0.994720 0.035746 35.536961 -0.863980 0.065615 0.499233 4.662481 0.000000 0.000000 0.000000 1.000000
0.538934 -0.070857 0.839363 -6.236658 0.091656 0.995472 0.025185 35.893738 -0.837347 0.063359 0.542988 4.719158 0.000000 0.000000 0.000000 1.000000
0.590509 -0.060735 0.804742 -6.139180 0.085861 0.996233 0.012183 36.376850 -0.802451 0.061901 0.593499 4.717053 0.000000 0.000000 0.000000 1.000000
0.647627 -0.049927 0.760320 -6.007145 0.081763 0.996643 -0.004199 36.981670 -0.757558 0.064885 0.649535 4.648730 0.000000 0.000000 0.000000 1.000000
0.711675 -0.037688 0.701498 -5.851584 0.077552 0.996671 -0.025131 37.674000 -0.698215 0.072288 0.712229 4.539406 0.000000 0.000000 0.000000 1.000000
0.784364 -0.024749 0.619806 -5.650865 0.068705 0.996522 -0.047155 38.433018 -0.616484 0.079570 0.783337 4.399568 0.000000 0.000000 0.000000 1.000000
0.854331 -0.016997 0.519451 -5.337265 0.063100 0.995464 -0.071206 39.208237 -0.515884 0.093611 0.851528 4.258053 0.000000 0.000000 0.000000 1.000000
0.913109 -0.016882 0.407366 -4.941663 0.058427 0.994248 -0.089762 39.964520 -0.403507 0.105764 0.908843 4.220171 0.000000 0.000000 0.000000 1.000000
0.959139 -0.020072 0.282222 -4.543051 0.049066 0.994167 -0.096048 40.656700 -0.278648 0.105971 0.954529 4.246014 0.000000 0.000000 0.000000 1.000000
0.989381 -0.019331 0.144053 -4.142642 0.033604 0.994686 -0.097320 41.248657 -0.141406 0.101127 0.984773 4.235238 0.000000 0.000000 0.000000 1.000000
0.999825 -0.018469 -0.003086 -3.692307 0.018059 0.994641 -0.101795 41.733921 0.004950 0.101721 0.994801 4.202453 0.000000 0.000000 0.000000 1.000000
0.988569 -0.016780 -0.149832 -3.229537 0.001605 0.994902 -0.100831 42.124260 0.150760 0.099438 0.983556 4.183790 0.000000 0.000000 0.000000 1.000000
0.957687 -0.018090 -0.287244 -2.829571 -0.009934 0.995350 -0.095808 42.438766 0.287641 0.094607 0.953054 4.158191 0.000000 0.000000 0.000000 1.000000
0.913381 -0.027775 -0.406156 -2.523204 -0.010837 0.995658 -0.092459 42.694908 0.406961 0.088852 0.909114 4.092735 0.000000 0.000000 0.000000 1.000000
0.859481 -0.031820 -0.510176 -2.298989 -0.012885 0.996395 -0.083854 42.926315 0.511005 0.078645 0.855973 3.926097 0.000000 0.000000 0.000000 1.000000
0.799316 -0.038360 -0.599686 -2.089130 -0.010567 0.996909 -0.077853 43.129990 0.600819 0.068566 0.796439 3.656257 0.000000 0.000000 0.000000 1.000000
0.738204 -0.046292 -0.672987 -1.863371 -0.005577 0.997190 -0.074711 43.247375 0.674555 0.058905 0.735871 3.311514 0.000000 0.000000 0.000000 1.000000
0.679649 -0.046942 -0.732034 -1.666711 -0.005387 0.997604 -0.068974 43.311172 0.733518 0.050822 0.677768 2.925042 0.000000 0.000000 0.000000 1.000000
0.632889 -0.041356 -0.773137 -1.499460 -0.006296 0.998264 -0.058553 43.398750 0.774217 0.041925 0.631530 2.557953 0.000000 0.000000 0.000000 1.000000
0.598950 -0.037458 -0.799910 -1.335918 -0.005753 0.998678 -0.051073 43.457024 0.800766 0.035192 0.597943 2.214568 0.000000 0.000000 0.000000 1.000000
0.572566 -0.041514 -0.818807 -1.190734 -0.001563 0.998660 -0.051725 43.489304 0.819857 0.030896 0.571734 1.873237 0.000000 0.000000 0.000000 1.000000
0.551540 -0.047159 -0.832814 -1.048715 0.005541 0.998586 -0.052876 43.534542 0.834130 0.024548 0.551022 1.557950 0.000000 0.000000 0.000000 1.000000
0.532286 -0.052091 -0.844961 -0.896835 0.012685 0.998484 -0.053564 43.586643 0.846470 0.017793 0.532140 1.311112 0.000000 0.000000 0.000000 1.000000
0.516355 -0.055970 -0.854543 -0.765538 0.019780 0.998375 -0.053439 43.639015 0.856146 0.010690 0.516623 1.110110 0.000000 0.000000 0.000000 1.000000
0.503399 -0.057777 -0.862120 -0.654460 0.026217 0.998324 -0.051597 43.677231 0.863656 0.003372 0.504070 0.929619 0.000000 0.000000 0.000000 1.000000
0.492541 -0.058177 -0.868342 -0.566395 0.031958 0.998299 -0.048757 43.675747 0.869702 -0.003736 0.493563 0.775283 0.000000 0.000000 0.000000 1.000000
0.490047 -0.058073 -0.869760 -0.480652 0.037808 0.998255 -0.045350 43.611946 0.870876 -0.010660 0.491387 0.645226 0.000000 0.000000 0.000000 1.000000
0.493826 -0.060573 -0.867448 -0.384095 0.045520 0.998004 -0.043776 43.501163 0.868368 -0.017869 0.495598 0.530798 0.000000 0.000000 0.000000 1.000000
0.496849 -0.063681 -0.865498 -0.296775 0.052087 0.997694 -0.043507 43.358932 0.866273 -0.023465 0.499020 0.422498 0.000000 0.000000 0.000000 1.000000
0.498196 -0.064345 -0.864673 -0.211327 0.056209 0.997542 -0.041847 43.181957 0.865240 -0.027754 0.500588 0.328381 0.000000 0.000000 0.000000 1.000000
0.500220 -0.064291 -0.863508 -0.125231 0.060469 0.997399 -0.039231 42.988922 0.863784 -0.032591 0.502806 0.258124 0.000000 0.000000 0.000000 1.000000
0.503715 -0.065331 -0.861396 -0.051292 0.064255 0.997208 -0.038057 42.797806 0.861477 -0.036179 0.506506 0.196692 0.000000 0.000000 0.000000 1.000000
0.509423 -0.063679 -0.858157 0.011699 0.066650 0.997182 -0.034430 42.624001 0.857931 -0.039657 0.512232 0.136736 0.000000 0.000000 0.000000 1.000000
0.517274 -0.060641 -0.853669 0.064639 0.068375 0.997226 -0.029407 42.479900 0.853084 -0.043158 0.519985 0.083141 0.000000 0.000000 0.000000 1.000000
0.520962 -0.060137 -0.851459 0.086519 0.069178 0.997208 -0.028105 42.417366 0.850772 -0.044260 0.523668 0.060753 0.000000 0.000000 0.000000 1.000000
0.523139 -0.060083 -0.850127 0.099274 0.069608 0.997191 -0.027643 42.375290 0.849400 -0.044714 0.525852 0.049400 0.000000 0.000000 0.000000 1.000000</float_array><technique_common><accessor source="#mixamorig_Hips-Matrix-animation-output-transform-array" count="67" stride="16"><param type="float4x4"/></accessor></technique_common></source><source id="mixamorig_Hips-Interpolations"><Name_array id="mixamorig_Hips-Interpolations-array" count="67">
 LINEAR LINEAR LINEAR LINEAR LINEAR LINEAR LINEAR LINEAR LINEAR LINEAR LINEAR
LINEAR LINEAR LINEAR LINEAR LINEAR LINEAR LINEAR LINEAR LINEAR LINEAR LINEAR LINEAR
LINEAR LINEAR LINEAR LINEAR LINEAR LINEAR LINEAR LINEAR LINEAR LINEAR LINEAR LINEAR
LINEAR LINEAR LINEAR LINEAR LINEAR LINEAR LINEAR LINEAR LINEAR LINEAR LINEAR LINEAR
LINEAR LINEAR LINEAR LINEAR LINEAR LINEAR LINEAR LINEAR LINEAR LINEAR LINEAR LINEAR
LINEAR LINEAR LINEAR LINEAR LINEAR LINEAR LINEAR LINEAR</Name_array><technique_common><accessor source="#mixamorig_Hips-Interpolations-array" count="67"><param type="name"/></accessor></technique_common></source><sampler id="mixamorig_Hips-Matrix-animation-transform"><input semantic="INPUT" source="#mixamorig_Hips-Matrix-animation-input"/><input semantic="OUTPUT" source="#mixamorig_Hips-Matrix-animation-output-transform"/><input semantic="INTERPOLATION" source="#mixamorig_Hips-Interpolations"/></sampler><channel source="#mixamorig_Hips-Matrix-animation-transform" target="mixamorig_Hips/matrix"/></animation>
    <animation id="mixamorig_Spine-anim" name="mixamorig_Spine"><source id="mixamorig_Spine-Matrix-animation-input"><float_array id="mixamorig_Spine-Matrix-animation-input-array" count="67">

0.000000 0.033333 0.066667 0.100000 0.133333 0.166667 0.200000 0.233333 0.266667 0.300000 0.333333 0.366667 0.400000 0.433333 0.466667 0.500000
0.533333 0.566667 0.600000 0.633333 0.666667 0.700000 0.733333 0.766667 0.800000 0.833333 0.866667 0.900000 0.933333 0.966667 1.000000 1.033333
1.066667 1.100000 1.133333 1.166667 1.200000 1.233333 1.266667 1.300000 1.333333 1.366667 1.400000 1.433333 1.466667 1.500000 1.533333 1.566667
1.600000 1.633333 1.666667 1.700000 1.733333 1.766667 1.800000 1.833333 1.866667 1.900000 1.933333 1.966667 2.000000 2.033333 2.066667 2.100000
2.133333 2.166667 2.200000</float_array><technique_common><accessor source="#mixamorig_Spine-Matrix-animation-input-array" count="67"><param name="TIME" type="float"/></accessor></technique_common></source><source id="mixamorig_Spine-Matrix-animation-output-transform"><float_array id="mixamorig_Spine-Matrix-animation-output-transform-array" count="1072">

0.998831 0.048305 0.001867 0.000000 -0.047122 0.981533 -0.185400 3.753200 -0.010788 0.185095 0.982661 -0.033300 0.000000 0.000000 0.000000 1.000000
0.998861 0.047696 0.001614 0.000000 -0.046585 0.981812 -0.184051 3.753200 -0.010363 0.183766 0.982915 -0.033300 0.000000 0.000000 0.000000 1.000000
0.998912 0.046623 0.000549 0.000000 -0.045730 0.981955 -0.183504 3.753200 -0.009095 0.183280 0.983019 -0.033300 0.000000 0.000000 0.000000 1.000000
0.999039 0.043630 -0.004111 0.000000 -0.043652 0.982505 -0.181048 3.753200 -0.003860 0.181054 0.983466 -0.033300 0.000000 0.000000 0.000000 1.000000
0.999207 0.038242 -0.011063 0.000000 -0.039604 0.983121 -0.178619 3.753200 0.004045 0.178916 0.983856 -0.033300 0.000000 0.000000 0.000000 1.000000
0.999332 0.029899 -0.021006 0.000000 -0.033138 0.983792 -0.176223 3.753200 0.015396 0.176801 0.984126 -0.033300 0.000000 0.000000 0.000000 1.000000
0.999306 0.018470 -0.032339 0.000000 -0.023812 0.984550 -0.173479 3.753200 0.028636 0.174129 0.984306 -0.033300 0.000000 0.000000 0.000000 1.000000
0.999080 0.006387 -0.042416 0.000000 -0.013479 0.985510 -0.169082 3.753200 0.040721 0.169498 0.984689 -0.033300 0.000000 0.000000 0.000000 1.000000
0.998705 -0.002386 -0.050819 0.000000 -0.005900 0.986725 -0.162290 3.753200 0.050531 0.162380 0.985434 -0.033300 0.000000 0.000000 0.000000 1.000000
0.998561 -0.008992 -0.052864 0.000000 0.000678 0.987879 -0.155225 3.753200 0.053619 0.154966 0.986464 -0.033300 0.000000 0.000000 0.000000 1.000000
0.998656 -0.015354 -0.049505 -0.000000 0.007865 0.988946 -0.148064 3.753200 0.051231 0.147476 0.987738 -0.033300 0.000000 0.000000 0.000000 1.000000
0.998656 -0.023739 -0.046064 0.000000 0.017155 0.990228 -0.138395 3.753200 0.048899 0.137419 0.989305 -0.033300 0.000000 0.000000 0.000000 1.000000
0.998672 -0.029765 -0.042058 -0.000000 0.024320 0.991921 -0.124506 3.753200 0.045424 0.123318 0.991327 -0.033300 0.000000 0.000000 0.000000 1.000000
0.999051 -0.031065 -0.030535 0.000000 0.027525 0.993527 -0.110214 3.753200 0.033761 0.109269 0.993439 -0.033300 0.000000 0.000000 0.000000 1.000000
0.999507 -0.029128 -0.011748 -0.000000 0.027849 0.994864 -0.097315 3.753200 0.014522 0.096940 0.995184 -0.033300 0.000000 0.000000 0.000000 1.000000
0.999714 -0.023565 0.003962 0.000000 0.023820 0.995935 -0.086874 3.753200 -0.001899 0.086943 0.996211 -0.033300 0.000000 0.000000 0.000000 1.000000
0.999630 -0.019985 0.018433 0.000000 0.021479 0.996167 -0.084794 3.753200 -0.016668 0.085158 0.996228 -0.033300 0.000000 0.000000 0.000000 1.000000
0.998995 -0.016690 0.041589 -0.000000 0.020321 0.995873 -0.088450 3.753200 -0.039941 0.089206 0.995212 -0.033300 0.000000 0.000000 0.000000 1.000000
0.997699 -0.009651 0.067105 0.000000 0.015722 0.995769 -0.090533 3.753200 -0.065948 0.091379 0.993630 -0.033300 0.000000 0.000000 0.000000 1.000000
0.996438 -0.003364 0.084267 -0.000000 0.011155 0.995683 -0.092148 3.753200 -0.083593 0.092760 0.992173 -0.033300 0.000000 0.000000 0.000000 1.000000
0.995222 0.000645 0.097636 -0.000000 0.008796 0.995320 -0.096228 3.753200 -0.097241 0.096627 0.990559 -0.033300 0.000000 0.000000 0.000000 1.000000
0.994056 0.004072 0.108792 0.000000 0.006926 0.994911 -0.100519 3.753200 -0.108647 0.100675 0.988969 -0.033300 0.000000 0.000000 0.000000 1.000000
0.992955 0.007888 0.118227 0.000000 0.004509 0.994544 -0.104222 3.753200 -0.118404 0.104021 0.987502 -0.033300 0.000000 0.000000 0.000000 1.000000
0.991974 0.011479 0.125922 0.000000 0.002308 0.994061 -0.108798 3.753200 -0.126423 0.108216 0.986056 -0.033300 0.000000 0.000000 0.000000 1.000000
0.991252 0.013830 0.131255 0.000000 0.001180 0.993526 -0.113595 3.753200 -0.131976 0.112756 0.984819 -0.033300 0.000000 0.000000 0.000000 1.000000
0.990696 0.015057 0.135260 0.000000 0.000980 0.993046 -0.117723 3.753200 -0.136092 0.116760 0.983792 -0.033300 0.000000 0.000000 0.000000 1.000000
0.990219 0.015975 0.138605 0.000000 0.000953 0.992626 -0.121213 3.753200 -0.139520 0.120159 0.982902 -0.033300 0.000000 0.000000 0.000000 1.000000
0.989777 0.017376 0.141563 0.000000 0.000397 0.992211 -0.124569 3.753200 -0.142625 0.123352 0.982060 -0.033300 0.000000 0.000000 0.000000 1.000000
0.989302 0.018670 0.144680 -0.000000 0.000066 0.991719 -0.128424 3.753200 -0.145880 0.127060 0.981109 -0.033300 0.000000 0.000000 0.000000 1.000000
0.989070 0.019381 0.146170 0.000000 -0.000069 0.991385 -0.130983 3.753200 -0.147450 0.129542 0.980550 -0.033300 0.000000 0.000000 0.000000 1.000000
0.989204 0.019026 0.145305 0.000000 0.000491 0.991100 -0.133115 3.753200 -0.146545 0.131750 0.980391 -0.033300 0.000000 0.000000 0.000000 1.000000
0.989473 0.019527 0.143395 -0.000000 0.000062 0.990797 -0.135353 3.753200 -0.144718 0.133937 0.980366 -0.033300 0.000000 0.000000 0.000000 1.000000
0.989974 0.020627 0.139733 -0.000000 -0.001414 0.990677 -0.136222 3.753200 -0.141240 0.134658 0.980774 -0.033300 0.000000 0.000000 0.000000 1.000000
0.990885 0.020769 0.133102 0.000000 -0.002513 0.990722 -0.135881 3.753200 -0.134689 0.134308 0.981744 -0.033300 0.000000 0.000000 0.000000 1.000000
0.992130 0.020965 0.123446 0.000000 -0.004181 0.990881 -0.134674 3.753200 -0.125144 0.133098 0.983170 -0.033300 0.000000 0.000000 0.000000 1.000000
0.993540 0.021286 0.111466 0.000000 -0.006324 0.991110 -0.132892 3.753200 -0.113304 0.131328 0.984843 -0.033300 0.000000 0.000000 0.000000 1.000000
0.994698 0.021560 0.100557 0.000000 -0.008153 0.991232 -0.131878 3.753200 -0.102519 0.130359 0.986152 -0.033300 0.000000 0.000000 0.000000 1.000000
0.995640 0.024191 0.090086 0.000000 -0.012246 0.991324 -0.130867 3.753200 -0.092471 0.129194 0.987298 -0.033300 0.000000 0.000000 0.000000 1.000000
0.996593 0.027405 0.077788 0.000000 -0.017103 0.991348 -0.130140 3.753200 -0.080682 0.128366 0.988439 -0.033300 0.000000 0.000000 0.000000 1.000000
0.997504 0.029675 0.064076 0.000000 -0.021052 0.991122 -0.131278 3.753200 -0.067403 0.129601 0.989273 -0.033300 0.000000 0.000000 0.000000 1.000000
0.998179 0.030332 0.052133 0.000000 -0.023130 0.990768 -0.133581 3.753200 -0.055704 0.132132 0.989666 -0.033300 0.000000 0.000000 0.000000 1.000000
0.998474 0.030990 0.045698 0.000000 -0.024567 0.990545 -0.134968 3.753200 -0.049448 0.133639 0.989796 -0.033300 0.000000 0.000000 0.000000 1.000000
0.998606 0.030727 0.042919 0.000000 -0.024583 0.990267 -0.136990 3.753200 -0.046711 0.135743 0.989642 -0.033300 0.000000 0.000000 0.000000 1.000000
0.998703 0.031473 0.040018 0.000000 -0.025628 0.989963 -0.138982 3.753200 -0.043991 0.137776 0.989486 -0.033300 0.000000 0.000000 0.000000 1.000000
0.998752 0.034628 0.035979 0.000000 -0.029269 0.989712 -0.140050 3.753200 -0.040459 0.138822 0.989491 -0.033300 0.000000 0.000000 0.000000 1.000000
0.998788 0.037613 0.031740 0.000000 -0.032716 0.989218 -0.142753 3.753200 -0.036767 0.141541 0.989249 -0.033300 0.000000 0.000000 0.000000 1.000000
0.998812 0.040435 0.027209 -0.000000 -0.036050 0.988646 -0.145872 3.753200 -0.032798 0.144718 0.988929 -0.033300 0.000000 0.000000 0.000000 1.000000
0.998822 0.043011 0.022484 0.000000 -0.039182 0.988000 -0.149398 3.753200 -0.028640 0.148341 0.988521 -0.033300 0.000000 0.000000 0.000000 1.000000
0.998862 0.043920 0.018577 0.000000 -0.040541 0.987213 -0.154166 3.753200 -0.025110 0.153237 0.987870 -0.033300 0.000000 0.000000 0.000000 1.000000
0.998966 0.043230 0.014056 -0.000000 -0.040445 0.986400 -0.159309 3.753200 -0.020752 0.158576 0.987129 -0.033300 0.000000 0.000000 0.000000 1.000000
0.999088 0.041612 0.009535 0.000000 -0.039498 0.985780 -0.163334 3.753200 -0.016196 0.162809 0.986525 -0.033300 0.000000 0.000000 0.000000 1.000000
0.999155 0.040651 0.006089 0.000000 -0.039084 0.985428 -0.165544 3.753200 -0.012730 0.165166 0.986184 -0.033300 0.000000 0.000000 0.000000 1.000000
0.999175 0.040458 0.003459 -0.000000 -0.039303 0.985022 -0.167887 3.753200 -0.010199 0.167612 0.985800 -0.033300 0.000000 0.000000 0.000000 1.000000
0.999183 0.040355 0.002119 0.000000 -0.039406 0.984630 -0.170149 3.753200 -0.008953 0.169926 0.985416 -0.033300 0.000000 0.000000 0.000000 1.000000
0.999186 0.040331 0.000997 0.000000 -0.039559 0.984307 -0.171974 3.753200 -0.007918 0.171795 0.985101 -0.033300 0.000000 0.000000 0.000000 1.000000
0.999153 0.041160 0.000338 0.000000 -0.040475 0.983963 -0.173717 3.753200 -0.007483 0.173556 0.984796 -0.033300 0.000000 0.000000 0.000000 1.000000
0.999097 0.042494 0.000565 0.000000 -0.041737 0.983636 -0.175268 3.753200 -0.008004 0.175086 0.984521 -0.033300 0.000000 0.000000 0.000000 1.000000
0.999061 0.043325 0.000055 -0.000000 -0.042632 0.983320 -0.176818 3.753200 -0.007715 0.176650 0.984243 -0.033300 0.000000 0.000000 0.000000 1.000000
0.999026 0.044112 -0.000756 0.000000 -0.043541 0.983054 -0.178070 3.753200 -0.007111 0.177929 0.984018 -0.033300 0.000000 0.000000 0.000000 1.000000
0.998984 0.045054 -0.000693 0.000000 -0.044448 0.982800 -0.179246 3.753200 -0.007395 0.179095 0.983804 -0.033300 0.000000 0.000000 0.000000 1.000000
0.998949 0.045827 -0.000039 0.000000 -0.045081 0.982524 -0.180592 3.753200 -0.008237 0.180404 0.983558 -0.033300 0.000000 0.000000 0.000000 1.000000
0.998907 0.046748 0.000363 0.000000 -0.045901 0.982228 -0.181990 3.753200 -0.008864 0.181775 0.983300 -0.033300 0.000000 0.000000 0.000000 1.000000
0.998863 0.047665 0.000945 0.000000 -0.046688 0.982015 -0.182942 3.753200 -0.009648 0.182690 0.983123 -0.033300 0.000000 0.000000 0.000000 1.000000
0.998839 0.048155 0.001175 0.000000 -0.047117 0.981799 -0.183986 3.753200 -0.010013 0.183717 0.982928 -0.033300 0.000000 0.000000 0.000000 1.000000
0.998834 0.048257 0.001256 0.000000 -0.047191 0.981586 -0.185100 3.753200 -0.010166 0.184825 0.982719 -0.033300 0.000000 0.000000 0.000000 1.000000
0.998832 0.048287 0.001589 -0.000000 -0.047156 0.981548 -0.185310 3.753200 -0.010507 0.185019 0.982679 -0.033300 0.000000 0.000000 0.000000 1.000000
0.998831 0.048305 0.001867 0.000000 -0.047122 0.981533 -0.185400 3.753200 -0.010788 0.185095 0.982661 -0.033300 0.000000 0.000000 0.000000 1.000000</float_array><technique_common><accessor source="#mixamorig_Spine-Matrix-animation-output-transform-array" count="67" stride="16"><param type="float4x4"/></accessor></technique_common></source><source id="mixamorig_Spine-Interpolations"><Name_array id="mixamorig_Spine-Interpolations-array" count="67">
 LINEAR LINEAR LINEAR LINEAR LINEAR LINEAR LINEAR LINEAR LINEAR LINEAR LINEAR
LINEAR LINEAR LINEAR LINEAR LINEAR LINEAR LINEAR LINEAR LINEAR LINEAR LINEAR LINEAR
LINEAR LINEAR LINEAR LINEAR LINEAR LINEAR LINEAR LINEAR LINEAR LINEAR LINEAR LINEAR
LINEAR LINEAR LINEAR LINEAR LINEAR LINEAR LINEAR LINEAR LINEAR LINEAR LINEAR LINEAR
LINEAR LINEAR LINEAR LINEAR LINEAR LINEAR LINEAR LINEAR LINEAR LINEAR LINEAR LINEAR
LINEAR LINEAR LINEAR LINEAR LINEAR LINEAR LINEAR LINEAR</Name_array><technique_common><accessor source="#mixamorig_Spine-Interpolations-array" count="67"><param type="name"/></accessor></technique_common></source><sampler id="mixamorig_Spine-Matrix-animation-transform"><input semantic="INPUT" source="#mixamorig_Spine-Matrix-animation-input"/><input semantic="OUTPUT" source="#mixamorig_Spine-Matrix-animation-output-transform"/><input semantic="INTERPOLATION" source="#mixamorig_Spine-Interpolations"/></sampler><channel source="#mixamorig_Spine-Matrix-animation-transform" target="mixamorig_Spine/matrix"/></animation>
    <animation id="mixamorig_Spine1-anim" name="mixamorig_Spine1"><source id="mixamorig_Spine1-Matrix-animation-input"><float_array id="mixamorig_Spine1-Matrix-animation-input-array" count="67">

0.000000 0.033333 0.066667 0.100000 0.133333 0.166667 0.200000 0.233333 0.266667 0.300000 0.333333 0.366667 0.400000 0.433333 0.466667 0.500000
0.533333 0.566667 0.600000 0.633333 0.666667 0.700000 0.733333 0.766667 0.800000 0.833333 0.866667 0.900000 0.933333 0.966667 1.000000 1.033333
1.066667 1.100000 1.133333 1.166667 1.200000 1.233333 1.266667 1.300000 1.333333 1.366667 1.400000 1.433333 1.466667 1.500000 1.533333 1.566667
1.600000 1.633333 1.666667 1.700000 1.733333 1.766667 1.800000 1.833333 1.866667 1.900000 1.933333 1.966667 2.000000 2.033333 2.066667 2.100000
2.133333 2.166667 2.200000</float_array><technique_common><accessor source="#mixamorig_Spine1-Matrix-animation-input-array" count="67"><param name="TIME" type="float"/></accessor></technique_common></source><source id="mixamorig_Spine1-Matrix-animation-output-transform"><float_array id="mixamorig_Spine1-Matrix-animation-output-transform-array" count="1072">

0.995240 0.097441 0.001347 -0.000000 -0.096190 0.984490 -0.146722 4.378900 -0.015623 0.145894 0.989177 0.000000 0.000000 0.000000 0.000000 1.000000
0.995377 0.096038 0.000850 0.000000 -0.094915 0.985016 -0.143996 4.378900 -0.014666 0.143250 0.989578 0.000000 0.000000 0.000000 0.000000 1.000000
0.995616 0.093530 -0.001359 0.000000 -0.092764 0.985388 -0.142844 4.378900 -0.012022 0.142343 0.989744 0.000000 0.000000 0.000000 0.000000 1.000000
0.996180 0.086663 -0.010723 -0.000000 -0.087313 0.986618 -0.137700 4.378900 -0.001354 0.138110 0.990416 -0.000000 0.000000 0.000000 0.000000 1.000000
0.996887 0.074982 -0.024382 -0.000000 -0.077566 0.988131 -0.132590 4.378900 0.014151 0.134069 0.990871 -0.000000 0.000000 0.000000 0.000000 1.000000
0.997400 0.057423 -0.043531 0.000000 -0.062557 0.989850 -0.127606 4.378900 0.035762 0.129998 0.990869 0.000000 0.000000 0.000000 0.000000 1.000000
0.997320 0.033782 -0.064904 -0.000000 -0.041541 0.991639 -0.122174 4.378900 0.060234 0.124542 0.990384 0.000000 0.000000 0.000000 0.000000 1.000000
0.996460 0.009003 -0.083588 0.000000 -0.018514 0.993341 -0.113714 4.378900 0.082008 0.114859 0.989991 0.000000 0.000000 0.000000 0.000000 1.000000
0.995016 -0.008612 -0.099345 0.000000 -0.001420 0.994939 -0.100474 4.378900 0.099707 0.100114 0.989967 0.000000 0.000000 0.000000 0.000000 1.000000
0.994502 -0.020132 -0.102769 0.000000 0.011229 0.996190 -0.086488 4.378900 0.104118 0.084858 0.990938 -0.000000 0.000000 0.000000 0.000000 1.000000
0.995005 -0.031464 -0.094733 0.000000 0.024651 0.997082 -0.072252 4.378900 0.096730 0.069556 0.992877 -0.000000 0.000000 0.000000 0.000000 1.000000
0.995166 -0.047947 -0.085706 -0.000000 0.043494 0.997642 -0.053085 4.378900 0.088050 0.049101 0.994905 0.000000 0.000000 0.000000 0.000000 1.000000
0.995272 -0.060938 -0.075637 0.000000 0.059177 0.997926 -0.025316 4.378900 0.077023 0.020721 0.996814 0.000000 0.000000 0.000000 0.000000 1.000000
0.996561 -0.065200 -0.051145 0.000000 0.065478 0.997847 0.003771 4.378900 0.050789 -0.007107 0.998684 0.000000 0.000000 0.000000 0.000000 1.000000
0.997910 -0.063389 -0.012547 0.000000 0.063746 0.997501 0.030454 4.378900 0.010585 -0.031190 0.999457 -0.000000 0.000000 0.000000 0.000000 1.000000
0.998360 -0.053691 0.019883 0.000000 0.052597 0.997263 0.051960 4.378900 -0.022618 -0.050829 0.998451 0.000000 0.000000 0.000000 0.000000 1.000000
0.997626 -0.047358 0.049993 0.000000 0.044517 0.997411 0.056478 4.378900 -0.052538 -0.054118 0.997151 0.000000 0.000000 0.000000 0.000000 1.000000
0.994365 -0.041293 0.097634 0.000000 0.036590 0.998105 0.049479 4.378900 -0.099492 -0.045628 0.993992 -0.000000 0.000000 0.000000 0.000000 1.000000
0.988321 -0.027728 0.149845 0.000000 0.021189 0.998760 0.045060 4.378900 -0.150909 -0.041358 0.987682 0.000000 0.000000 0.000000 0.000000 1.000000
0.982611 -0.015021 0.185068 -0.000000 0.007522 0.999124 0.041156 4.378900 -0.185525 -0.039049 0.981863 -0.000000 0.000000 0.000000 0.000000 1.000000
0.977180 -0.005872 0.212330 -0.000000 -0.001008 0.999478 0.032279 4.378900 -0.212409 -0.031756 0.976665 -0.000000 0.000000 0.000000 0.000000 1.000000
0.972050 0.002549 0.234758 0.000000 -0.008151 0.999705 0.022898 4.378900 -0.234630 -0.024172 0.971784 -0.000000 0.000000 0.000000 0.000000 1.000000
0.967264 0.011737 0.253502 0.000000 -0.015950 0.999767 0.014570 4.378900 -0.253272 -0.018136 0.967225 0.000000 0.000000 0.000000 0.000000 1.000000
0.963054 0.020627 0.268516 0.000000 -0.022671 0.999733 0.004511 4.378900 -0.268352 -0.010432 0.963265 0.000000 0.000000 0.000000 0.000000 1.000000
0.960037 0.026805 0.278588 0.000000 -0.026256 0.999639 -0.005705 4.378900 -0.278640 -0.001838 0.960394 0.000000 0.000000 0.000000 0.000000 1.000000
0.957762 0.030453 0.285946 -0.000000 -0.027497 0.999519 -0.014349 4.378900 -0.286245 0.005881 0.958138 0.000000 0.000000 0.000000 0.000000 1.000000
0.955787 0.033466 0.292149 0.000000 -0.028366 0.999363 -0.021674 4.378900 -0.292688 0.012429 0.956127 0.000000 0.000000 0.000000 0.000000 1.000000
0.953952 0.037216 0.297641 0.000000 -0.030007 0.999136 -0.028756 4.378900 -0.298454 0.018501 0.954245 -0.000000 0.000000 0.000000 0.000000 1.000000
0.952004 0.040474 0.303398 0.000000 -0.030757 0.998851 -0.036740 4.378900 -0.304536 0.025645 0.952155 0.000000 0.000000 0.000000 0.000000 1.000000
0.951081 0.042220 0.306043 0.000000 -0.030828 0.998643 -0.041962 4.378900 -0.307399 0.030475 0.951092 0.000000 0.000000 0.000000 0.000000 1.000000
0.951707 0.041810 0.304147 0.000000 -0.029141 0.998513 -0.046075 4.378900 -0.305621 0.034987 0.951510 0.000000 0.000000 0.000000 0.000000 1.000000
0.952900 0.042725 0.300261 0.000000 -0.028875 0.998311 -0.050415 4.378900 -0.301908 0.039370 0.952524 0.000000 0.000000 0.000000 0.000000 1.000000
0.955097 0.044518 0.292930 0.000000 -0.030560 0.998176 -0.052056 4.378900 -0.294714 0.040767 0.954716 -0.000000 0.000000 0.000000 0.000000 1.000000
0.959018 0.044310 0.279860 0.000000 -0.031218 0.998207 -0.051067 4.378900 -0.281621 0.040238 0.958682 -0.000000 0.000000 0.000000 0.000000 1.000000
0.964408 0.044155 0.260705 0.000000 -0.032658 0.998300 -0.048271 4.378900 -0.262393 0.038039 0.964211 0.000000 0.000000 0.000000 0.000000 1.000000
0.970578 0.044083 0.236715 -0.000000 -0.034556 0.998423 -0.044246 4.378900 -0.238292 0.034764 0.970571 -0.000000 0.000000 0.000000 0.000000 1.000000
0.975743 0.044046 0.214444 0.000000 -0.035887 0.998482 -0.041794 4.378900 -0.215959 0.033084 0.975842 -0.000000 0.000000 0.000000 0.000000 1.000000
0.980025 0.048921 0.192765 -0.000000 -0.042038 0.998329 -0.039637 4.378900 -0.194382 0.030742 0.980444 0.000000 0.000000 0.000000 0.000000 1.000000
0.984382 0.055021 0.167225 0.000000 -0.049333 0.998060 -0.037982 4.378900 -0.168990 0.029139 0.985187 -0.000000 0.000000 0.000000 0.000000 1.000000
0.988526 0.059739 0.138733 0.000000 -0.054693 0.997705 -0.039912 4.378900 -0.140799 0.031866 0.989525 -0.000000 0.000000 0.000000 0.000000 1.000000
0.991548 0.062278 0.113813 0.000000 -0.057570 0.997363 -0.044199 4.378900 -0.116265 0.037273 0.992519 -0.000000 0.000000 0.000000 0.000000 1.000000
0.992878 0.065027 0.099820 0.000000 -0.060591 0.997063 -0.046848 4.378900 -0.102573 0.040467 0.993902 0.000000 0.000000 0.000000 0.000000 1.000000
0.993512 0.065586 0.092915 -0.000000 -0.061052 0.996839 -0.050832 4.378900 -0.095955 0.044829 0.994376 0.000000 0.000000 0.000000 0.000000 1.000000
0.994027 0.067651 0.085637 -0.000000 -0.063102 0.996504 -0.054762 4.378900 -0.089042 0.049031 0.994820 0.000000 0.000000 0.000000 0.000000 1.000000
0.994360 0.073785 0.076189 -0.000000 -0.069549 0.995958 -0.056833 4.378900 -0.080075 0.051213 0.995472 -0.000000 0.000000 0.000000 0.000000 1.000000
0.994676 0.078524 0.066732 0.000000 -0.074404 0.995291 -0.062128 4.378900 -0.071297 0.056832 0.995835 -0.000000 0.000000 0.000000 0.000000 1.000000
0.994947 0.082803 0.056782 0.000000 -0.078876 0.994546 -0.068235 4.378900 -0.062123 0.063412 0.996052 -0.000000 0.000000 0.000000 0.000000 1.000000
0.995137 0.086706 0.046738 0.000000 -0.083052 0.993707 -0.075152 4.378900 -0.052960 0.070905 0.996076 0.000000 0.000000 0.000000 0.000000 1.000000
0.995387 0.087960 0.038324 0.000000 -0.084477 0.992829 -0.084587 4.378900 -0.045489 0.080959 0.995679 0.000000 0.000000 0.000000 0.000000 1.000000
0.995845 0.086449 0.028620 -0.000000 -0.083393 0.992004 -0.094733 4.378900 -0.036580 0.091953 0.995091 0.000000 0.000000 0.000000 0.000000 1.000000
0.996357 0.083132 0.019048 -0.000000 -0.080759 0.991436 -0.102627 4.378900 -0.027416 0.100715 0.994538 0.000000 0.000000 0.000000 0.000000 1.000000
0.996641 0.081031 0.011854 -0.000000 -0.079309 0.991099 -0.106928 4.378900 -0.020413 0.105629 0.994196 0.000000 0.000000 0.000000 0.000000 1.000000
0.996723 0.080653 0.006279 0.000000 -0.079453 0.990579 -0.111539 4.378900 -0.015216 0.110674 0.993740 0.000000 0.000000 0.000000 0.000000 1.000000
0.996744 0.080561 0.003273 -0.000000 -0.079639 0.990047 -0.116039 4.378900 -0.012589 0.115401 0.993239 -0.000000 0.000000 0.000000 0.000000 1.000000
0.996753 0.080513 0.000785 -0.000000 -0.079841 0.989599 -0.119666 4.378900 -0.010411 0.119215 0.992814 0.000000 0.000000 0.000000 0.000000 1.000000
0.996615 0.082207 -0.000802 -0.000000 -0.081680 0.989021 -0.123146 4.378900 -0.009331 0.122795 0.992388 -0.000000 0.000000 0.000000 0.000000 1.000000
0.996383 0.084971 -0.000625 -0.000000 -0.084370 0.988401 -0.126273 4.378900 -0.010112 0.125869 0.991995 0.000000 0.000000 0.000000 0.000000 1.000000
0.996232 0.086706 -0.001806 0.000000 -0.086210 0.987842 -0.129371 4.378900 -0.009434 0.129040 0.991595 -0.000000 0.000000 0.000000 0.000000 1.000000
0.996084 0.088341 -0.003525 0.000000 -0.088034 0.987353 -0.131851 4.378900 -0.008167 0.131645 0.991263 0.000000 0.000000 0.000000 0.000000 1.000000
0.995903 0.090355 -0.003502 -0.000000 -0.090006 0.986855 -0.134223 4.378900 -0.008672 0.133988 0.990945 0.000000 0.000000 0.000000 0.000000 1.000000
0.995753 0.092039 -0.002322 0.000000 -0.091489 0.986343 -0.136954 4.378900 -0.010315 0.136585 0.990575 0.000000 0.000000 0.000000 0.000000 1.000000
0.995574 0.093967 -0.001615 0.000000 -0.093269 0.985779 -0.139786 4.378900 -0.011543 0.139318 0.990180 -0.000000 0.000000 0.000000 0.000000 1.000000
0.995390 0.095906 -0.000541 0.000000 -0.095014 0.985335 -0.141728 4.378900 -0.013060 0.141126 0.989905 0.000000 0.000000 0.000000 0.000000 1.000000
0.995287 0.096974 -0.000100 0.000000 -0.095980 0.984936 -0.143837 4.378900 -0.013850 0.143169 0.989601 0.000000 0.000000 0.000000 0.000000 1.000000
0.995260 0.097251 0.000082 0.000000 -0.096195 0.984584 -0.146087 4.378900 -0.014288 0.145387 0.989272 0.000000 0.000000 0.000000 0.000000 1.000000
0.995248 0.097367 0.000768 0.000000 -0.096204 0.984517 -0.146526 4.378900 -0.015023 0.145756 0.989206 0.000000 0.000000 0.000000 0.000000 1.000000
0.995240 0.097441 0.001347 -0.000000 -0.096190 0.984490 -0.146722 4.378900 -0.015623 0.145894 0.989177 0.000000 0.000000 0.000000 0.000000 1.000000</float_array><technique_common><accessor source="#mixamorig_Spine1-Matrix-animation-output-transform-array" count="67" stride="16"><param type="float4x4"/></accessor></technique_common></source><source id="mixamorig_Spine1-Interpolations"><Name_array id="mixamorig_Spine1-Interpolations-array" count="67">
 LINEAR LINEAR LINEAR LINEAR LINEAR LINEAR LINEAR LINEAR LINEAR LINEAR LINEAR
LINEAR LINEAR LINEAR LINEAR LINEAR LINEAR LINEAR LINEAR LINEAR LINEAR LINEAR LINEAR
LINEAR LINEAR LINEAR LINEAR LINEAR LINEAR LINEAR LINEAR LINEAR LINEAR LINEAR LINEAR
LINEAR LINEAR LINEAR LINEAR LINEAR LINEAR LINEAR LINEAR LINEAR LINEAR LINEAR LINEAR
LINEAR LINEAR LINEAR LINEAR LINEAR LINEAR LINEAR LINEAR LINEAR LINEAR LINEAR LINEAR
LINEAR LINEAR LINEAR LINEAR LINEAR LINEAR LINEAR LINEAR</Name_array><technique_common><accessor source="#mixamorig_Spine1-Interpolations-array" count="67"><param type="name"/></accessor></technique_common></source><sampler id="mixamorig_Spine1-Matrix-animation-transform"><input semantic="INPUT" source="#mixamorig_Spine1-Matrix-animation-input"/><input semantic="OUTPUT" source="#mixamorig_Spine1-Matrix-animation-output-transform"/><input semantic="INTERPOLATION" source="#mixamorig_Spine1-Interpolations"/></sampler><channel source="#mixamorig_Spine1-Matrix-animation-transform" target="mixamorig_Spine1/matrix"/></animation>
    <animation id="mixamorig_Spine2-anim" name="mixamorig_Spine2"><source id="mixamorig_Spine2-Matrix-animation-input"><float_array id="mixamorig_Spine2-Matrix-animation-input-array" count="67">

0.000000 0.033333 0.066667 0.100000 0.133333 0.166667 0.200000 0.233333 0.266667 0.300000 0.333333 0.366667 0.400000 0.433333 0.466667 0.500000
0.533333 0.566667 0.600000 0.633333 0.666667 0.700000 0.733333 0.766667 0.800000 0.833333 0.866667 0.900000 0.933333 0.966667 1.000000 1.033333
1.066667 1.100000 1.133333 1.166667 1.200000 1.233333 1.266667 1.300000 1.333333 1.366667 1.400000 1.433333 1.466667 1.500000 1.533333 1.566667
1.600000 1.633333 1.666667 1.700000 1.733333 1.766667 1.800000 1.833333 1.866667 1.900000 1.933333 1.966667 2.000000 2.033333 2.066667 2.100000
2.133333 2.166667 2.200000</float_array><technique_common><accessor source="#mixamorig_Spine2-Matrix-animation-input-array" count="67"><param name="TIME" type="float"/></accessor></technique_common></source><source id="mixamorig_Spine2-Matrix-animation-output-transform"><float_array id="mixamorig_Spine2-Matrix-animation-output-transform-array" count="1072">

0.995241 0.097433 0.001350 0.000000 -0.096176 0.984433 -0.147110 5.004500 -0.015662 0.146280 0.989119 0.000000 0.000000 0.000000 0.000000 1.000000
0.995378 0.096029 0.000852 -0.000000 -0.094901 0.984960 -0.144384 5.004500 -0.014704 0.143636 0.989521 -0.000000 0.000000 0.000000 0.000000 1.000000
0.995616 0.093522 -0.001357 0.000000 -0.092751 0.985333 -0.143232 5.004500 -0.012059 0.142730 0.989688 0.000000 0.000000 0.000000 0.000000 1.000000
0.996181 0.086655 -0.010722 0.000000 -0.087304 0.986564 -0.138089 5.004500 -0.001388 0.138497 0.990362 0.000000 0.000000 0.000000 0.000000 1.000000
0.996887 0.074974 -0.024379 0.000000 -0.077564 0.988079 -0.132979 5.004500 0.014118 0.134456 0.990819 0.000000 0.000000 0.000000 0.000000 1.000000
0.997401 0.057415 -0.043529 0.000000 -0.062563 0.989799 -0.127996 5.004500 0.035736 0.130386 0.990819 -0.000000 0.000000 0.000000 0.000000 1.000000
0.997320 0.033774 -0.064901 0.000000 -0.041556 0.991590 -0.122563 5.004500 0.060216 0.124931 0.990336 0.000000 0.000000 0.000000 0.000000 1.000000
0.996460 0.008995 -0.083585 0.000000 -0.018538 0.993296 -0.114103 5.004500 0.081998 0.115248 0.989947 0.000000 0.000000 0.000000 0.000000 1.000000
