<?xml version="1.0" encoding="utf-8"?>
<COLLADA xmlns="http://www.collada.org/2005/11/COLLADASchema" version="1.4.1">
  <asset><contributor><author>Mixamo</author><authoring_tool>COLLADA Mixamo exporter</authoring_tool><comments></comments></contributor><created>2020-10-31T23:39:50Z</created><modified>2020-10-31T23:39:50Z</modified><revision></revision><title></title><unit meter="0.010000"/><up_axis>Y_UP</up_axis></asset>
  <library_animations>
    <animation id="mixamorig_Hips-anim" name="mixamorig_Hips"><source id="mixamorig_Hips-Matrix-animation-input"><float_array id="mixamorig_Hips-Matrix-animation-input-array" count="136">

0.000000 0.033333 0.066667 0.100000 0.133333 0.166667 0.200000 0.233333 0.266667 0.300000 0.333333 0.366667 0.400000 0.433333 0.466667 0.500000
0.533333 0.566667 0.600000 0.633333 0.666667 0.700000 0.733333 0.766667 0.800000 0.833333 0.866667 0.900000 0.933333 0.966667 1.000000 1.033333
1.066667 1.100000 1.133333 1.166667 1.200000 1.233333 1.266667 1.300000 1.333333 1.366667 1.400000 1.433333 1.466667 1.500000 1.533333 1.566667
1.600000 1.633333 1.666667 1.700000 1.733333 1.766667 1.800000 1.833333 1.866667 1.900000 1.933333 1.966667 2.000000 2.033333 2.066667 2.100000
2.133333 2.166667 2.200000 2.233333 2.266667 2.300000 2.333333 2.366667 2.400000 2.433333 2.466667 2.500000 2.533333 2.566667 2.600000 2.633333
2.666667 2.700000 2.733333 2.766667 2.800000 2.833333 2.866667 2.900000 2.933333 2.966667 3.000000 3.033333 3.066667 3.100000 3.133333 3.166667
3.200000 3.233333 3.266667 3.300000 3.333333 3.366667 3.400000 3.433333 3.466667 3.500000 3.533333 3.566667 3.600000 3.633333 3.666667 3.700000
3.733333 3.766667 3.800000 3.833333 3.866667 3.900000 3.933333 3.966667 4.000000 4.033333 4.066667 4.100000 4.133333 4.166667 4.200000 4.233333
4.266667 4.300000 4.333333 4.366667 4.400000 4.433333 4.466667 4.500000</float_array><technique_common><accessor source="#mixamorig_Hips-Matrix-animation-input-array" count="136"><param name="TIME" type="float"/></accessor></technique_common></source><source id="mixamorig_Hips-Matrix-animation-output-transform"><float_array id="mixamorig_Hips-Matrix-animation-output-transform-array" count="2176">

0.994607 0.071644 -0.074993 -0.379396 -0.091505 0.265806 -0.959674 33.564899 -0.048821 0.961361 0.270928 5.088949 0.000000 0.000000 0.000000 1.000000
0.994344 0.067759 -0.081782 -0.382740 -0.096838 0.262240 -0.960131 33.568077 -0.043611 0.962621 0.267319 4.970815 0.000000 0.000000 0.000000 1.000000
0.994080 0.063905 -0.087867 -0.388160 -0.101511 0.258000 -0.960797 33.572868 -0.038730 0.964029 0.262959 4.840827 0.000000 0.000000 0.000000 1.000000
0.993687 0.061606 -0.093761 -0.405298 -0.106422 0.253104 -0.961568 33.562004 -0.035507 0.965476 0.258062 4.703534 0.000000 0.000000 0.000000 1.000000
0.993066 0.059041 -0.101655 -0.404601 -0.113182 0.246478 -0.962517 33.553947 -0.031772 0.967348 0.251452 4.575709 0.000000 0.000000 0.000000 1.000000
0.992325 0.055375 -0.110568 -0.367054 -0.120673 0.238321 -0.963660 33.566528 -0.027012 0.969606 0.243174 4.464607 0.000000 0.000000 0.000000 1.000000
0.991732 0.050726 -0.117872 -0.304208 -0.126472 0.230888 -0.964726 33.581402 -0.021722 0.971657 0.235395 4.368214 0.000000 0.000000 0.000000 1.000000
0.991362 0.045045 -0.123174 -0.229122 -0.130209 0.225591 -0.965482 33.577686 -0.015703 0.973180 0.229507 4.300024 0.000000 0.000000 0.000000 1.000000
0.991093 0.039077 -0.127311 -0.162581 -0.132824 0.220848 -0.966221 33.560234 -0.009641 0.974525 0.224072 4.224751 0.000000 0.000000 0.000000 1.000000
0.990963 0.033030 -0.130009 -0.113236 -0.134085 0.216318 -0.967072 33.533493 -0.003819 0.975764 0.218792 4.120356 0.000000 0.000000 0.000000 1.000000
0.990998 0.027349 -0.131056 -0.085913 -0.133872 0.212723 -0.967898 33.487103 0.001408 0.976730 0.214469 4.015088 0.000000 0.000000 0.000000 1.000000
0.990984 0.022673 -0.132046 -0.079792 -0.133860 0.209078 -0.968694 33.425026 0.005645 0.977636 0.210228 3.917678 0.000000 0.000000 0.000000 1.000000
0.990735 0.019289 -0.134431 -0.083712 -0.135523 0.204521 -0.969435 33.354984 0.008795 0.978672 0.205241 3.827665 0.000000 0.000000 0.000000 1.000000
0.990377 0.016209 -0.137443 -0.093699 -0.137919 0.197908 -0.970469 33.291080 0.011471 0.980087 0.198239 3.745839 0.000000 0.000000 0.000000 1.000000
0.989989 0.012409 -0.140595 -0.105020 -0.140373 0.190402 -0.971618 33.232563 0.014713 0.981628 0.190238 3.682210 0.000000 0.000000 0.000000 1.000000
0.989552 0.008147 -0.143943 -0.124552 -0.142987 0.183261 -0.972610 33.179241 0.018455 0.983030 0.182512 3.640367 0.000000 0.000000 0.000000 1.000000
0.989299 0.004168 -0.145840 -0.146409 -0.144307 0.175262 -0.973889 33.136196 0.021501 0.984513 0.173988 3.621119 0.000000 0.000000 0.000000 1.000000
0.989125 0.000017 -0.147075 -0.170403 -0.145026 0.166425 -0.975331 33.111603 0.024460 0.986054 0.164618 3.601140 0.000000 0.000000 0.000000 1.000000
0.988677 -0.003828 -0.150013 -0.189734 -0.147538 0.157778 -0.976391 33.103302 0.027407 0.987467 0.155426 3.584622 0.000000 0.000000 0.000000 1.000000
0.987998 -0.007484 -0.154284 -0.202195 -0.151449 0.149508 -0.977093 33.106373 0.030379 0.988732 0.146580 3.579648 0.000000 0.000000 0.000000 1.000000
0.987382 -0.011171 -0.157965 -0.218702 -0.154808 0.141986 -0.977688 33.114529 0.033351 0.989806 0.138465 3.577812 0.000000 0.000000 0.000000 1.000000
0.986834 -0.014312 -0.161101 -0.238421 -0.157711 0.135648 -0.978124 33.118530 0.035852 0.990654 0.131605 3.582030 0.000000 0.000000 0.000000 1.000000
0.986378 -0.018593 -0.163443 -0.252406 -0.159663 0.130879 -0.978457 33.118351 0.039583 0.991224 0.126127 3.578916 0.000000 0.000000 0.000000 1.000000
0.985935 -0.025287 -0.165204 -0.254888 -0.160749 0.127017 -0.978788 33.114449 0.045734 0.991578 0.121165 3.635433 0.000000 0.000000 0.000000 1.000000
0.985409 -0.031249 -0.167310 -0.263238 -0.162291 0.123720 -0.978956 33.113518 0.051291 0.991825 0.116844 3.752039 0.000000 0.000000 0.000000 1.000000
0.985023 -0.036243 -0.168572 -0.277232 -0.163078 0.121670 -0.979082 33.125874 0.055995 0.991909 0.113937 3.870528 0.000000 0.000000 0.000000 1.000000
0.984819 -0.040998 -0.168672 -0.278912 -0.162737 0.120033 -0.979341 33.147095 0.060397 0.991923 0.111538 4.010598 0.000000 0.000000 0.000000 1.000000
0.984667 -0.044782 -0.168599 -0.269539 -0.162334 0.118609 -0.979581 33.166611 0.063865 0.991931 0.109521 4.168095 0.000000 0.000000 0.000000 1.000000
0.984674 -0.047909 -0.167695 -0.261957 -0.161123 0.118138 -0.979838 33.175518 0.066754 0.991841 0.108608 4.325527 0.000000 0.000000 0.000000 1.000000
0.985245 -0.049459 -0.163846 -0.251101 -0.157141 0.117895 -0.980514 33.176563 0.067812 0.991794 0.108384 4.486045 0.000000 0.000000 0.000000 1.000000
0.986301 -0.049237 -0.157433 -0.242430 -0.150832 0.117178 -0.981590 33.181145 0.066778 0.991890 0.108147 4.656036 0.000000 0.000000 0.000000 1.000000
0.987275 -0.048553 -0.151430 -0.236899 -0.145024 0.115774 -0.982631 33.197365 0.065241 0.992088 0.107260 4.831793 0.000000 0.000000 0.000000 1.000000
0.987954 -0.047516 -0.147270 -0.231636 -0.141082 0.114425 -0.983363 33.226250 0.063577 0.992295 0.106343 5.031801 0.000000 0.000000 0.000000 1.000000
0.988305 -0.046869 -0.145110 -0.221138 -0.139120 0.112541 -0.983860 33.239220 0.062443 0.992541 0.104704 5.231410 0.000000 0.000000 0.000000 1.000000
0.988545 -0.045473 -0.143911 -0.207593 -0.138220 0.110138 -0.984258 33.234295 0.060607 0.992876 0.102591 5.430424 0.000000 0.000000 0.000000 1.000000
0.988635 -0.043811 -0.143813 -0.190197 -0.138428 0.107886 -0.984479 33.211281 0.058647 0.993197 0.100596 5.632865 0.000000 0.000000 0.000000 1.000000
0.988379 -0.042705 -0.145888 -0.168216 -0.140730 0.105748 -0.984384 33.176613 0.057466 0.993475 0.098509 5.833055 0.000000 0.000000 0.000000 1.000000
0.987923 -0.042205 -0.149088 -0.137501 -0.144111 0.103220 -0.984163 33.138489 0.056926 0.993763 0.095891 6.029131 0.000000 0.000000 0.000000 1.000000
0.987464 -0.042360 -0.152051 -0.101698 -0.147204 0.100513 -0.983986 33.097572 0.056965 0.994034 0.093018 6.214994 0.000000 0.000000 0.000000 1.000000
0.987011 -0.042075 -0.155044 -0.064861 -0.150279 0.099360 -0.983638 33.046249 0.056791 0.994162 0.091747 6.385172 0.000000 0.000000 0.000000 1.000000
0.986560 -0.041674 -0.157996 -0.023971 -0.153207 0.100240 -0.983097 32.986774 0.056807 0.994090 0.092508 6.534476 0.000000 0.000000 0.000000 1.000000
0.986121 -0.041855 -0.160667 0.026928 -0.155722 0.102490 -0.982470 32.934402 0.057588 0.993853 0.094550 6.663878 0.000000 0.000000 0.000000 1.000000
0.986081 -0.040959 -0.161141 0.079711 -0.156117 0.105320 -0.982108 32.893524 0.057197 0.993595 0.097460 6.773594 0.000000 0.000000 0.000000 1.000000
0.986461 -0.038769 -0.159350 0.129130 -0.154378 0.108390 -0.982048 32.852085 0.055345 0.993352 0.100937 6.858014 0.000000 0.000000 0.000000 1.000000
0.986854 -0.036291 -0.157489 0.176688 -0.152587 0.111938 -0.981930 32.804550 0.053264 0.993052 0.104929 6.915899 0.000000 0.000000 0.000000 1.000000
0.987223 -0.033441 -0.155796 0.216478 -0.150982 0.116259 -0.981676 32.763626 0.050941 0.992656 0.109725 6.948415 0.000000 0.000000 0.000000 1.000000
0.987773 -0.029718 -0.153038 0.242688 -0.148469 0.120086 -0.981599 32.738815 0.047549 0.992319 0.114206 6.955181 0.000000 0.000000 0.000000 1.000000
0.988308 -0.025841 -0.150267 0.257992 -0.145990 0.123946 -0.981491 32.716614 0.043987 0.991952 0.118724 6.939130 0.000000 0.000000 0.000000 1.000000
0.988652 -0.022481 -0.148531 0.264881 -0.144444 0.129332 -0.981025 32.689964 0.041264 0.991347 0.124617 6.910758 0.000000 0.000000 0.000000 1.000000
0.988962 -0.019158 -0.146924 0.262694 -0.142999 0.136216 -0.980304 32.670147 0.038794 0.990494 0.131973 6.876242 0.000000 0.000000 0.000000 1.000000
0.989338 -0.015502 -0.144808 0.252560 -0.141099 0.144189 -0.979439 32.661697 0.036063 0.989429 0.140465 6.842283 0.000000 0.000000 0.000000 1.000000
0.989732 -0.012653 -0.142376 0.237186 -0.138788 0.153196 -0.978401 32.662613 0.034192 0.988115 0.149867 6.811728 0.000000 0.000000 0.000000 1.000000
0.990159 -0.010918 -0.139521 0.216836 -0.135904 0.162904 -0.977237 32.668297 0.033398 0.986582 0.159817 6.780351 0.000000 0.000000 0.000000 1.000000
0.990645 -0.008426 -0.136206 0.185552 -0.132687 0.173789 -0.975803 32.671471 0.031893 0.984747 0.171045 6.737214 0.000000 0.000000 0.000000 1.000000
0.991043 -0.006149 -0.133405 0.144201 -0.129952 0.185806 -0.973955 32.668022 0.030777 0.982567 0.183343 6.676479 0.000000 0.000000 0.000000 1.000000
0.991584 -0.004560 -0.129387 0.100288 -0.125890 0.199362 -0.971806 32.661865 0.030226 0.979915 0.197111 6.612935 0.000000 0.000000 0.000000 1.000000
0.992336 -0.002562 -0.123539 0.051906 -0.120149 0.213479 -0.969531 32.658100 0.028857 0.976944 0.211535 6.556817 0.000000 0.000000 0.000000 1.000000
0.992945 -0.000939 -0.118573 0.000535 -0.115261 0.227156 -0.967013 32.661709 0.027842 0.973858 0.225445 6.505011 0.000000 0.000000 0.000000 1.000000
0.993395 0.000230 -0.114746 -0.046691 -0.111442 0.240158 -0.964316 32.674587 0.027335 0.970734 0.238597 6.469480 0.000000 0.000000 0.000000 1.000000
0.993845 0.002244 -0.110754 -0.087286 -0.107755 0.251507 -0.961838 32.692474 0.025697 0.967853 0.250201 6.457152 0.000000 0.000000 0.000000 1.000000
0.994109 0.004826 -0.108276 -0.123244 -0.105779 0.260898 -0.959554 32.702385 0.023618 0.965354 0.259871 6.460086 0.000000 0.000000 0.000000 1.000000
0.994211 0.006224 -0.107264 -0.148351 -0.105007 0.267698 -0.957764 32.706009 0.022753 0.963483 0.266802 6.472093 0.000000 0.000000 0.000000 1.000000
0.994269 0.006726 -0.106695 -0.160044 -0.104522 0.270784 -0.956949 32.726318 0.022455 0.962617 0.269935 6.485377 0.000000 0.000000 0.000000 1.000000
0.994270 0.006994 -0.106669 -0.164447 -0.104588 0.269970 -0.957172 32.770058 0.022103 0.962843 0.269154 6.502551 0.000000 0.000000 0.000000 1.000000
0.994145 0.006469 -0.107860 -0.170502 -0.105691 0.265819 -0.958212 32.818699 0.022473 0.964001 0.264947 6.537429 0.000000 0.000000 0.000000 1.000000
0.993766 0.006476 -0.111295 -0.180084 -0.109167 0.258944 -0.959703 32.847122 0.022604 0.965871 0.258036 6.459133 0.000000 0.000000 0.000000 1.000000
0.993380 0.007538 -0.114627 -0.180523 -0.112816 0.252097 -0.961103 32.867847 0.021652 0.967673 0.251278 6.342754 0.000000 0.000000 0.000000 1.000000
0.993170 0.008524 -0.116368 -0.168410 -0.114879 0.245974 -0.962445 32.896763 0.020420 0.969239 0.245273 6.217100 0.000000 0.000000 0.000000 1.000000
0.992975 0.009586 -0.117933 -0.147714 -0.116765 0.240507 -0.963599 32.931618 0.019127 0.970600 0.239937 6.064472 0.000000 0.000000 0.000000 1.000000
0.992478 0.008982 -0.122090 -0.136197 -0.120758 0.235593 -0.964320 32.968212 0.020102 0.971810 0.234906 5.912699 0.000000 0.000000 0.000000 1.000000
0.991841 0.006621 -0.127311 -0.128990 -0.125359 0.232160 -0.964566 32.984703 0.023170 0.972655 0.231096 5.769491 0.000000 0.000000 0.000000 1.000000
0.991197 0.004185 -0.132330 -0.127680 -0.129739 0.229951 -0.964516 32.975674 0.026392 0.973193 0.228469 5.632461 0.000000 0.000000 0.000000 1.000000
0.990635 0.003002 -0.136505 -0.129504 -0.133577 0.228385 -0.964364 32.962967 0.028281 0.973566 0.226647 5.505076 0.000000 0.000000 0.000000 1.000000
0.990212 0.002167 -0.139556 -0.142983 -0.136366 0.228125 -0.964035 32.952259 0.029747 0.973629 0.226188 5.387077 0.000000 0.000000 0.000000 1.000000
0.989768 0.001835 -0.142677 -0.169529 -0.139326 0.228230 -0.963587 32.937004 0.030795 0.973606 0.226150 5.279171 0.000000 0.000000 0.000000 1.000000
0.989203 0.002385 -0.146533 -0.210726 -0.143196 0.228488 -0.962958 32.917011 0.031185 0.973544 0.226363 5.168715 0.000000 0.000000 0.000000 1.000000
0.988752 0.002825 -0.149539 -0.257097 -0.146263 0.227202 -0.962801 32.903069 0.031255 0.973844 0.225059 5.057381 0.000000 0.000000 0.000000 1.000000
0.988429 0.003175 -0.151653 -0.308652 -0.148495 0.224272 -0.963147 32.903862 0.030954 0.974522 0.222148 4.944983 0.000000 0.000000 0.000000 1.000000
0.988189 0.003147 -0.153208 -0.355375 -0.150196 0.218154 -0.964287 32.918022 0.030389 0.975909 0.216050 4.820280 0.000000 0.000000 0.000000 1.000000
0.988060 0.002392 -0.154051 -0.366867 -0.151129 0.209469 -0.966066 32.920704 0.029959 0.977812 0.207329 4.687963 0.000000 0.000000 0.000000 1.000000
0.987838 0.002505 -0.155469 -0.342160 -0.152742 0.202767 -0.967241 32.898083 0.029101 0.979224 0.200684 4.561103 0.000000 0.000000 0.000000 1.000000
0.987610 0.004054 -0.156878 -0.324730 -0.154552 0.198518 -0.967835 32.878654 0.027220 0.980089 0.196685 4.425794 0.000000 0.000000 0.000000 1.000000
0.987503 0.006236 -0.157477 -0.332770 -0.155637 0.195825 -0.968209 32.884232 0.024800 0.980619 0.194348 4.287251 0.000000 0.000000 0.000000 1.000000
0.987561 0.008270 -0.157021 -0.368776 -0.155615 0.194532 -0.968474 32.910480 0.022536 0.980861 0.193399 4.156441 0.000000 0.000000 0.000000 1.000000
0.987599 0.009565 -0.156707 -0.426901 -0.155560 0.194431 -0.968503 32.937386 0.021204 0.980870 0.193508 4.037736 0.000000 0.000000 0.000000 1.000000
0.987531 0.008917 -0.157171 -0.489077 -0.155875 0.195109 -0.968316 32.959400 0.022031 0.980741 0.194066 3.934957 0.000000 0.000000 0.000000 1.000000
0.987510 0.007209 -0.157394 -0.546226 -0.155744 0.195862 -0.968185 32.994110 0.023848 0.980605 0.194539 3.846630 0.000000 0.000000 0.000000 1.000000
0.987576 0.004738 -0.157072 -0.590581 -0.154935 0.196334 -0.968219 33.042156 0.026251 0.980526 0.194629 3.770282 0.000000 0.000000 0.000000 1.000000
0.987819 0.002254 -0.155589 -0.615524 -0.152998 0.196328 -0.968528 33.094887 0.028363 0.980536 0.194282 3.707074 0.000000 0.000000 0.000000 1.000000
0.988345 0.000663 -0.152230 -0.629459 -0.149419 0.195562 -0.969242 33.154655 0.029128 0.980691 0.193382 3.655317 0.000000 0.000000 0.000000 1.000000
0.988947 -0.000021 -0.148271 -0.632538 -0.145460 0.193661 -0.970225 33.224129 0.028735 0.981069 0.191517 3.604886 0.000000 0.000000 0.000000 1.000000
0.989430 -0.000183 -0.145010 -0.627240 -0.142313 0.190768 -0.971264 33.292809 0.027841 0.981635 0.188726 3.587695 0.000000 0.000000 0.000000 1.000000
0.989789 0.000224 -0.142538 -0.615685 -0.140091 0.186045 -0.972503 33.348808 0.026301 0.982541 0.184177 3.688631 0.000000 0.000000 0.000000 1.000000
0.990136 0.001185 -0.140107 -0.594942 -0.137994 0.181465 -0.973667 33.395996 0.024271 0.983397 0.179838 3.810944 0.000000 0.000000 0.000000 1.000000
0.990348 0.002490 -0.138583 -0.561489 -0.136839 0.176698 -0.974707 33.448158 0.022060 0.984262 0.175333 3.944153 0.000000 0.000000 0.000000 1.000000
0.990476 0.004101 -0.137623 -0.518409 -0.136278 0.171668 -0.975684 33.502815 0.019624 0.985146 0.170592 4.080663 0.000000 0.000000 0.000000 1.000000
0.990650 0.006079 -0.136294 -0.471789 -0.135386 0.167156 -0.976591 33.549004 0.016845 0.985912 0.166416 4.220030 0.000000 0.000000 0.000000 1.000000
0.990717 0.008490 -0.135678 -0.423070 -0.135238 0.163088 -0.977299 33.592987 0.013830 0.986575 0.162723 4.369307 0.000000 0.000000 0.000000 1.000000
0.990502 0.010977 -0.137061 -0.375095 -0.137050 0.159407 -0.977654 33.632557 0.011117 0.987152 0.159397 4.519780 0.000000 0.000000 0.000000 1.000000
0.990102 0.013858 -0.139666 -0.327310 -0.140094 0.157791 -0.977484 33.642300 0.008492 0.987375 0.158171 4.656161 0.000000 0.000000 0.000000 1.000000
0.989763 0.016854 -0.141721 -0.280218 -0.142595 0.158387 -0.977026 33.619965 0.005980 0.987233 0.159169 4.783617 0.000000 0.000000 0.000000 1.000000
0.989679 0.019671 -0.141947 -0.236671 -0.143264 0.158880 -0.976848 33.597881 0.003337 0.987102 0.160058 4.910164 0.000000 0.000000 0.000000 1.000000
0.989765 0.023721 -0.140719 -0.191802 -0.142701 0.157616 -0.977135 33.590084 -0.000999 0.987215 0.159388 5.046773 0.000000 0.000000 0.000000 1.000000
0.989929 0.027186 -0.138929 -0.137568 -0.141483 0.156858 -0.977434 33.560879 -0.004780 0.987247 0.159124 5.196635 0.000000 0.000000 0.000000 1.000000
0.990168 0.028768 -0.136890 -0.077645 -0.139731 0.158220 -0.977467 33.484871 -0.006461 0.986985 0.160684 5.344288 0.000000 0.000000 0.000000 1.000000
0.990514 0.030839 -0.133904 -0.022654 -0.137133 0.160075 -0.977533 33.400074 -0.008712 0.986623 0.162786 5.483212 0.000000 0.000000 0.000000 1.000000
0.991092 0.034023 -0.128760 0.028729 -0.132606 0.162484 -0.977760 33.335995 -0.012345 0.986124 0.165548 5.619366 0.000000 0.000000 0.000000 1.000000
0.991637 0.037071 -0.123622 0.085329 -0.128095 0.165730 -0.977817 33.275497 -0.015760 0.985474 0.169092 5.746538 0.000000 0.000000 0.000000 1.000000
0.991964 0.040058 -0.120016 0.138974 -0.125130 0.170140 -0.977443 33.208515 -0.018735 0.984605 0.173785 5.855839 0.000000 0.000000 0.000000 1.000000
0.992269 0.042259 -0.116688 0.187116 -0.122328 0.174541 -0.977022 33.145676 -0.020921 0.983743 0.178362 5.949905 0.000000 0.000000 0.000000 1.000000
0.992527 0.043833 -0.113882 0.231812 -0.119935 0.178355 -0.976629 33.092937 -0.022497 0.982989 0.182279 6.029698 0.000000 0.000000 0.000000 1.000000
0.992709 0.045264 -0.111711 0.270522 -0.118133 0.181382 -0.976291 33.047253 -0.023928 0.982370 0.185407 6.093798 0.000000 0.000000 0.000000 1.000000
0.992857 0.046810 -0.109746 0.298022 -0.116561 0.184185 -0.975956 33.005104 -0.025471 0.981776 0.188326 6.139082 0.000000 0.000000 0.000000 1.000000
0.993078 0.049009 -0.106740 0.316942 -0.114068 0.185812 -0.975942 32.971577 -0.027997 0.981362 0.190116 6.165062 0.000000 0.000000 0.000000 1.000000
0.993297 0.050822 -0.103815 0.328233 -0.111572 0.186912 -0.976020 32.948593 -0.030199 0.981061 0.191330 6.163110 0.000000 0.000000 0.000000 1.000000
0.993426 0.052764 -0.101591 0.328210 -0.109848 0.189599 -0.975698 32.931862 -0.032220 0.980443 0.194148 6.138431 0.000000 0.000000 0.000000 1.000000
0.993553 0.055147 -0.099047 0.318959 -0.107948 0.193406 -0.975162 32.923710 -0.034621 0.979568 0.198112 6.103097 0.000000 0.000000 0.000000 1.000000
0.993744 0.056977 -0.096051 0.307873 -0.105548 0.198102 -0.974482 32.930954 -0.036495 0.978524 0.202877 6.065339 0.000000 0.000000 0.000000 1.000000
0.994001 0.057858 -0.092814 0.291375 -0.102766 0.203650 -0.973635 32.950676 -0.037431 0.977333 0.208374 6.020845 0.000000 0.000000 0.000000 1.000000
0.994319 0.058164 -0.089147 0.262985 -0.099460 0.209325 -0.972775 32.977928 -0.037920 0.976115 0.213920 5.955573 0.000000 0.000000 0.000000 1.000000
0.994678 0.059406 -0.084186 0.221306 -0.095124 0.215474 -0.971866 33.016167 -0.039595 0.974701 0.219978 5.867189 0.000000 0.000000 0.000000 1.000000
0.994933 0.061426 -0.079593 0.166300 -0.091407 0.222981 -0.970528 33.053078 -0.041867 0.972886 0.227466 5.759902 0.000000 0.000000 0.000000 1.000000
0.995121 0.063478 -0.075531 0.099284 -0.088361 0.232809 -0.968500 33.082169 -0.043894 0.970449 0.237282 5.645207 0.000000 0.000000 0.000000 1.000000
0.995366 0.066828 -0.069138 0.028790 -0.083511 0.244366 -0.966080 33.107834 -0.047666 0.967378 0.248815 5.544399 0.000000 0.000000 0.000000 1.000000
0.995588 0.071103 -0.061223 -0.038660 -0.077526 0.255817 -0.963612 33.131630 -0.052854 0.964107 0.260201 5.464497 0.000000 0.000000 0.000000 1.000000
0.995731 0.074938 -0.053896 -0.099579 -0.072008 0.265306 -0.961471 33.163303 -0.057752 0.961248 0.269570 5.390853 0.000000 0.000000 0.000000 1.000000
0.995809 0.077721 -0.048216 -0.150425 -0.067716 0.272147 -0.959870 33.200768 -0.061480 0.959112 0.276269 5.323585 0.000000 0.000000 0.000000 1.000000
0.995918 0.078514 -0.044525 -0.189548 -0.064722 0.277365 -0.958582 33.236752 -0.062913 0.957551 0.281314 5.273596 0.000000 0.000000 0.000000 1.000000
0.995903 0.079465 -0.043161 -0.225028 -0.063964 0.281643 -0.957385 33.285599 -0.063923 0.956223 0.285572 5.240700 0.000000 0.000000 0.000000 1.000000
0.995655 0.081614 -0.044844 -0.258335 -0.066332 0.283562 -0.956657 33.351021 -0.065361 0.955475 0.287743 5.223133 0.000000 0.000000 0.000000 1.000000
0.995416 0.082635 -0.048142 -0.284674 -0.069787 0.283434 -0.956449 33.400879 -0.065391 0.955425 0.287902 5.208131 0.000000 0.000000 0.000000 1.000000
0.995261 0.082410 -0.051615 -0.307861 -0.072985 0.282344 -0.956533 33.425625 -0.064255 0.955767 0.287021 5.192273 0.000000 0.000000 0.000000 1.000000
0.995137 0.081605 -0.055166 -0.329853 -0.075976 0.279446 -0.957151 33.455505 -0.062692 0.956687 0.284287 5.176138 0.000000 0.000000 0.000000 1.000000
0.995017 0.080034 -0.059461 -0.350833 -0.079382 0.275051 -0.958147 33.501247 -0.060330 0.958093 0.280033 5.158258 0.000000 0.000000 0.000000 1.000000
0.994903 0.077179 -0.064889 -0.367975 -0.083550 0.270710 -0.959028 33.540070 -0.056450 0.959562 0.275779 5.135971 0.000000 0.000000 0.000000 1.000000
0.994731 0.073498 -0.071470 -0.377266 -0.088690 0.267300 -0.959523 33.559742 -0.051419 0.960806 0.272410 5.107861 0.000000 0.000000 0.000000 1.000000</float_array><technique_common><accessor source="#mixamorig_Hips-Matrix-animation-output-transform-array" count="136" stride="16"><param type="float4x4"/></accessor></technique_common></source><source id="mixamorig_Hips-Interpolations"><Name_array id="mixamorig_Hips-Interpolations-array" count="136">
 LINEAR LINEAR LINEAR LINEAR LINEAR LINEAR LINEAR LINEAR LINEAR LINEAR LINEAR
LINEAR LINEAR LINEAR LINEAR LINEAR LINEAR LINEAR LINEAR LINEAR LINEAR LINEAR LINEAR
LINEAR LINEAR LINEAR LINEAR LINEAR LINEAR LINEAR LINEAR LINEAR LINEAR LINEAR LINEAR
LINEAR LINEAR LINEAR LINEAR LINEAR LINEAR LINEAR LINEAR LINEAR LINEAR LINEAR LINEAR
LINEAR LINEAR LINEAR LINEAR LINEAR LINEAR LINEAR LINEAR LINEAR LINEAR LINEAR LINEAR
LINEAR LINEAR LINEAR LINEAR LINEAR LINEAR LINEAR LINEAR LINEAR LINEAR LINEAR LINEAR
LINEAR LINEAR LINEAR LINEAR LINEAR LINEAR LINEAR LINEAR LINEAR LINEAR LINEAR LINEAR
LINEAR LINEAR LINEAR LINEAR LINEAR LINEAR LINEAR LINEAR LINEAR LINEAR LINEAR LINEAR
LINEAR LINEAR LINEAR LINEAR LINEAR LINEAR LINEAR LINEAR LINEAR LINEAR LINEAR LINEAR
LINEAR LINEAR LINEAR LINEAR LINEAR LINEAR LINEAR LINEAR LINEAR LINEAR LINEAR LINEAR
LINEAR LINEAR LINEAR LINEAR LINEAR LINEAR LINEAR LINEAR LINEAR LINEAR LINEAR LINEAR
LINEAR LINEAR LINEAR LINEAR LINEAR</Name_array><technique_common><accessor source="#mixamorig_Hips-Interpolations-array" count="136"><param type="name"/></accessor></technique_common></source><sampler id="mixamorig_Hips-Matrix-animation-transform"><input semantic="INPUT" source="#mixamorig_Hips-Matrix-animation-input"/><input semantic="OUTPUT" source="#mixamorig_Hips-Matrix-animation-output-transform"/><input semantic="INTERPOLATION" source="#mixamorig_Hips-Interpolations"/></sampler><channel source="#mixamorig_Hips-Matrix-animation-transform" target="mixamorig_Hips/matrix"/></animation>
    <animation id="mixamorig_Spine-anim" name="mixamorig_Spine"><source id="mixamorig_Spine-Matrix-animation-input"><float_array id="mixamorig_Spine-Matrix-animation-input-array" count="136">

0.000000 0.033333 0.066667 0.100000 0.133333 0.166667 0.200000 0.233333 0.266667 0.300000 0.333333 0.366667 0.400000 0.433333 0.466667 0.500000
0.533333 0.566667 0.600000 0.633333 0.666667 0.700000 0.733333 0.766667 0.800000 0.833333 0.866667 0.900000 0.933333 0.966667 1.000000 1.033333
1.066667 1.100000 1.133333 1.166667 1.200000 1.233333 1.266667 1.300000 1.333333 1.366667 1.400000 1.433333 1.466667 1.500000 1.533333 1.566667
1.600000 1.633333 1.666667 1.700000 1.733333 1.766667 1.800000 1.833333 1.866667 1.900000 1.933333 1.966667 2.000000 2.033333 2.066667 2.100000
2.133333 2.166667 2.200000 2.233333 2.266667 2.300000 2.333333 2.366667 2.400000 2.433333 2.466667 2.500000 2.533333 2.566667 2.600000 2.633333
2.666667 2.700000 2.733333 2.766667 2.800000 2.833333 2.866667 2.900000 2.933333 2.966667 3.000000 3.033333 3.066667 3.100000 3.133333 3.166667
3.200000 3.233333 3.266667 3.300000 3.333333 3.366667 3.400000 3.433333 3.466667 3.500000 3.533333 3.566667 3.600000 3.633333 3.666667 3.700000
3.733333 3.766667 3.800000 3.833333 3.866667 3.900000 3.933333 3.966667 4.000000 4.033333 4.066667 4.100000 4.133333 4.166667 4.200000 4.233333
4.266667 4.300000 4.333333 4.366667 4.400000 4.433333 4.466667 4.500000</float_array><technique_common><accessor source="#mixamorig_Spine-Matrix-animation-input-array" count="136"><param name="TIME" type="float"/></accessor></technique_common></source><source id="mixamorig_Spine-Matrix-animation-output-transform"><float_array id="mixamorig_Spine-Matrix-animation-output-transform-array" count="2176">

0.982670 0.083165 0.165657 -0.000000 -0.068650 0.993435 -0.091508 3.753200 -0.172180 0.078550 0.981929 -0.033300 0.000000 0.000000 0.000000 1.000000
0.982186 0.087322 0.166388 0.000000 -0.073112 0.993281 -0.089704 3.753200 -0.173104 0.075941 0.981972 -0.033300 0.000000 0.000000 0.000000 1.000000
0.981758 0.091407 0.166720 -0.000000 -0.077653 0.993156 -0.087241 3.753200 -0.173554 0.072703 0.982137 -0.033300 0.000000 0.000000 0.000000 1.000000
0.981397 0.094342 0.167213 0.000000 -0.081084 0.993125 -0.084431 3.753200 -0.174029 0.069302 0.982299 -0.033300 0.000000 0.000000 0.000000 1.000000
0.980617 0.098756 0.169225 0.000000 -0.086124 0.993031 -0.080444 3.753200 -0.175990 0.064311 0.982289 -0.033300 0.000000 0.000000 0.000000 1.000000
0.979741 0.103997 0.171148 0.000000 -0.092294 0.992904 -0.074988 3.753200 -0.177732 0.057673 0.982387 -0.033300 0.000000 0.000000 0.000000 1.000000
0.978942 0.109673 0.172176 0.000000 -0.099174 0.992712 -0.068467 3.753200 -0.178430 0.049950 0.982684 -0.033300 0.000000 0.000000 0.000000 1.000000
0.977921 0.116512 0.173481 -0.000000 -0.107547 0.992373 -0.060242 3.753200 -0.179176 0.040254 0.982993 -0.033300 0.000000 0.000000 0.000000 1.000000
0.976955 0.123103 0.174367 0.000000 -0.115565 0.991897 -0.052783 3.753200 -0.179452 0.031416 0.983265 -0.033300 0.000000 0.000000 0.000000 1.000000
0.976278 0.128219 0.174473 0.000000 -0.122046 0.991471 -0.045712 3.753200 -0.178846 0.023334 0.983600 -0.033300 0.000000 0.000000 0.000000 1.000000
0.975888 0.131447 0.174255 0.000000 -0.126720 0.991209 -0.038033 3.753200 -0.177722 0.015034 0.983966 -0.033300 0.000000 0.000000 0.000000 1.000000
0.975801 0.131620 0.174610 0.000000 -0.128423 0.991280 -0.029538 3.753200 -0.176975 0.006399 0.984195 -0.033300 0.000000 0.000000 0.000000 1.000000
0.975770 0.129243 0.176550 0.000000 -0.127803 0.991607 -0.019552 3.753200 -0.177595 -0.003485 0.984097 -0.033300 0.000000 0.000000 0.000000 1.000000
0.975654 0.126108 0.179431 0.000000 -0.126632 0.991913 -0.008577 3.753200 -0.179062 -0.014353 0.983733 -0.033300 0.000000 0.000000 0.000000 1.000000
0.975453 0.123874 0.182063 0.000000 -0.126332 0.991986 0.001918 3.753200 -0.180366 -0.024871 0.983285 -0.033300 0.000000 0.000000 0.000000 1.000000
0.975185 0.123213 0.183937 0.000000 -0.127595 0.991752 0.012135 3.753200 -0.180925 -0.035303 0.982863 -0.033300 0.000000 0.000000 0.000000 1.000000
0.975098 0.122089 0.185142 0.000000 -0.128503 0.991442 0.023003 3.753200 -0.180749 -0.046222 0.982443 -0.033300 0.000000 0.000000 0.000000 1.000000
0.975198 0.119730 0.186157 -0.000000 -0.128106 0.991191 0.033592 3.753200 -0.180495 -0.056607 0.981946 -0.033300 0.000000 0.000000 0.000000 1.000000
0.975432 0.115420 0.187644 -0.000000 -0.125663 0.991115 0.043599 3.753200 -0.180944 -0.066108 0.981269 -0.033300 0.000000 0.000000 0.000000 1.000000
0.975725 0.110982 0.188793 0.000000 -0.123066 0.990955 0.053500 3.753200 -0.181148 -0.075436 0.980558 -0.033300 0.000000 0.000000 0.000000 1.000000
0.976024 0.107754 0.189120 0.000000 -0.121583 0.990575 0.063077 3.753200 -0.180541 -0.084558 0.979926 -0.033300 0.000000 0.000000 0.000000 1.000000
0.976259 0.104634 0.189656 0.000000 -0.120253 0.990072 0.072778 3.753200 -0.180158 -0.093857 0.979150 -0.033300 0.000000 0.000000 0.000000 1.000000
0.976390 0.102303 0.190253 -0.000000 -0.119649 0.989423 0.082017 3.753200 -0.179850 -0.102844 0.978303 -0.033300 0.000000 0.000000 0.000000 1.000000
0.976318 0.102116 0.190723 -0.000000 -0.121241 0.988403 0.091434 3.753200 -0.179174 -0.112392 0.977376 -0.033300 0.000000 0.000000 0.000000 1.000000
0.976222 0.101247 0.191674 0.000000 -0.122286 0.987312 0.101295 3.753200 -0.178987 -0.122326 0.976217 -0.033300 0.000000 0.000000 0.000000 1.000000
0.976206 0.099965 0.192429 0.000000 -0.122619 0.986379 0.109638 3.753200 -0.178848 -0.130625 0.975167 -0.033300 0.000000 0.000000 0.000000 1.000000
0.976316 0.098302 0.192728 0.000000 -0.122405 0.985511 0.117413 3.753200 -0.178393 -0.138223 0.974202 -0.033300 0.000000 0.000000 0.000000 1.000000
0.976365 0.095231 0.194015 0.000000 -0.121029 0.984650 0.125761 3.753200 -0.179060 -0.146270 0.972904 -0.033300 0.000000 0.000000 0.000000 1.000000
0.976346 0.092332 0.195509 0.000000 -0.119544 0.983976 0.132293 3.753200 -0.180161 -0.152535 0.971738 -0.033300 0.000000 0.000000 0.000000 1.000000
0.976554 0.089313 0.195873 0.000000 -0.117402 0.983614 0.136822 3.753200 -0.180444 -0.156610 0.971037 -0.033300 0.000000 0.000000 0.000000 1.000000
0.976714 0.086861 0.196175 0.000000 -0.115738 0.983238 0.140884 3.753200 -0.180650 -0.160308 0.970395 -0.033300 0.000000 0.000000 0.000000 1.000000
0.976716 0.085133 0.196924 0.000000 -0.114755 0.982863 0.144266 3.753200 -0.181267 -0.163504 0.969747 -0.033300 0.000000 0.000000 0.000000 1.000000
0.976770 0.083961 0.197157 0.000000 -0.113338 0.983243 0.142787 3.753200 -0.181865 -0.161816 0.969918 -0.033300 0.000000 0.000000 0.000000 1.000000
0.976836 0.083171 0.197163 0.000000 -0.112140 0.983690 0.140633 3.753200 -0.182251 -0.159486 0.970231 -0.033300 0.000000 0.000000 0.000000 1.000000
0.976813 0.082931 0.197379 -0.000000 -0.111430 0.984150 0.137956 3.753200 -0.182809 -0.156751 0.970572 -0.033300 0.000000 0.000000 0.000000 1.000000
0.976684 0.083354 0.197842 -0.000000 -0.111345 0.984589 0.134857 3.753200 -0.183552 -0.153741 0.970913 -0.033300 0.000000 0.000000 0.000000 1.000000
0.976428 0.084643 0.198557 0.000000 -0.112210 0.984883 0.131960 3.753200 -0.184386 -0.151129 0.971165 -0.033300 0.000000 0.000000 0.000000 1.000000
0.976104 0.087005 0.199124 0.000000 -0.114205 0.984987 0.129455 3.753200 -0.184872 -0.149103 0.971386 -0.033300 0.000000 0.000000 0.000000 1.000000
0.975548 0.091034 0.200046 0.000000 -0.117920 0.984886 0.126861 3.753200 -0.185474 -0.147348 0.971539 -0.033300 0.000000 0.000000 0.000000 1.000000
0.974839 0.095711 0.201315 -0.000000 -0.122208 0.984780 0.123585 3.753200 -0.186422 -0.145077 0.971699 -0.033300 0.000000 0.000000 0.000000 1.000000
0.974026 0.099986 0.203167 0.000000 -0.125894 0.984898 0.118857 3.753200 -0.188215 -0.141347 0.971903 -0.033300 0.000000 0.000000 0.000000 1.000000
0.973164 0.103924 0.205307 -0.000000 -0.129126 0.985122 0.113407 3.753200 -0.190467 -0.136874 0.972105 -0.033300 0.000000 0.000000 0.000000 1.000000
0.972628 0.106647 0.206451 0.000000 -0.130985 0.985482 0.108022 3.753200 -0.191933 -0.132107 0.972476 -0.033300 0.000000 0.000000 0.000000 1.000000
0.972363 0.108350 0.206812 -0.000000 -0.131750 0.985926 0.102915 3.753200 -0.192750 -0.127318 0.972953 -0.033300 0.000000 0.000000 0.000000 1.000000
0.972194 0.109523 0.206986 0.000000 -0.131696 0.986579 0.096532 3.753200 -0.193635 -0.121107 0.973570 -0.033300 0.000000 0.000000 0.000000 1.000000
0.972212 0.110147 0.206570 0.000000 -0.130600 0.987513 0.088103 3.753200 -0.194286 -0.112633 0.974457 -0.033300 0.000000 0.000000 0.000000 1.000000
0.972492 0.109889 0.205389 0.000000 -0.128519 0.988504 0.079644 3.753200 -0.194276 -0.103849 0.975434 -0.033300 0.000000 0.000000 0.000000 1.000000
0.972760 0.109465 0.204342 0.000000 -0.126446 0.989361 0.071943 3.753200 -0.194293 -0.095822 0.976252 -0.033300 0.000000 0.000000 0.000000 1.000000
0.972902 0.110263 0.203234 0.000000 -0.125544 0.990031 0.063855 3.753200 -0.194167 -0.087640 0.977046 -0.033300 0.000000 0.000000 0.000000 1.000000
0.973010 0.112279 0.201608 -0.000000 -0.125556 0.990601 0.054278 3.753200 -0.193619 -0.078126 0.977961 -0.033300 0.000000 0.000000 0.000000 1.000000
0.973214 0.113890 0.199708 0.000000 -0.125000 0.991185 0.043891 3.753200 -0.192949 -0.067679 0.978872 -0.033300 0.000000 0.000000 0.000000 1.000000
0.973460 0.116066 0.197240 -0.000000 -0.125109 0.991561 0.033980 3.753200 -0.191632 -0.057755 0.979766 -0.033300 0.000000 0.000000 0.000000 1.000000
0.973553 0.119659 0.194617 -0.000000 -0.126821 0.991618 0.024717 3.753200 -0.190028 -0.048744 0.980568 -0.033300 0.000000 0.000000 0.000000 1.000000
0.973705 0.122716 0.191936 0.000000 -0.127856 0.991686 0.014580 3.753200 -0.188551 -0.038737 0.981299 -0.033300 0.000000 0.000000 0.000000 1.000000
0.973408 0.127598 0.190252 0.000000 -0.130836 0.991394 0.004506 3.753200 -0.188040 -0.029278 0.981725 -0.033300 0.000000 0.000000 0.000000 1.000000
0.972672 0.135007 0.188899 -0.000000 -0.136340 0.990644 -0.005980 3.753200 -0.187939 -0.019938 0.981978 -0.033300 0.000000 0.000000 0.000000 1.000000
0.972082 0.142229 0.186622 0.000000 -0.141603 0.989782 -0.016752 3.753200 -0.187098 -0.010141 0.982289 -0.033300 0.000000 0.000000 0.000000 1.000000
0.971468 0.149070 0.184469 0.000000 -0.146811 0.988825 -0.025925 3.753200 -0.186272 -0.001897 0.982496 -0.033300 0.000000 0.000000 0.000000 1.000000
0.970955 0.154066 0.183056 0.000000 -0.150430 0.988047 -0.033671 3.753200 -0.186055 0.005156 0.982526 -0.033300 0.000000 0.000000 0.000000 1.000000
0.971116 0.154601 0.181746 0.000000 -0.149975 0.987920 -0.039009 3.753200 -0.185581 0.010625 0.982571 -0.033300 0.000000 0.000000 0.000000 1.000000
0.971552 0.153040 0.180738 0.000000 -0.147901 0.988124 -0.041659 3.753200 -0.184967 0.013742 0.982649 -0.033300 0.000000 0.000000 0.000000 1.000000
0.971951 0.151655 0.179756 -0.000000 -0.146256 0.988312 -0.042995 3.753200 -0.184176 0.015499 0.982771 -0.033300 0.000000 0.000000 0.000000 1.000000
0.972649 0.149074 0.178134 -0.000000 -0.143695 0.988696 -0.042803 3.753200 -0.182501 0.016035 0.983075 -0.033300 0.000000 0.000000 0.000000 1.000000
0.973689 0.145272 0.175574 0.000000 -0.140088 0.989263 -0.041635 3.753200 -0.179737 0.015943 0.983585 -0.033300 0.000000 0.000000 0.000000 1.000000
0.974583 0.141468 0.173709 0.000000 -0.136631 0.989832 -0.039555 3.753200 -0.177539 0.014816 0.984002 -0.033300 0.000000 0.000000 0.000000 1.000000
0.975141 0.137163 0.174032 0.000000 -0.132758 0.990466 -0.036763 3.753200 -0.177415 0.012745 0.984054 -0.033300 0.000000 0.000000 0.000000 1.000000
0.975778 0.130649 0.175465 0.000000 -0.126591 0.991366 -0.034172 3.753200 -0.178414 0.011132 0.983892 -0.033300 0.000000 0.000000 0.000000 1.000000
0.976038 0.126032 0.177386 0.000000 -0.122572 0.991995 -0.030378 3.753200 -0.179795 0.007908 0.983672 -0.033300 0.000000 0.000000 0.000000 1.000000
0.976289 0.122445 0.178516 -0.000000 -0.119843 0.992470 -0.025333 3.753200 -0.180273 0.003339 0.983611 -0.033300 0.000000 0.000000 0.000000 1.000000
0.976523 0.119569 0.179180 0.000000 -0.118095 0.992822 -0.018908 3.753200 -0.180155 -0.002696 0.983635 -0.033300 0.000000 0.000000 0.000000 1.000000
0.976602 0.119591 0.178734 0.000000 -0.119142 0.992788 -0.013281 3.753200 -0.179034 -0.008325 0.983808 -0.033300 0.000000 0.000000 0.000000 1.000000
0.976631 0.120556 0.177929 0.000000 -0.121039 0.992614 -0.008177 3.753200 -0.177601 -0.013551 0.984009 -0.033300 0.000000 0.000000 0.000000 1.000000
0.976924 0.118236 0.177878 0.000000 -0.119718 0.992805 -0.002419 3.753200 -0.176884 -0.018932 0.984050 -0.033300 0.000000 0.000000 0.000000 1.000000
0.977254 0.114142 0.178734 0.000000 -0.116591 0.993175 0.003222 3.753200 -0.177146 -0.023987 0.983892 -0.033300 0.000000 0.000000 0.000000 1.000000
0.977289 0.110557 0.180787 0.000000 -0.114057 0.993433 0.009050 3.753200 -0.178599 -0.029465 0.983481 -0.033300 0.000000 0.000000 0.000000 1.000000
0.977155 0.107843 0.183135 0.000000 -0.112472 0.993541 0.015051 3.753200 -0.180329 -0.035305 0.982973 -0.033300 0.000000 0.000000 0.000000 1.000000
0.977049 0.106302 0.184592 0.000000 -0.112238 0.993438 0.021981 3.753200 -0.181045 -0.042195 0.982569 -0.033300 0.000000 0.000000 0.000000 1.000000
0.976882 0.105034 0.186195 0.000000 -0.112257 0.993266 0.028652 3.753200 -0.181932 -0.048892 0.982095 -0.033300 0.000000 0.000000 0.000000 1.000000
0.976819 0.103009 0.187651 0.000000 -0.111614 0.993104 0.035857 3.753200 -0.182664 -0.055970 0.981581 -0.033300 0.000000 0.000000 0.000000 1.000000
0.977112 0.099026 0.188274 0.000000 -0.109163 0.993039 0.044235 3.753200 -0.182583 -0.063775 0.981120 -0.033300 0.000000 0.000000 0.000000 1.000000
0.977410 0.093331 0.189627 0.000000 -0.104655 0.993221 0.050588 3.753200 -0.183620 -0.069291 0.980552 -0.033300 0.000000 0.000000 0.000000 1.000000
0.977591 0.086832 0.191773 0.000000 -0.098965 0.993592 0.054605 3.753200 -0.185802 -0.072360 0.979919 -0.033300 0.000000 0.000000 0.000000 1.000000
0.977630 0.080608 0.194274 0.000000 -0.093504 0.993920 0.058137 3.753200 -0.188406 -0.075002 0.979223 -0.033300 0.000000 0.000000 0.000000 1.000000
0.977643 0.076302 0.195941 0.000000 -0.089728 0.994122 0.060576 3.753200 -0.190167 -0.076803 0.978743 -0.033300 0.000000 0.000000 0.000000 1.000000
0.977802 0.073056 0.196381 0.000000 -0.086938 0.994219 0.063014 3.753200 -0.190642 -0.078688 0.978501 -0.033300 0.000000 0.000000 0.000000 1.000000
0.977891 0.071658 0.196455 0.000000 -0.085986 0.994148 0.065395 3.753200 -0.190619 -0.080841 0.978330 -0.033300 0.000000 0.000000 0.000000 1.000000
0.977822 0.071980 0.196680 -0.000000 -0.086749 0.993939 0.067524 3.753200 -0.190628 -0.083088 0.978140 -0.033300 0.000000 0.000000 0.000000 1.000000
0.977707 0.072505 0.197056 0.000000 -0.087698 0.993720 0.069492 3.753200 -0.190780 -0.085225 0.977926 -0.033300 0.000000 0.000000 0.000000 1.000000
0.977665 0.071907 0.197485 0.000000 -0.087535 0.993587 0.071568 3.753200 -0.191072 -0.087256 0.977690 -0.033300 0.000000 0.000000 0.000000 1.000000
0.977681 0.071378 0.197597 0.000000 -0.087393 0.993456 0.073540 3.753200 -0.191054 -0.089168 0.977521 -0.033300 0.000000 0.000000 0.000000 1.000000
0.977829 0.069821 0.197421 0.000000 -0.086101 0.993451 0.075113 3.753200 -0.190884 -0.090446 0.977437 -0.033300 0.000000 0.000000 0.000000 1.000000
0.977959 0.067496 0.197589 -0.000000 -0.084107 0.993484 0.076915 3.753200 -0.191110 -0.091839 0.977263 -0.033300 0.000000 0.000000 0.000000 1.000000
0.977936 0.064919 0.198562 0.000000 -0.082013 0.993487 0.079105 3.753200 -0.192133 -0.093645 0.976891 -0.033300 0.000000 0.000000 0.000000 1.000000
