<?xml version="1.0" encoding="utf-8"?>
<COLLADA xmlns="http://www.collada.org/2005/11/COLLADASchema" version="1.4.1">
  <asset><contributor><author>Mixamo</author><authoring_tool>COLLADA Mixamo exporter</authoring_tool><comments></comments></contributor><created>2020-10-31T23:25:57Z</created><modified>2020-10-31T23:25:57Z</modified><revision></revision><title></title><unit meter="0.010000"/><up_axis>Y_UP</up_axis></asset>
  <library_animations>
    <animation id="mixamorig_Hips-anim" name="mixamorig_Hips"><source id="mixamorig_Hips-Matrix-animation-input"><float_array id="mixamorig_Hips-Matrix-animation-input-array" count="742">

0.000000 0.033333 0.066667 0.100000 0.133333 0.166667 0.200000 0.233333 0.266667 0.300000 0.333333 0.366667 0.400000 0.433333 0.466667 0.500000
0.533333 0.566667 0.600000 0.633333 0.666667 0.700000 0.733333 0.766667 0.800000 0.833333 0.866667 0.900000 0.933333 0.966667 1.000000 1.033333
1.066667 1.100000 1.133333 1.166667 1.200000 1.233333 1.266667 1.300000 1.333333 1.366667 1.400000 1.433333 1.466667 1.500000 1.533333 1.566667
1.600000 1.633333 1.666667 1.700000 1.733333 1.766667 1.800000 1.833333 1.866667 1.900000 1.933333 1.966667 2.000000 2.033333 2.066667 2.100000
2.133333 2.166667 2.200000 2.233333 2.266667 2.300000 2.333333 2.366667 2.400000 2.433333 2.466667 2.500000 2.533333 2.566667 2.600000 2.633333
2.666667 2.700000 2.733333 2.766667 2.800000 2.833333 2.866667 2.900000 2.933333 2.966667 3.000000 3.033333 3.066667 3.100000 3.133333 3.166667
3.200000 3.233333 3.266667 3.300000 3.333333 3.366667 3.400000 3.433333 3.466667 3.500000 3.533333 3.566667 3.600000 3.633333 3.666667 3.700000
3.733333 3.766667 3.800000 3.833333 3.866667 3.900000 3.933333 3.966667 4.000000 4.033333 4.066667 4.100000 4.133333 4.166667 4.200000 4.233333
4.266667 4.300000 4.333333 4.366667 4.400000 4.433333 4.466667 4.500000 4.533333 4.566667 4.600000 4.633333 4.666667 4.700000 4.733333 4.766667
4.800000 4.833333 4.866667 4.900000 4.933333 4.966667 5.000000 5.033333 5.066667 5.100000 5.133333 5.166667 5.200000 5.233333 5.266667 5.300000
5.333333 5.366667 5.400000 5.433333 5.466667 5.500000 5.533333 5.566667 5.600000 5.633333 5.666667 5.700000 5.733333 5.766667 5.800000 5.833333
5.866667 5.900000 5.933333 5.966667 6.000000 6.033333 6.066667 6.100000 6.133333 6.166667 6.200000 6.233333 6.266667 6.300000 6.333333 6.366667
6.400000 6.433333 6.466667 6.500000 6.533333 6.566667 6.600000 6.633333 6.666667 6.700000 6.733333 6.766667 6.800000 6.833333 6.866667 6.900000
6.933333 6.966667 7.000000 7.033333 7.066667 7.100000 7.133333 7.166667 7.200000 7.233333 7.266667 7.300000 7.333333 7.366667 7.400000 7.433333
7.466667 7.500000 7.533333 7.566667 7.600000 7.633333 7.666667 7.700000 7.733333 7.766667 7.800000 7.833333 7.866667 7.900000 7.933333 7.966667
8.000000 8.033333 8.066667 8.100000 8.133333 8.166667 8.200000 8.233333 8.266667 8.300000 8.333333 8.366667 8.400000 8.433333 8.466667 8.500000
8.533333 8.566667 8.600000 8.633333 8.666667 8.700000 8.733333 8.766667 8.800000 8.833333 8.866667 8.900000 8.933333 8.966667 9.000000 9.033333
9.066667 9.100000 9.133333 9.166667 9.200000 9.233333 9.266667 9.300000 9.333333 9.366667 9.400000 9.433333 9.466667 9.500000 9.533333 9.566667
9.600000 9.633333 9.666667 9.700000 9.733333 9.766667 9.800000 9.833333 9.866667 9.900000 9.933333 9.966667 10.000000 10.033333 10.066667 10.100000
10.133333 10.166667 10.200000 10.233333 10.266667 10.300000 10.333333 10.366667 10.400000 10.433333 10.466667 10.500000 10.533333 10.566667 10.600000 10.633333
10.666667 10.700000 10.733333 10.766667 10.800000 10.833333 10.866667 10.900000 10.933333 10.966667 11.000000 11.033333 11.066667 11.100000 11.133333 11.166667
11.200000 11.233333 11.266667 11.300000 11.333333 11.366667 11.400000 11.433333 11.466667 11.500000 11.533333 11.566667 11.600000 11.633333 11.666667 11.700000
11.733333 11.766667 11.800000 11.833333 11.866667 11.900000 11.933333 11.966667 12.000000 12.033333 12.066667 12.100000 12.133333 12.166667 12.200000 12.233333
12.266667 12.300000 12.333333 12.366667 12.400000 12.433333 12.466667 12.500000 12.533333 12.566667 12.600000 12.633333 12.666667 12.700000 12.733333 12.766667
12.800000 12.833333 12.866667 12.900000 12.933333 12.966667 13.000000 13.033333 13.066667 13.100000 13.133333 13.166667 13.200000 13.233333 13.266667 13.300000
13.333333 13.366667 13.400000 13.433333 13.466667 13.500000 13.533333 13.566667 13.600000 13.633333 13.666667 13.700000 13.733333 13.766667 13.800000 13.833333
13.866667 13.900000 13.933333 13.966667 14.000000 14.033333 14.066667 14.100000 14.133333 14.166667 14.200000 14.233333 14.266667 14.300000 14.333333 14.366667
14.400000 14.433333 14.466667 14.500000 14.533333 14.566667 14.600000 14.633333 14.666667 14.700000 14.733333 14.766667 14.800000 14.833333 14.866667 14.900000
14.933333 14.966667 15.000000 15.033333 15.066667 15.100000 15.133333 15.166667 15.200000 15.233333 15.266667 15.300000 15.333333 15.366667 15.400000 15.433333
15.466667 15.500000 15.533333 15.566667 15.600000 15.633333 15.666667 15.700000 15.733333 15.766667 15.800000 15.833333 15.866667 15.900000 15.933333 15.966667
16.000000 16.033333 16.066667 16.100000 16.133333 16.166667 16.200000 16.233333 16.266667 16.300000 16.333333 16.366667 16.400000 16.433333 16.466667 16.500000
16.533333 16.566667 16.600000 16.633333 16.666667 16.700000 16.733333 16.766667 16.800000 16.833333 16.866667 16.900000 16.933333 16.966667 17.000000 17.033333
17.066667 17.100000 17.133333 17.166667 17.200000 17.233333 17.266667 17.300000 17.333333 17.366667 17.400000 17.433333 17.466667 17.500000 17.533333 17.566667
17.600000 17.633333 17.666667 17.700000 17.733333 17.766667 17.800000 17.833333 17.866667 17.900000 17.933333 17.966667 18.000000 18.033333 18.066667 18.100000
18.133333 18.166667 18.200000 18.233333 18.266667 18.300000 18.333333 18.366667 18.400000 18.433333 18.466667 18.500000 18.533333 18.566667 18.600000 18.633333
18.666667 18.700000 18.733333 18.766667 18.800000 18.833333 18.866667 18.900000 18.933333 18.966667 19.000000 19.033333 19.066667 19.100000 19.133333 19.166667
19.200000 19.233333 19.266667 19.300000 19.333333 19.366667 19.400000 19.433333 19.466667 19.500000 19.533333 19.566667 19.600000 19.633333 19.666667 19.700000
19.733333 19.766667 19.800000 19.833333 19.866667 19.900000 19.933333 19.966667 20.000000 20.033333 20.066667 20.100000 20.133333 20.166667 20.200000 20.233333
20.266667 20.300000 20.333333 20.366667 20.400000 20.433333 20.466667 20.500000 20.533333 20.566667 20.600000 20.633333 20.666667 20.700000 20.733333 20.766667
20.800000 20.833333 20.866667 20.900000 20.933333 20.966667 21.000000 21.033333 21.066667 21.100000 21.133333 21.166667 21.200000 21.233333 21.266667 21.300000
21.333333 21.366667 21.400000 21.433333 21.466667 21.500000 21.533333 21.566667 21.600000 21.633333 21.666667 21.700000 21.733333 21.766667 21.800000 21.833333
21.866667 21.900000 21.933333 21.966667 22.000000 22.033333 22.066667 22.100000 22.133333 22.166667 22.200000 22.233333 22.266667 22.300000 22.333333 22.366667
22.400000 22.433333 22.466667 22.500000 22.533333 22.566667 22.600000 22.633333 22.666667 22.700000 22.733333 22.766667 22.800000 22.833333 22.866667 22.900000
22.933333 22.966667 23.000000 23.033333 23.066667 23.100000 23.133333 23.166667 23.200000 23.233333 23.266667 23.300000 23.333333 23.366667 23.400000 23.433333
23.466667 23.500000 23.533333 23.566667 23.600000 23.633333 23.666667 23.700000 23.733333 23.766667 23.800000 23.833333 23.866667 23.900000 23.933333 23.966667
24.000000 24.033333 24.066667 24.100000 24.133333 24.166667 24.200000 24.233333 24.266667 24.300000 24.333333 24.366667 24.400000 24.433333 24.466667 24.500000
24.533333 24.566667 24.600000 24.633333 24.666667 24.700000</float_array><technique_common><accessor source="#mixamorig_Hips-Matrix-animation-input-array" count="742"><param name="TIME" type="float"/></accessor></technique_common></source><source id="mixamorig_Hips-Matrix-animation-output-transform"><float_array id="mixamorig_Hips-Matrix-animation-output-transform-array" count="11872">

0.987131 -0.032355 0.156609 0.201988 0.027134 0.999006 0.035360 45.701160 -0.157597 -0.030656 0.987028 0.081428 0.000000 0.000000 0.000000 1.000000
0.989469 -0.048840 0.136259 -0.141722 0.042056 0.997749 0.052231 45.069691 -0.138503 -0.045950 0.989295 0.040715 0.000000 0.000000 0.000000 1.000000
0.991401 -0.056108 0.118217 -0.481826 0.049259 0.996977 0.060084 44.212307 -0.121231 -0.053744 0.991168 -0.126576 0.000000 0.000000 0.000000 1.000000
0.992687 -0.057275 0.106263 -0.794111 0.050480 0.996570 0.065572 43.231415 -0.109654 -0.059728 0.992174 -0.322046 0.000000 0.000000 0.000000 1.000000
0.993636 -0.054045 0.098829 -1.111460 0.046686 0.996066 0.075314 42.194794 -0.102510 -0.070221 0.992250 -0.498199 0.000000 0.000000 0.000000 1.000000
0.994613 -0.045706 0.093034 -1.463361 0.037559 0.995455 0.087517 41.193958 -0.096611 -0.083551 0.991809 -0.680924 0.000000 0.000000 0.000000 1.000000
0.995417 -0.033270 0.089656 -1.841933 0.024645 0.995110 0.095653 40.337288 -0.092400 -0.093005 0.991369 -0.888240 0.000000 0.000000 0.000000 1.000000
0.995628 -0.020446 0.091144 -2.200451 0.011648 0.995310 0.096032 39.722401 -0.092680 -0.094551 0.991196 -1.087652 0.000000 0.000000 0.000000 1.000000
0.995363 -0.009915 0.095679 -2.456978 0.001199 0.995876 0.090722 39.387909 -0.096183 -0.090187 0.991269 -1.232494 0.000000 0.000000 0.000000 1.000000
0.995278 -0.001916 0.097049 -2.530700 -0.006299 0.996423 0.084269 39.315842 -0.096863 -0.084482 0.991706 -1.308714 0.000000 0.000000 0.000000 1.000000
0.995907 0.002926 0.090341 -2.441097 -0.010076 0.996841 0.078787 39.509365 -0.089825 -0.079375 0.992789 -1.367157 0.000000 0.000000 0.000000 1.000000
0.997142 0.000934 0.075542 -2.302970 -0.006482 0.997294 0.073230 40.046288 -0.075269 -0.073510 0.994450 -1.467772 0.000000 0.000000 0.000000 1.000000
0.998258 -0.012978 0.057553 -2.180067 0.009190 0.997804 0.065591 40.981346 -0.058278 -0.064948 0.996185 -1.581931 0.000000 0.000000 0.000000 1.000000
0.998536 -0.033131 0.042765 -2.026679 0.030796 0.998059 0.054134 42.207428 -0.044475 -0.052738 0.997617 -1.630924 0.000000 0.000000 0.000000 1.000000
0.998246 -0.046707 0.036378 -1.810343 0.045279 0.998208 0.039128 43.473663 -0.038140 -0.037412 0.998572 -1.578044 0.000000 0.000000 0.000000 1.000000
0.998059 -0.048512 0.039042 -1.579285 0.047600 0.998579 0.023953 44.557728 -0.040149 -0.022048 0.998950 -1.447871 0.000000 0.000000 0.000000 1.000000
0.997960 -0.043092 0.047101 -1.377214 0.042593 0.999026 0.011555 45.321392 -0.047553 -0.009526 0.998823 -1.283960 0.000000 0.000000 0.000000 1.000000
0.997748 -0.034263 0.057669 -1.194461 0.034176 0.999413 0.002507 45.719772 -0.057721 -0.000530 0.998333 -1.137449 0.000000 0.000000 0.000000 1.000000
0.997251 -0.020002 0.071342 -1.012943 0.020128 0.999797 -0.001041 45.785278 -0.071307 0.002474 0.997451 -1.054256 0.000000 0.000000 0.000000 1.000000
0.996081 0.000503 0.088445 -0.834405 -0.001032 0.999982 0.005933 45.565987 -0.088441 -0.006001 0.996063 -1.077773 0.000000 0.000000 0.000000 1.000000
0.994508 0.020123 0.102711 -0.638579 -0.022714 0.999451 0.024122 45.118248 -0.102169 -0.026323 0.994419 -1.258876 0.000000 0.000000 0.000000 1.000000
0.994479 0.031023 0.100241 -0.360465 -0.035689 0.998345 0.045093 44.487259 -0.098677 -0.048421 0.993941 -1.605207 0.000000 0.000000 0.000000 1.000000
0.996933 0.033860 0.070556 0.046386 -0.038042 0.997545 0.058792 43.606308 -0.068392 -0.061296 0.995774 -1.991423 0.000000 0.000000 0.000000 1.000000
0.999140 0.035530 0.021382 0.550281 -0.036836 0.997259 0.064173 42.639076 -0.019044 -0.064905 0.997710 -2.254738 0.000000 0.000000 0.000000 1.000000
0.999084 0.035902 -0.023293 1.081779 -0.034205 0.996992 0.069544 41.700569 0.025720 -0.068683 0.997307 -2.376285 0.000000 0.000000 0.000000 1.000000
0.998387 0.033415 -0.045905 1.599739 -0.029595 0.996234 0.081503 40.908627 0.048456 -0.080013 0.995615 -2.450146 0.000000 0.000000 0.000000 1.000000
0.998188 0.029123 -0.052657 2.073448 -0.023897 0.994970 0.097279 40.343510 0.055225 -0.095845 0.993863 -2.527683 0.000000 0.000000 0.000000 1.000000
0.997825 0.023299 -0.061664 2.445682 -0.016383 0.993756 0.110365 40.026402 0.063851 -0.109114 0.991976 -2.588237 0.000000 0.000000 0.000000 1.000000
0.996595 0.013408 -0.081358 2.682574 -0.003715 0.992990 0.118143 39.936440 0.082372 -0.117438 0.989658 -2.629660 0.000000 0.000000 0.000000 1.000000
0.994293 0.001681 -0.106672 2.828483 0.011239 0.992662 0.120399 40.090126 0.106092 -0.120910 0.986978 -2.716125 0.000000 0.000000 0.000000 1.000000
0.991894 -0.000498 -0.127068 2.935197 0.015285 0.993199 0.115422 40.543083 0.126147 -0.116429 0.985155 -2.893162 0.000000 0.000000 0.000000 1.000000
0.990832 0.015467 -0.134211 3.023434 -0.001867 0.994898 0.100872 41.393127 0.135086 -0.099696 0.985805 -3.143087 0.000000 0.000000 0.000000 1.000000
0.991361 0.039535 -0.125061 3.022370 -0.030209 0.996680 0.075610 42.461433 0.127635 -0.071179 0.989264 -3.322111 0.000000 0.000000 0.000000 1.000000
0.992701 0.058827 -0.105280 2.958581 -0.054634 0.997611 0.042282 43.563683 0.107516 -0.036221 0.993543 -3.374508 0.000000 0.000000 0.000000 1.000000
0.993553 0.073255 -0.086519 2.916948 -0.072935 0.997313 0.006850 44.587669 0.086788 -0.000496 0.996227 -3.326287 0.000000 0.000000 0.000000 1.000000
0.993352 0.086657 -0.075775 2.922392 -0.088860 0.995700 -0.026189 45.405766 0.073179 0.032748 0.996781 -3.221808 0.000000 0.000000 0.000000 1.000000
0.992975 0.095788 -0.069458 2.935966 -0.099766 0.993419 -0.056254 45.918575 0.063612 0.062788 0.995998 -3.080735 0.000000 0.000000 0.000000 1.000000
0.994236 0.091906 -0.055205 2.895818 -0.096404 0.991685 -0.085249 46.062103 0.046911 0.090079 0.994829 -2.907553 0.000000 0.000000 0.000000 1.000000
0.997213 0.071983 -0.019618 2.772933 -0.073747 0.990853 -0.113009 45.771187 0.011304 0.114141 0.993400 -2.722354 0.000000 0.000000 0.000000 1.000000
0.998217 0.045239 0.038936 2.606997 -0.039756 0.990506 -0.131597 45.064228 -0.044520 0.129815 0.990538 -2.565803 0.000000 0.000000 0.000000 1.000000
0.993947 0.024812 0.107024 2.483831 -0.010477 0.991131 -0.132477 44.158039 -0.109362 0.130554 0.985391 -2.488294 0.000000 0.000000 0.000000 1.000000
0.984819 0.017766 0.172673 2.427823 0.003165 0.992745 -0.120196 43.425041 -0.173556 0.118918 0.977618 -2.518426 0.000000 0.000000 0.000000 1.000000
0.970774 0.021702 0.239014 2.363196 0.004980 0.993867 -0.110466 43.220829 -0.239945 0.108428 0.964712 -2.605451 0.000000 0.000000 0.000000 1.000000
0.948432 0.028693 0.315680 2.234343 0.009377 0.992919 -0.118422 43.755386 -0.316842 0.115275 0.941447 -2.610879 0.000000 0.000000 0.000000 1.000000
0.914226 0.033487 0.403819 2.083328 0.029003 0.988615 -0.147644 44.905724 -0.404166 0.146692 0.902846 -2.426399 0.000000 0.000000 0.000000 1.000000
0.868022 0.035487 0.495256 1.943727 0.065831 0.980412 -0.185630 46.228176 -0.492142 0.193734 0.848683 -2.044739 0.000000 0.000000 0.000000 1.000000
0.811218 0.035778 0.583648 1.787900 0.110402 0.970803 -0.212960 47.219391 -0.574227 0.237193 0.783583 -1.535504 0.000000 0.000000 0.000000 1.000000
0.742711 0.027866 0.669033 1.559806 0.157029 0.964024 -0.214475 47.591610 -0.650940 0.264350 0.711615 -0.964447 0.000000 0.000000 0.000000 1.000000
0.661968 0.005137 0.749515 1.194639 0.203955 0.961009 -0.186719 47.144501 -0.721250 0.276469 0.635109 -0.401162 0.000000 0.000000 0.000000 1.000000
0.576134 -0.025567 0.816955 0.670285 0.243395 0.959533 -0.141618 46.029427 -0.780275 0.280433 0.559043 0.074330 0.000000 0.000000 0.000000 1.000000
0.496722 -0.050005 0.866468 0.041473 0.267550 0.958541 -0.098060 44.711861 -0.825642 0.280532 0.489507 0.424449 0.000000 0.000000 0.000000 1.000000
0.431410 -0.057866 0.900298 -0.553720 0.275706 0.958653 -0.070498 43.676056 -0.858995 0.278631 0.429526 0.710858 0.000000 0.000000 0.000000 1.000000
0.383575 -0.048658 0.922227 -1.005597 0.277336 0.958587 -0.064774 43.178623 -0.880883 0.280612 0.381184 1.007757 0.000000 0.000000 0.000000 1.000000
0.354591 -0.030341 0.934529 -1.294720 0.283779 0.955822 -0.076643 43.167831 -0.890918 0.292377 0.347536 1.322112 0.000000 0.000000 0.000000 1.000000
0.339835 -0.012688 0.940399 -1.473341 0.298903 0.949523 -0.095205 43.426105 -0.891723 0.313442 0.326474 1.632904 0.000000 0.000000 0.000000 1.000000
0.330124 0.000551 0.943937 -1.620199 0.317445 0.941691 -0.111570 43.738632 -0.888958 0.336480 0.310700 1.943865 0.000000 0.000000 0.000000 1.000000
0.321220 0.011443 0.946935 -1.792381 0.332086 0.935069 -0.123950 43.982861 -0.886869 0.354280 0.296563 2.252492 0.000000 0.000000 0.000000 1.000000
0.315578 0.022791 0.948626 -1.982005 0.338970 0.931042 -0.135133 44.110313 -0.886290 0.364201 0.286091 2.522587 0.000000 0.000000 0.000000 1.000000
0.315969 0.035475 0.948106 -2.132802 0.336891 0.929987 -0.147070 44.057739 -0.886943 0.365878 0.281895 2.657567 0.000000 0.000000 0.000000 1.000000
0.322228 0.047930 0.945448 -2.193181 0.327245 0.931508 -0.158755 43.748375 -0.888302 0.360549 0.284473 2.582588 0.000000 0.000000 0.000000 1.000000
0.330800 0.057432 0.941952 -2.206991 0.313760 0.934670 -0.167175 43.399734 -0.890015 0.350848 0.291169 2.424779 0.000000 0.000000 0.000000 1.000000
0.333425 0.061108 0.940794 -2.297244 0.303790 0.937707 -0.168573 43.275501 -0.892491 0.342011 0.294091 2.330077 0.000000 0.000000 0.000000 1.000000
0.320941 0.058928 0.945264 -2.525317 0.299416 0.940561 -0.160295 43.360783 -0.898525 0.334472 0.284221 2.261977 0.000000 0.000000 0.000000 1.000000
0.292733 0.048158 0.954981 -2.840383 0.309066 0.940356 -0.142160 43.605885 -0.904867 0.336767 0.260389 2.176231 0.000000 0.000000 0.000000 1.000000
0.266580 0.030163 0.963341 -3.141044 0.325225 0.938072 -0.119370 43.768188 -0.907284 0.345124 0.240262 1.925443 0.000000 0.000000 0.000000 1.000000
0.263846 0.009923 0.964514 -3.419851 0.333668 0.937273 -0.100919 43.762806 -0.905014 0.348455 0.243985 1.516206 0.000000 0.000000 0.000000 1.000000
0.286704 -0.005316 0.958004 -3.706643 0.326035 0.940836 -0.092353 43.594604 -0.900834 0.338821 0.271475 1.050410 0.000000 0.000000 0.000000 1.000000
0.318122 -0.012072 0.947973 -3.959473 0.306053 0.947690 -0.090638 43.214542 -0.897290 0.318964 0.305176 0.574733 0.000000 0.000000 0.000000 1.000000
0.343731 -0.016201 0.938928 -4.119430 0.283395 0.955024 -0.087269 42.674286 -0.895285 0.296085 0.332863 0.135412 0.000000 0.000000 0.000000 1.000000
0.364969 -0.026127 0.930653 -4.202487 0.261999 0.962092 -0.075737 42.137981 -0.893395 0.271472 0.357979 -0.217890 0.000000 0.000000 0.000000 1.000000
0.391060 -0.040396 0.919478 -4.270432 0.234938 0.970321 -0.057291 41.822174 -0.889874 0.238424 0.388944 -0.515530 0.000000 0.000000 0.000000 1.000000
0.431670 -0.045225 0.900897 -4.367058 0.193546 0.980125 -0.043536 41.984402 -0.881023 0.193158 0.431844 -0.853591 0.000000 0.000000 0.000000 1.000000
0.496414 -0.028392 0.867622 -4.513535 0.142445 0.988582 -0.049151 42.822857 -0.856319 0.147988 0.494790 -1.295531 0.000000 0.000000 0.000000 1.000000
0.587913 0.009944 0.808863 -4.752030 0.086575 0.993408 -0.075138 44.150028 -0.804278 0.114202 0.583177 -1.823558 0.000000 0.000000 0.000000 1.000000
0.689974 0.052496 0.721928 -5.030561 0.036157 0.993622 -0.106809 45.635601 -0.722931 0.099798 0.683675 -2.368067 0.000000 0.000000 0.000000 1.000000
0.779794 0.087249 0.619927 -5.258446 -0.009721 0.991809 -0.127360 46.983334 -0.625961 0.093288 0.774254 -2.991506 0.000000 0.000000 0.000000 1.000000
0.848989 0.107796 0.517298 -5.394367 -0.047833 0.990629 -0.127927 47.872169 -0.526241 0.083865 0.846190 -3.809160 0.000000 0.000000 0.000000 1.000000
0.903043 0.112662 0.414512 -5.376014 -0.073032 0.991211 -0.110302 48.102921 -0.423296 0.069335 0.903335 -4.791531 0.000000 0.000000 0.000000 1.000000
0.946664 0.113392 0.301612 -5.182613 -0.092221 0.992225 -0.083578 47.631294 -0.308744 0.051305 0.949761 -5.753161 0.000000 0.000000 0.000000 1.000000
0.977427 0.120388 0.173616 -4.888721 -0.112570 0.992163 -0.054232 46.600365 -0.178784 0.033464 0.983319 -6.495484 0.000000 0.000000 0.000000 1.000000
0.990843 0.130044 0.036321 -4.640493 -0.129315 0.991365 -0.021768 45.221035 -0.038838 0.016872 0.999103 -6.993998 0.000000 0.000000 0.000000 1.000000
0.986415 0.131340 -0.098668 -4.557452 -0.130792 0.991337 0.012038 43.643276 0.099394 0.001031 0.995048 -7.383260 0.000000 0.000000 0.000000 1.000000
0.969578 0.117157 -0.214924 -4.550617 -0.111527 0.993028 0.038181 42.323196 0.217899 -0.013049 0.975884 -7.834255 0.000000 0.000000 0.000000 1.000000
0.951722 0.095481 -0.291734 -4.590220 -0.084599 0.995174 0.049720 41.560394 0.295074 -0.022639 0.955206 -8.381810 0.000000 0.000000 0.000000 1.000000
0.944779 0.073559 -0.319347 -4.735538 -0.061144 0.996938 0.048746 41.393288 0.321954 -0.026528 0.946383 -8.937030 0.000000 0.000000 0.000000 1.000000
0.948588 0.046271 -0.313113 -4.903290 -0.035440 0.998563 0.040197 41.600330 0.314523 -0.027034 0.948865 -9.439655 0.000000 0.000000 0.000000 1.000000
0.954147 0.003302 -0.299322 -4.911304 0.003637 0.999737 0.022624 42.001953 0.299318 -0.022675 0.953884 -9.992953 0.000000 0.000000 0.000000 1.000000
0.957912 -0.050369 -0.282609 -4.796988 0.050699 0.998695 -0.006152 42.667778 0.282550 -0.008435 0.959215 -10.751389 0.000000 0.000000 0.000000 1.000000
0.964720 -0.095759 -0.245245 -4.809412 0.089319 0.995305 -0.037275 43.848175 0.247663 0.014055 0.968744 -11.690340 0.000000 0.000000 0.000000 1.000000
0.976068 -0.116494 -0.183633 -5.131982 0.107403 0.992479 -0.058732 45.458569 0.189094 0.037604 0.981239 -12.582898 0.000000 0.000000 0.000000 1.000000
0.984390 -0.126692 -0.122167 -5.570242 0.118779 0.990448 -0.070036 47.177559 0.129873 0.054432 0.990035 -13.342699 0.000000 0.000000 0.000000 1.000000
0.986603 -0.140403 -0.083076 -5.875029 0.134060 0.987932 -0.077576 48.576897 0.092966 0.065399 0.993519 -14.122806 0.000000 0.000000 0.000000 1.000000
0.987873 -0.143860 -0.058408 -6.104142 0.138903 0.986942 -0.081558 49.588505 0.069379 0.072456 0.994956 -14.908993 0.000000 0.000000 0.000000 1.000000
0.991087 -0.131469 -0.021488 -6.293701 0.129381 0.988383 -0.079744 50.087368 0.031722 0.076253 0.996584 -15.709263 0.000000 0.000000 0.000000 1.000000
0.992651 -0.115435 0.036311 -6.464168 0.117942 0.990044 -0.076834 50.089108 -0.027080 0.080552 0.996382 -16.486626 0.000000 0.000000 0.000000 1.000000
0.989336 -0.108757 0.096884 -6.570824 0.116747 0.989852 -0.081010 49.705379 -0.087090 0.091457 0.991993 -17.195858 0.000000 0.000000 0.000000 1.000000
0.984106 -0.109146 0.140082 -6.590225 0.122830 0.988055 -0.093059 48.866722 -0.128252 0.108787 0.985757 -17.819981 0.000000 0.000000 0.000000 1.000000
0.981121 -0.104363 0.162819 -6.586904 0.122317 0.986981 -0.104433 47.603943 -0.149800 0.122377 0.981114 -18.352690 0.000000 0.000000 0.000000 1.000000
0.980918 -0.086915 0.173915 -6.639515 0.106937 0.988243 -0.109268 46.142883 -0.162374 0.125781 0.978680 -18.786680 0.000000 0.000000 0.000000 1.000000
0.982285 -0.062057 0.176822 -6.750008 0.082708 0.990269 -0.111922 44.862732 -0.168155 0.124564 0.977859 -19.180088 0.000000 0.000000 0.000000 1.000000
0.985765 -0.040173 0.163259 -6.895758 0.060274 0.990931 -0.120099 44.230247 -0.156954 0.128230 0.979246 -19.622482 0.000000 0.000000 0.000000 1.000000
0.991698 -0.024715 0.126194 -7.065593 0.041838 0.989976 -0.134897 44.495781 -0.121595 0.139056 0.982791 -20.143934 0.000000 0.000000 0.000000 1.000000
0.997189 -0.014486 0.073510 -7.234122 0.025413 0.988366 -0.149957 45.397362 -0.070482 0.151403 0.985956 -20.639299 0.000000 0.000000 0.000000 1.000000
0.999524 -0.015776 0.026520 -7.391019 0.019786 0.987164 -0.158477 46.424545 -0.023679 0.158927 0.987006 -20.889009 0.000000 0.000000 0.000000 1.000000
0.999842 -0.017307 0.004153 -7.625669 0.017747 0.987201 -0.158492 47.229603 -0.001357 0.158541 0.987351 -20.963041 0.000000 0.000000 0.000000 1.000000
0.999879 -0.012866 0.008786 -7.967961 0.014055 0.988228 -0.152339 47.599255 -0.006722 0.152444 0.988289 -21.004143 0.000000 0.000000 0.000000 1.000000
0.999693 0.002670 0.024653 -8.423255 0.000891 0.989675 -0.143324 47.408581 -0.024781 0.143302 0.989369 -21.075619 0.000000 0.000000 0.000000 1.000000
0.999135 0.027599 0.031119 -8.936160 -0.023208 0.990767 -0.133572 46.607090 -0.034518 0.132734 0.990550 -21.112188 0.000000 0.000000 0.000000 1.000000
0.998485 0.050901 0.020881 -9.353599 -0.047990 0.991387 -0.121855 45.266602 -0.026904 0.120668 0.992328 -21.070881 0.000000 0.000000 0.000000 1.000000
0.998095 0.061520 0.004623 -9.584786 -0.060698 0.992634 -0.104848 43.733810 -0.011039 0.104368 0.994477 -21.011095 0.000000 0.000000 0.000000 1.000000
0.998644 0.052047 -0.001158 -9.579458 -0.051964 0.995215 -0.082751 42.471455 -0.003154 0.082699 0.996570 -21.040901 0.000000 0.000000 0.000000 1.000000
0.999537 0.028057 0.011793 -9.209328 -0.027286 0.997756 -0.061142 41.979645 -0.013482 0.060792 0.998059 -21.197460 0.000000 0.000000 0.000000 1.000000
0.999241 -0.006685 0.038387 -8.411548 0.008554 0.998774 -0.048750 42.489742 -0.038014 0.049041 0.998073 -21.454500 0.000000 0.000000 0.000000 1.000000
0.997053 -0.046842 0.060749 -7.329586 0.050109 0.997315 -0.053410 43.787422 -0.058084 0.056296 0.996723 -21.788172 0.000000 0.000000 0.000000 1.000000
0.994267 -0.087402 0.061601 -6.271113 0.091792 0.993138 -0.072460 45.307079 -0.054845 0.077699 0.995467 -22.159777 0.000000 0.000000 0.000000 1.000000
0.991851 -0.120855 0.040332 -5.437943 0.124080 0.988143 -0.090427 46.496407 -0.028926 0.094694 0.995086 -22.492220 0.000000 0.000000 0.000000 1.000000
0.989587 -0.143338 0.013123 -4.826302 0.143935 0.985011 -0.095058 47.055740 0.000699 0.095957 0.995385 -22.681581 0.000000 0.000000 0.000000 1.000000
0.988114 -0.153573 -0.006844 -4.309782 0.152387 0.984405 -0.087895 46.973892 0.020236 0.085807 0.996106 -22.655584 0.000000 0.000000 0.000000 1.000000
0.987451 -0.156161 -0.023549 -3.748786 0.153999 0.985175 -0.075596 46.388809 0.035005 0.071021 0.996860 -22.464533 0.000000 0.000000 0.000000 1.000000
0.986354 -0.157992 -0.046300 -3.077464 0.155199 0.986135 -0.058751 45.506710 0.054941 0.050764 0.997198 -22.275204 0.000000 0.000000 0.000000 1.000000
0.984208 -0.159628 -0.076510 -2.405774 0.157362 0.986927 -0.034814 44.613228 0.081067 0.022225 0.996461 -22.168520 0.000000 0.000000 0.000000 1.000000
0.982998 -0.147016 -0.110010 -1.919248 0.147173 0.989088 -0.006729 43.687653 0.109799 -0.009576 0.993908 -22.059519 0.000000 0.000000 0.000000 1.000000
0.982103 -0.121152 -0.144209 -1.915802 0.125059 0.991980 0.018307 43.195255 0.140835 -0.036014 0.989378 -21.785782 0.000000 0.000000 0.000000 1.000000
0.980957 -0.083196 -0.175502 -2.404579 0.090997 0.995169 0.036867 43.355915 0.171587 -0.052136 0.983788 -21.341448 0.000000 0.000000 0.000000 1.000000
0.980179 -0.036064 -0.194805 -3.229753 0.046596 0.997674 0.049752 43.883183 0.192557 -0.057843 0.979579 -20.873753 0.000000 0.000000 0.000000 1.000000
0.980756 0.018654 -0.194344 -4.240670 -0.006697 0.998054 0.061998 44.248940 0.195122 -0.059504 0.978972 -20.478294 0.000000 0.000000 0.000000 1.000000
0.981089 0.080907 -0.175836 -5.366292 -0.067254 0.994338 0.082274 44.146828 0.181497 -0.068893 0.980975 -20.133329 0.000000 0.000000 0.000000 1.000000
0.977718 0.144180 -0.152579 -6.505411 -0.127323 0.985165 0.115055 43.509876 0.166904 -0.093065 0.981571 -19.819729 0.000000 0.000000 0.000000 1.000000
0.971106 0.193173 -0.140136 -7.505394 -0.171413 0.973150 0.153611 42.546551 0.166047 -0.125151 0.978144 -19.585585 0.000000 0.000000 0.000000 1.000000
0.966217 0.214761 -0.142488 -8.162681 -0.187691 0.965211 0.182046 41.567272 0.176627 -0.149152 0.972911 -19.497318 0.000000 0.000000 0.000000 1.000000
0.967276 0.204115 -0.150713 -8.324100 -0.175017 0.966813 0.186124 40.904556 0.183702 -0.153656 0.970898 -19.566227 0.000000 0.000000 0.000000 1.000000
0.974531 0.165052 -0.151815 -7.917173 -0.140028 0.976649 0.162938 40.781002 0.175164 -0.137530 0.974886 -19.795933 0.000000 0.000000 0.000000 1.000000
0.985022 0.102982 -0.138295 -7.000773 -0.086859 0.989213 0.117956 41.232189 0.148951 -0.104178 0.983342 -20.161253 0.000000 0.000000 0.000000 1.000000
0.993601 0.024585 -0.110235 -5.736139 -0.018430 0.998232 0.056517 41.980698 0.111429 -0.054123 0.992297 -20.595160 0.000000 0.000000 0.000000 1.000000
0.995455 -0.060092 -0.073881 -4.333420 0.059352 0.998163 -0.012172 42.640392 0.074477 0.007732 0.997193 -21.020916 0.000000 0.000000 0.000000 1.000000
0.989621 -0.138100 -0.039741 -2.968071 0.135199 0.988466 -0.068230 42.950592 0.048705 0.062149 0.996878 -21.412323 0.000000 0.000000 0.000000 1.000000
0.978749 -0.204219 -0.018577 -1.791506 0.201622 0.974896 -0.094475 42.828663 0.037404 0.088722 0.995354 -21.769257 0.000000 0.000000 0.000000 1.000000
0.966772 -0.255264 -0.013850 -0.897910 0.252977 0.963098 -0.091902 42.438667 0.036798 0.085344 0.995672 -22.076958 0.000000 0.000000 0.000000 1.000000
0.959170 -0.281999 -0.021662 -0.387251 0.279756 0.957220 -0.073936 41.948647 0.041585 0.064857 0.997028 -22.267248 0.000000 0.000000 0.000000 1.000000
0.959978 -0.277800 -0.035640 -0.389761 0.275770 0.959762 -0.052995 41.587143 0.048928 0.041046 0.997959 -22.253456 0.000000 0.000000 0.000000 1.000000
0.968431 -0.243945 -0.051308 -1.004889 0.242436 0.969574 -0.033918 41.536026 0.058021 0.020408 0.998107 -22.008080 0.000000 0.000000 0.000000 1.000000
0.980199 -0.186070 -0.067741 -2.137424 0.185280 0.982524 -0.017815 41.881611 0.069872 0.004912 0.997544 -21.611992 0.000000 0.000000 0.000000 1.000000
0.990129 -0.110046 -0.086801 -3.612209 0.110046 0.993915 -0.004802 42.415794 0.086802 -0.004797 0.996214 -21.177732 0.000000 0.000000 0.000000 1.000000
0.993797 -0.020948 -0.109220 -5.209455 0.022072 0.999715 0.009091 42.770584 0.108999 -0.011445 0.993976 -20.813511 0.000000 0.000000 0.000000 1.000000
0.988295 0.076273 -0.132116 -6.790998 -0.072740 0.996858 0.031367 42.824188 0.134093 -0.021390 0.990738 -20.543240 0.000000 0.000000 0.000000 1.000000
0.974495 0.165514 -0.151538 -8.233776 -0.156969 0.985342 0.066803 42.509418 0.160373 -0.041312 0.986191 -20.338821 0.000000 0.000000 0.000000 1.000000
0.959106 0.228673 -0.166809 -9.405509 -0.212209 0.970916 0.110856 41.917839 0.187307 -0.070924 0.979738 -20.171837 0.000000 0.000000 0.000000 1.000000
0.949057 0.259712 -0.178439 -10.189525 -0.234968 0.960606 0.148416 41.271553 0.209955 -0.098927 0.972693 -20.076349 0.000000 0.000000 0.000000 1.000000
0.947001 0.263480 -0.183759 -10.545154 -0.235014 0.958255 0.162835 40.831024 0.218992 -0.111018 0.969390 -20.142178 0.000000 0.000000 0.000000 1.000000
0.953009 0.244962 -0.178235 -10.482456 -0.220171 0.964182 0.147910 40.831753 0.208083 -0.101717 0.972808 -20.427959 0.000000 0.000000 0.000000 1.000000
0.966100 0.202983 -0.159524 -10.016960 -0.187143 0.976280 0.108884 41.351974 0.177842 -0.075339 0.981171 -20.889105 0.000000 0.000000 0.000000 1.000000
0.981885 0.138391 -0.129425 -9.195825 -0.132281 0.989701 0.054711 42.217865 0.135663 -0.036599 0.990079 -21.401634 0.000000 0.000000 0.000000 1.000000
0.993641 0.061959 -0.094013 -8.131607 -0.063078 0.997968 -0.008976 43.081680 0.093266 0.014849 0.995531 -21.882736 0.000000 0.000000 0.000000 1.000000
0.998025 -0.008743 -0.062202 -6.965682 0.003827 0.996890 -0.078713 43.637470 0.062697 0.078319 0.994955 -22.315109 0.000000 0.000000 0.000000 1.000000
0.997442 -0.059056 -0.040273 -5.807264 0.052729 0.988278 -0.143269 43.672245 0.048262 0.140779 0.988864 -22.680447 0.000000 0.000000 0.000000 1.000000
0.996121 -0.083742 -0.027023 -4.668156 0.077472 0.980250 -0.181958 43.236176 0.041726 0.179159 0.982935 -22.987520 0.000000 0.000000 0.000000 1.000000
0.995914 -0.088695 -0.016999 -3.614684 0.084046 0.979153 -0.184920 42.502270 0.033046 0.182736 0.982607 -23.238478 0.000000 0.000000 0.000000 1.000000
0.996121 -0.087419 -0.010008 -2.676048 0.084563 0.982545 -0.165693 41.898834 0.024318 0.164204 0.986127 -23.418171 0.000000 0.000000 0.000000 1.000000
0.995815 -0.090610 -0.011956 -1.879601 0.087893 0.985292 -0.146543 41.684292 0.025059 0.144879 0.989132 -23.439837 0.000000 0.000000 0.000000 1.000000
0.994337 -0.102924 -0.026483 -1.351035 0.098264 0.985288 -0.139829 42.129227 0.040485 0.136435 0.989821 -23.091618 0.000000 0.000000 0.000000 1.000000
0.991114 -0.123456 -0.049519 -1.217445 0.115099 0.982571 -0.145968 43.161819 0.066677 0.138972 0.988049 -22.276985 0.000000 0.000000 0.000000 1.000000
0.986235 -0.147276 -0.075171 -1.468602 0.133961 0.978167 -0.158883 44.481644 0.096929 0.146626 0.984432 -21.139830 0.000000 0.000000 0.000000 1.000000
0.980776 -0.165932 -0.102691 -1.929020 0.147260 0.974651 -0.168434 45.556709 0.128036 0.150073 0.980349 -19.944691 0.000000 0.000000 0.000000 1.000000
0.974560 -0.179347 -0.134418 -2.454281 0.156631 0.973963 -0.163897 46.150829 0.160313 0.138673 0.977277 -18.790030 0.000000 0.000000 0.000000 1.000000
0.967524 -0.186741 -0.170367 -2.891774 0.163946 0.976574 -0.139373 46.045036 0.192403 0.106915 0.975474 -17.782799 0.000000 0.000000 0.000000 1.000000
0.959798 -0.190992 -0.205694 -3.196423 0.174113 0.979895 -0.097420 45.398994 0.220165 0.057689 0.973755 -16.961859 0.000000 0.000000 0.000000 1.000000
0.952271 -0.197827 -0.232474 -3.419946 0.192655 0.980235 -0.044982 44.664787 0.236778 -0.001953 0.971562 -16.329245 0.000000 0.000000 0.000000 1.000000
0.945787 -0.209833 -0.247907 -3.660268 0.219825 0.975453 0.013010 44.225979 0.239091 -0.066801 0.968696 -15.772680 0.000000 0.000000 0.000000 1.000000
0.938745 -0.227781 -0.258601 -4.064864 0.253227 0.964921 0.069315 44.339027 0.233741 -0.130554 0.963494 -15.076956 0.000000 0.000000 0.000000 1.000000
0.928099 -0.252458 -0.273673 -4.835747 0.291202 0.950200 0.111000 45.190002 0.232021 -0.182713 0.955396 -14.215695 0.000000 0.000000 0.000000 1.000000
0.916092 -0.279040 -0.287944 -5.923313 0.327065 0.935449 0.134032 46.589859 0.231956 -0.216962 0.948221 -13.484073 0.000000 0.000000 0.000000 1.000000
0.911425 -0.296340 -0.285458 -7.075995 0.347986 0.925351 0.150440 47.979858 0.219568 -0.236450 0.946510 -12.996506 0.000000 0.000000 0.000000 1.000000
0.918421 -0.298949 -0.259100 -8.189900 0.348814 0.920924 0.173865 48.811138 0.186635 -0.250059 0.950073 -12.638661 0.000000 0.000000 0.000000 1.000000
0.932706 -0.287007 -0.218372 -9.223264 0.331643 0.920478 0.206722 48.866661 0.141676 -0.265233 0.953719 -12.250275 0.000000 0.000000 0.000000 1.000000
0.946502 -0.266630 -0.181776 -10.192162 0.305876 0.920781 0.242080 48.335342 0.102830 -0.284730 0.953077 -11.911592 0.000000 0.000000 0.000000 1.000000
0.955746 -0.244042 -0.164297 -10.966467 0.281797 0.919818 0.272993 47.277699 0.084502 -0.307210 0.947883 -11.562745 0.000000 0.000000 0.000000 1.000000
0.959298 -0.225991 -0.169339 -11.600509 0.268226 0.916733 0.296065 45.977032 0.088330 -0.329436 0.940037 -11.244209 0.000000 0.000000 0.000000 1.000000
0.957889 -0.214390 -0.191013 -12.222769 0.265847 0.913556 0.307800 44.773869 0.108512 -0.345619 0.932080 -11.020565 0.000000 0.000000 0.000000 1.000000
0.952901 -0.208287 -0.220445 -12.984311 0.270165 0.913248 0.304940 44.094330 0.137806 -0.350135 0.926507 -10.838414 0.000000 0.000000 0.000000 1.000000
0.945984 -0.202572 -0.253138 -13.919436 0.273436 0.918011 0.287207 44.050144 0.174203 -0.340911 0.923814 -10.646129 0.000000 0.000000 0.000000 1.000000
0.938414 -0.191527 -0.287571 -14.986850 0.268461 0.928122 0.257910 44.543533 0.217504 -0.319228 0.922380 -10.612753 0.000000 0.000000 0.000000 1.000000
0.931599 -0.168060 -0.322303 -16.111765 0.247368 0.942820 0.223382 45.316528 0.266332 -0.287830 0.919903 -10.796757 0.000000 0.000000 0.000000 1.000000
0.925783 -0.135128 -0.353081 -17.221390 0.212641 0.958324 0.190784 45.872841 0.312586 -0.251704 0.915934 -11.050282 0.000000 0.000000 0.000000 1.000000
0.920698 -0.092041 -0.379268 -18.328766 0.164345 0.972865 0.162862 46.011505 0.353986 -0.212278 0.910841 -11.201011 0.000000 0.000000 0.000000 1.000000
0.912826 -0.047142 -0.405618 -19.361206 0.112665 0.983834 0.139205 45.686264 0.392499 -0.172768 0.903380 -11.233554 0.000000 0.000000 0.000000 1.000000
0.899929 -0.008130 -0.435961 -20.256231 0.067469 0.990381 0.120803 44.959278 0.430785 -0.138128 0.891821 -11.250967 0.000000 0.000000 0.000000 1.000000
0.886609 0.022482 -0.461972 -21.131590 0.030520 0.993797 0.106937 43.958714 0.461511 -0.108911 0.880424 -11.417568 0.000000 0.000000 0.000000 1.000000
0.882802 0.046641 -0.467424 -22.143784 -0.005507 0.996018 0.088985 43.189636 0.469713 -0.075982 0.879543 -11.899155 0.000000 0.000000 0.000000 1.000000
0.892609 0.068018 -0.445671 -23.320976 -0.048658 0.997314 0.054755 43.101166 0.448198 -0.027190 0.893521 -12.719770 0.000000 0.000000 0.000000 1.000000
0.909501 0.089353 -0.405985 -24.624859 -0.098404 0.995146 -0.001427 43.572357 0.403887 0.041248 0.913879 -13.839002 0.000000 0.000000 0.000000 1.000000
0.925482 0.110598 -0.362286 -26.012974 -0.146903 0.986367 -0.074159 44.092346 0.349145 0.121854 0.929112 -15.201904 0.000000 0.000000 0.000000 1.000000
0.939633 0.126935 -0.317770 -27.461559 -0.182807 0.971235 -0.152588 44.116470 0.289261 0.201468 0.935809 -16.708900 0.000000 0.000000 0.000000 1.000000
0.953411 0.140874 -0.266762 -28.906021 -0.203727 0.952836 -0.224943 43.607037 0.222492 0.268810 0.937144 -18.196724 0.000000 0.000000 0.000000 1.000000
0.965990 0.155111 -0.206891 -30.296782 -0.209761 0.937929 -0.276206 42.573582 0.151207 0.310210 0.938566 -19.572121 0.000000 0.000000 0.000000 1.000000
0.975148 0.165194 -0.147637 -31.562376 -0.202613 0.934520 -0.292611 41.121792 0.089632 0.315252 0.944766 -20.846590 0.000000 0.000000 0.000000 1.000000
0.981697 0.160472 -0.102562 -32.583683 -0.183069 0.943583 -0.275930 39.536186 0.052497 0.289655 0.955690 -21.918018 0.000000 0.000000 0.000000 1.000000
0.987222 0.138465 -0.078874 -33.260410 -0.153835 0.957237 -0.245014 38.183647 0.041575 0.254017 0.966306 -22.602921 0.000000 0.000000 0.000000 1.000000
0.991660 0.108821 -0.069057 -33.543934 -0.121601 0.967542 -0.221532 37.416313 0.042708 0.228082 0.972705 -22.766756 0.000000 0.000000 0.000000 1.000000
0.994818 0.082555 -0.059344 -33.395882 -0.093515 0.972032 -0.215425 37.561745 0.039900 0.219858 0.974716 -22.252611 0.000000 0.000000 0.000000 1.000000
0.996714 0.065370 -0.047822 -32.848381 -0.074458 0.971896 -0.223326 38.513275 0.031879 0.226153 0.973570 -21.134884 0.000000 0.000000 0.000000 1.000000
0.997583 0.055260 -0.042126 -32.055592 -0.063700 0.969487 -0.236721 39.808434 0.027759 0.238832 0.970664 -19.634644 0.000000 0.000000 0.000000 1.000000
0.998103 0.046771 -0.040044 -31.178492 -0.055154 0.968256 -0.243800 41.097557 0.027370 0.245546 0.968999 -17.756968 0.000000 0.000000 0.000000 1.000000
0.999005 0.035085 -0.027520 -30.461094 -0.040389 0.973511 -0.225044 41.806412 0.018896 0.225932 0.973960 -15.899779 0.000000 0.000000 0.000000 1.000000
0.999666 0.025036 0.006423 -29.873442 -0.023673 0.986626 -0.161269 42.110207 -0.010375 0.161063 0.986890 -14.226315 0.000000 0.000000 0.000000 1.000000
0.998420 0.023938 0.050842 -29.390596 -0.020936 0.998051 -0.058782 42.154526 -0.052150 0.057625 0.996975 -12.925676 0.000000 0.000000 0.000000 1.000000
0.995975 0.036445 0.081885 -28.979856 -0.040067 0.998270 0.043035 41.960854 -0.080175 -0.046142 0.995712 -11.973651 0.000000 0.000000 0.000000 1.000000
0.994306 0.057313 0.089834 -28.540819 -0.067832 0.990599 0.118799 41.763500 -0.082181 -0.124217 0.988846 -11.037865 0.000000 0.000000 0.000000 1.000000
0.993050 0.077508 0.088563 -27.963049 -0.092271 0.979860 0.177089 42.062958 -0.073054 -0.184030 0.980202 -9.828295 0.000000 0.000000 0.000000 1.000000
0.990184 0.098984 0.098680 -27.166035 -0.119101 0.967034 0.225079 43.161488 -0.073148 -0.234622 0.969331 -8.433726 0.000000 0.000000 0.000000 1.000000
0.984740 0.121950 0.124156 -26.233107 -0.150569 0.954760 0.256440 44.746376 -0.087266 -0.271221 0.958553 -7.166075 0.000000 0.000000 0.000000 1.000000
0.978733 0.139316 0.150575 -25.316254 -0.176015 0.947310 0.267622 46.219002 -0.105357 -0.288434 0.951686 -6.086905 0.000000 0.000000 0.000000 1.000000
0.975620 0.146161 0.163715 -24.434818 -0.186378 0.945672 0.266398 47.280388 -0.115884 -0.290416 0.949857 -5.107723 0.000000 0.000000 0.000000 1.000000
