<?xml version="1.0" encoding="utf-8"?>
<COLLADA xmlns="http://www.collada.org/2005/11/COLLADASchema" version="1.4.1">
  <asset><contributor><author>Mixamo</author><authoring_tool>COLLADA Mixamo exporter</authoring_tool><comments></comments></contributor><created>2020-10-31T23:12:26Z</created><modified>2020-10-31T23:12:26Z</modified><revision></revision><title></title><unit meter="0.010000"/><up_axis>Y_UP</up_axis></asset>
  <library_animations>
    <animation id="mixamorig_Hips-anim" name="mixamorig_Hips"><source id="mixamorig_Hips-Matrix-animation-input"><float_array id="mixamorig_Hips-Matrix-animation-input-array" count="118">

0.000000 0.033333 0.066667 0.100000 0.133333 0.166667 0.200000 0.233333 0.266667 0.300000 0.333333 0.366667 0.400000 0.433333 0.466667 0.500000
0.533333 0.566667 0.600000 0.633333 0.666667 0.700000 0.733333 0.766667 0.800000 0.833333 0.866667 0.900000 0.933333 0.966667 1.000000 1.033333
1.066667 1.100000 1.133333 1.166667 1.200000 1.233333 1.266667 1.300000 1.333333 1.366667 1.400000 1.433333 1.466667 1.500000 1.533333 1.566667
1.600000 1.633333 1.666667 1.700000 1.733333 1.766667 1.800000 1.833333 1.866667 1.900000 1.933333 1.966667 2.000000 2.033333 2.066667 2.100000
2.133333 2.166667 2.200000 2.233333 2.266667 2.300000 2.333333 2.366667 2.400000 2.433333 2.466667 2.500000 2.533333 2.566667 2.600000 2.633333
2.666667 2.700000 2.733333 2.766667 2.800000 2.833333 2.866667 2.900000 2.933333 2.966667 3.000000 3.033333 3.066667 3.100000 3.133333 3.166667
3.200000 3.233333 3.266667 3.300000 3.333333 3.366667 3.400000 3.433333 3.466667 3.500000 3.533333 3.566667 3.600000 3.633333 3.666667 3.700000
3.733333 3.766667 3.800000 3.833333 3.866667 3.900000</float_array><technique_common><accessor source="#mixamorig_Hips-Matrix-animation-input-array" count="118"><param name="TIME" type="float"/></accessor></technique_common></source><source id="mixamorig_Hips-Matrix-animation-output-transform"><float_array id="mixamorig_Hips-Matrix-animation-output-transform-array" count="1888">

0.584678 -0.119319 -0.802443 0.312302 -0.017133 0.987088 -0.159259 40.374062 0.811084 0.106863 0.575085 -0.197226 0.000000 0.000000 0.000000 1.000000
0.616824 -0.102554 -0.780391 0.148171 -0.003993 0.991055 -0.133394 40.352554 0.787091 0.085397 0.610897 0.045365 0.000000 0.000000 0.000000 1.000000
0.656923 -0.080892 -0.749605 -0.048647 0.012530 0.995262 -0.096421 40.333954 0.753853 0.053948 0.654824 0.350746 0.000000 0.000000 0.000000 1.000000
0.707283 -0.052389 -0.704987 -0.291222 0.018952 0.998297 -0.055171 40.408176 0.706677 0.025661 0.707071 0.620393 0.000000 0.000000 0.000000 1.000000
0.750078 -0.039200 -0.660186 -0.429346 0.009249 0.998766 -0.048795 40.728035 0.661284 0.030494 0.749515 0.571984 0.000000 0.000000 0.000000 1.000000
0.780156 -0.057353 -0.622951 -0.277369 0.000296 0.995822 -0.091312 41.399826 0.625585 0.071053 0.776913 -0.155143 0.000000 0.000000 0.000000 1.000000
0.809328 -0.078020 -0.582152 0.094109 -0.001679 0.990827 -0.135124 42.307297 0.587355 0.110337 0.801773 -1.409815 0.000000 0.000000 0.000000 1.000000
0.840401 -0.093894 -0.533770 0.556940 0.001125 0.985178 -0.171530 43.439018 0.541964 0.143554 0.828050 -2.957732 0.000000 0.000000 0.000000 1.000000
0.868337 -0.102262 -0.485318 0.936606 0.002190 0.979294 -0.202429 44.618103 0.495970 0.174714 0.850582 -4.289906 0.000000 0.000000 0.000000 1.000000
0.880441 -0.098098 -0.463897 1.149992 -0.005287 0.976272 -0.216483 45.445042 0.474126 0.193053 0.859031 -5.024918 0.000000 0.000000 0.000000 1.000000
0.876836 -0.085321 -0.473159 1.216161 -0.020276 0.976690 -0.213693 45.869095 0.480363 0.196967 0.854667 -5.246403 0.000000 0.000000 0.000000 1.000000
0.866857 -0.070960 -0.493480 1.236957 -0.037816 0.977609 -0.207005 46.080704 0.497120 0.198105 0.844764 -5.277841 0.000000 0.000000 0.000000 1.000000
0.862217 -0.061939 -0.502739 1.262464 -0.043914 0.979619 -0.196007 46.093128 0.504633 0.191078 0.841924 -5.154514 0.000000 0.000000 0.000000 1.000000
0.864223 -0.057746 -0.499784 1.314660 -0.041654 0.981768 -0.185463 46.057457 0.501381 0.181099 0.846061 -4.965074 0.000000 0.000000 0.000000 1.000000
0.867957 -0.055110 -0.493572 1.373873 -0.037171 0.983828 -0.175216 46.011177 0.495246 0.170427 0.851872 -4.760966 0.000000 0.000000 0.000000 1.000000
0.872169 -0.054014 -0.486214 1.430208 -0.031226 0.985713 -0.165516 45.974293 0.488208 0.159541 0.858021 -4.558753 0.000000 0.000000 0.000000 1.000000
0.876291 -0.054124 -0.478732 1.481110 -0.024557 0.987360 -0.156579 45.951599 0.481156 0.148966 0.863886 -4.361428 0.000000 0.000000 0.000000 1.000000
0.878392 -0.056419 -0.474599 1.514305 -0.019814 0.987856 -0.154105 45.958572 0.477530 0.144769 0.866607 -4.167555 0.000000 0.000000 0.000000 1.000000
0.877988 -0.059108 -0.475019 1.521907 -0.018085 0.987543 -0.156308 45.964638 0.478340 0.145827 0.865982 -3.963111 0.000000 0.000000 0.000000 1.000000
0.876070 -0.059907 -0.478448 1.505559 -0.018518 0.987340 -0.157533 45.936897 0.481828 0.146870 0.863870 -3.727432 0.000000 0.000000 0.000000 1.000000
0.874310 -0.059277 -0.481735 1.474137 -0.018458 0.987736 -0.155040 45.861111 0.485017 0.144445 0.862493 -3.464972 0.000000 0.000000 0.000000 1.000000
0.872939 -0.058424 -0.484319 1.438058 -0.017532 0.988404 -0.150831 45.758770 0.487515 0.140157 0.861792 -3.192382 0.000000 0.000000 0.000000 1.000000
0.871715 -0.057424 -0.486637 1.399845 -0.016358 0.989146 -0.146023 45.646503 0.489740 0.135250 0.861314 -2.914777 0.000000 0.000000 0.000000 1.000000
0.870531 -0.056334 -0.488879 1.360707 -0.015158 0.989885 -0.141058 45.530968 0.491881 0.130206 0.860872 -2.634826 0.000000 0.000000 0.000000 1.000000
0.869394 -0.055160 -0.491030 1.320082 -0.013938 0.990616 -0.135959 45.412582 0.493922 0.125046 0.860467 -2.351664 0.000000 0.000000 0.000000 1.000000
0.869154 -0.052494 -0.491748 1.257498 -0.012910 0.991603 -0.128673 45.279541 0.494373 0.118185 0.861178 -2.027362 0.000000 0.000000 0.000000 1.000000
0.873307 -0.049373 -0.484661 1.143106 -0.009807 0.992868 -0.118815 45.097637 0.487071 0.108515 0.866595 -1.563036 0.000000 0.000000 0.000000 1.000000
0.878537 -0.046407 -0.475414 1.020401 -0.006281 0.994061 -0.108642 44.920311 0.477632 0.098432 0.873028 -1.067345 0.000000 0.000000 0.000000 1.000000
0.884599 -0.043814 -0.464289 0.886901 -0.002167 0.995180 -0.098041 44.733074 0.466347 0.087733 0.880241 -0.543475 0.000000 0.000000 0.000000 1.000000
0.891256 -0.041392 -0.451608 0.742712 0.002233 0.996214 -0.086901 44.527939 0.453495 0.076443 0.887975 0.005564 0.000000 0.000000 0.000000 1.000000
0.898279 -0.038964 -0.437694 0.588063 0.006651 0.997153 -0.075117 44.296211 0.439375 0.064565 0.895981 0.576547 0.000000 0.000000 0.000000 1.000000
0.905456 -0.036270 -0.422887 0.424088 0.010743 0.997981 -0.062592 44.030411 0.424303 0.052132 0.904018 1.165453 0.000000 0.000000 0.000000 1.000000
0.912610 -0.033077 -0.407490 0.249596 0.014210 0.998686 -0.049241 43.722198 0.408583 0.039147 0.911881 1.769448 0.000000 0.000000 0.000000 1.000000
0.919578 -0.029205 -0.391822 0.065013 0.016829 0.999246 -0.034984 43.362278 0.392548 0.025576 0.919376 2.385926 0.000000 0.000000 0.000000 1.000000
0.926747 -0.024820 -0.374865 -0.131478 0.018830 0.999630 -0.019634 42.961655 0.375214 0.011137 0.926871 3.015691 0.000000 0.000000 0.000000 1.000000
0.934381 -0.020312 -0.355697 -0.339375 0.020523 0.999784 -0.003181 42.536366 0.355684 -0.004327 0.934596 3.661645 0.000000 0.000000 0.000000 1.000000
0.942162 -0.015703 -0.334790 -0.555535 0.021698 0.999664 0.014174 42.086384 0.334455 -0.020618 0.942186 4.322171 0.000000 0.000000 0.000000 1.000000
0.949805 -0.011024 -0.312647 -0.778824 0.022203 0.999234 0.032218 41.611275 0.312053 -0.037542 0.949323 4.994999 0.000000 0.000000 0.000000 1.000000
0.957079 -0.006432 -0.289757 -1.007077 0.022068 0.998469 0.050725 41.113976 0.288987 -0.054942 0.955755 5.673136 0.000000 0.000000 0.000000 1.000000
0.963792 -0.002008 -0.266647 -1.238839 0.021297 0.997357 0.069464 40.593475 0.265802 -0.072627 0.961288 6.355907 0.000000 0.000000 0.000000 1.000000
0.969782 0.002629 -0.243957 -1.472171 0.019488 0.995912 0.088201 40.045494 0.243192 -0.090290 0.965767 7.049623 0.000000 0.000000 0.000000 1.000000
0.974956 0.007360 -0.222276 -1.708604 0.016822 0.994149 0.106703 39.469051 0.221761 -0.107770 0.969127 7.749977 0.000000 0.000000 0.000000 1.000000
0.979276 0.012072 -0.202168 -1.948545 0.013522 0.992097 0.124742 38.863991 0.202076 -0.124890 0.971374 8.453868 0.000000 0.000000 0.000000 1.000000
0.982728 0.016686 -0.184302 -2.192209 0.009843 0.989803 0.142101 38.227898 0.184794 -0.141461 0.972543 9.159154 0.000000 0.000000 0.000000 1.000000
0.985337 0.021328 -0.169279 -2.434890 0.005873 0.987329 0.158581 37.555656 0.170516 -0.157250 0.972726 9.871446 0.000000 0.000000 0.000000 1.000000
0.986455 0.027265 -0.161753 -2.679042 0.001197 0.984867 0.173308 36.764969 0.164030 -0.171155 0.971494 10.611427 0.000000 0.000000 0.000000 1.000000
0.986006 0.034692 -0.163062 -2.917138 -0.004006 0.982757 0.184860 35.669010 0.166664 -0.181620 0.969143 11.524358 0.000000 0.000000 0.000000 1.000000
0.984492 0.042525 -0.170197 -3.131039 -0.009025 0.981168 0.192944 34.197662 0.175196 -0.188415 0.966336 12.712080 0.000000 0.000000 0.000000 1.000000
0.981507 0.051277 -0.184432 -3.332088 -0.014172 0.980276 0.197126 32.178524 0.190902 -0.190867 0.962874 14.296296 0.000000 0.000000 0.000000 1.000000
0.974714 0.063354 -0.214286 -3.551322 -0.021074 0.980755 0.194104 28.925768 0.222459 -0.184680 0.957290 16.709276 0.000000 0.000000 0.000000 1.000000
0.964673 0.075803 -0.252309 -3.687232 -0.028581 0.982171 0.185802 25.479485 0.261895 -0.172027 0.949641 19.302349 0.000000 0.000000 0.000000 1.000000
0.953238 0.082731 -0.290677 -3.604548 -0.032683 0.984381 0.172990 23.470282 0.300449 -0.155401 0.941053 21.073616 0.000000 0.000000 0.000000 1.000000
0.941703 0.082161 -0.326258 -3.219093 -0.032537 0.987419 0.154745 23.442377 0.334867 -0.135108 0.932529 21.678875 0.000000 0.000000 0.000000 1.000000
0.929913 0.077614 -0.359496 -2.656870 -0.030494 0.990384 0.134941 23.977053 0.366512 -0.114521 0.923338 21.938719 0.000000 0.000000 0.000000 1.000000
0.917859 0.071484 -0.390416 -2.098278 -0.027397 0.992712 0.117354 24.501394 0.395959 -0.097018 0.913129 22.148735 0.000000 0.000000 0.000000 1.000000
0.907441 0.070710 -0.414186 -1.716377 -0.028033 0.993730 0.108233 24.481012 0.419243 -0.086604 0.903734 22.413612 0.000000 0.000000 0.000000 1.000000
0.896213 0.071030 -0.437902 -1.487600 -0.028520 0.994282 0.102908 23.964088 0.442707 -0.079738 0.893114 22.747000 0.000000 0.000000 0.000000 1.000000
0.883958 0.075981 -0.461352 -1.318621 -0.032191 0.994257 0.102066 23.808033 0.466458 -0.075371 0.881327 23.080544 0.000000 0.000000 0.000000 1.000000
0.877063 0.086423 -0.472537 -1.173533 -0.042252 0.993750 0.103327 23.994480 0.478514 -0.070659 0.875232 23.321083 0.000000 0.000000 0.000000 1.000000
0.878080 0.098550 -0.468256 -1.092772 -0.057007 0.993138 0.102117 24.280960 0.475106 -0.062973 0.877672 23.459896 0.000000 0.000000 0.000000 1.000000
0.884209 0.107843 -0.454472 -1.082390 -0.069150 0.992483 0.100973 24.513138 0.461945 -0.057854 0.885019 23.551981 0.000000 0.000000 0.000000 1.000000
0.890717 0.114693 -0.439850 -1.131693 -0.075875 0.991583 0.104908 24.694580 0.448180 -0.060069 0.891923 23.665648 0.000000 0.000000 0.000000 1.000000
0.895207 0.121281 -0.428830 -1.189927 -0.083320 0.990838 0.106292 24.831547 0.437792 -0.059423 0.897110 23.825529 0.000000 0.000000 0.000000 1.000000
0.901451 0.123464 -0.414901 -1.229313 -0.089543 0.990918 0.100322 24.942535 0.423519 -0.053284 0.904319 23.981804 0.000000 0.000000 0.000000 1.000000
0.908443 0.119914 -0.400440 -1.282862 -0.092907 0.991930 0.086269 25.035297 0.407553 -0.041167 0.912253 24.150391 0.000000 0.000000 0.000000 1.000000
0.912353 0.113606 -0.393326 -1.366445 -0.092784 0.993107 0.071623 25.101688 0.398751 -0.028851 0.916605 24.344337 0.000000 0.000000 0.000000 1.000000
0.914331 0.108384 -0.390195 -1.501943 -0.091970 0.993918 0.060569 25.151529 0.394387 -0.019493 0.918738 24.555195 0.000000 0.000000 0.000000 1.000000
0.916108 0.101833 -0.387784 -1.675629 -0.091255 0.994781 0.045649 25.177151 0.390408 -0.006432 0.920619 24.786291 0.000000 0.000000 0.000000 1.000000
0.915912 0.095993 -0.389731 -1.887576 -0.090763 0.995363 0.031860 25.192764 0.390983 0.006192 0.920377 25.038044 0.000000 0.000000 0.000000 1.000000
0.915877 0.090436 -0.391140 -2.120275 -0.090789 0.995714 0.017633 25.198593 0.391058 0.019362 0.920162 25.287045 0.000000 0.000000 0.000000 1.000000
0.917059 0.082880 -0.390044 -2.346228 -0.089791 0.995960 0.000515 25.189524 0.388511 0.034550 0.920796 25.538694 0.000000 0.000000 0.000000 1.000000
0.918751 0.074582 -0.387730 -2.567177 -0.088168 0.995955 -0.017343 25.174732 0.384868 0.050119 0.921610 25.787918 0.000000 0.000000 0.000000 1.000000
0.921359 0.064883 -0.383259 -2.779761 -0.084694 0.995791 -0.035026 25.154079 0.379374 0.064731 0.922976 26.020781 0.000000 0.000000 0.000000 1.000000
0.926016 0.051044 -0.374018 -2.973675 -0.076338 0.995666 -0.053120 25.122484 0.369686 0.077742 0.925899 26.215223 0.000000 0.000000 0.000000 1.000000
0.930368 0.035510 -0.364903 -3.206294 -0.067217 0.994949 -0.074557 25.082293 0.360412 0.093893 0.928056 26.440584 0.000000 0.000000 0.000000 1.000000
0.935235 0.022060 -0.353340 -3.464019 -0.059612 0.993619 -0.095749 25.026968 0.348973 0.110611 0.930582 26.693506 0.000000 0.000000 0.000000 1.000000
0.941307 0.010061 -0.337401 -3.748436 -0.052201 0.991870 -0.116057 24.955416 0.333491 0.126858 0.934179 26.980476 0.000000 0.000000 0.000000 1.000000
0.947243 -0.001570 -0.320512 -4.035364 -0.044507 0.989656 -0.136385 24.876648 0.317411 0.143455 0.937375 27.280123 0.000000 0.000000 0.000000 1.000000
0.952986 -0.013133 -0.302730 -4.325237 -0.036599 0.986757 -0.158022 24.775667 0.300796 0.161672 0.939885 27.612873 0.000000 0.000000 0.000000 1.000000
0.958570 -0.024564 -0.283797 -4.619467 -0.028481 0.983019 -0.181282 24.653618 0.283431 0.181854 0.941592 27.974323 0.000000 0.000000 0.000000 1.000000
0.964495 -0.036043 -0.261629 -4.930789 -0.020231 0.977650 -0.209265 24.492195 0.263324 0.207129 0.942209 28.390118 0.000000 0.000000 0.000000 1.000000
0.970366 -0.046954 -0.237034 -5.249876 -0.011664 0.970695 -0.240033 24.302570 0.241358 0.235684 0.941381 28.838291 0.000000 0.000000 0.000000 1.000000
0.975704 -0.057075 -0.211527 -5.569351 -0.002438 0.962583 -0.270978 24.105434 0.219078 0.264910 0.939057 29.292326 0.000000 0.000000 0.000000 1.000000
0.980548 -0.066370 -0.184717 -5.892197 0.007528 0.953120 -0.302500 23.898230 0.196134 0.295225 0.935079 29.756413 0.000000 0.000000 0.000000 1.000000
0.985046 -0.074485 -0.155360 -6.220859 0.018241 0.941740 -0.335847 23.668455 0.171325 0.327991 0.929015 30.242323 0.000000 0.000000 0.000000 1.000000
0.989658 -0.080616 -0.118652 -6.570540 0.030345 0.926080 -0.376105 23.376066 0.140202 0.368615 0.918949 30.793673 0.000000 0.000000 0.000000 1.000000
0.993845 -0.088488 -0.066648 -6.995427 0.050808 0.898713 -0.435585 22.990641 0.098441 0.429517 0.897677 31.449408 0.000000 0.000000 0.000000 1.000000
0.995577 -0.093621 -0.007809 -7.439790 0.077190 0.862559 -0.500033 22.559738 0.053549 0.497219 0.865971 32.151310 0.000000 0.000000 0.000000 1.000000
0.994088 -0.094579 0.053333 -7.927082 0.108122 0.817214 -0.566101 22.022070 0.009957 0.568521 0.822609 32.978493 0.000000 0.000000 0.000000 1.000000
0.989352 -0.091045 0.113548 -8.529923 0.142753 0.759030 -0.635212 21.241383 -0.028354 0.644658 0.763945 34.113102 0.000000 0.000000 0.000000 1.000000
0.981344 -0.082225 0.173790 -9.266048 0.182340 0.684647 -0.705699 20.233572 -0.060959 0.724222 0.686867 35.579468 0.000000 0.000000 0.000000 1.000000
0.967053 -0.063851 0.246436 -10.183280 0.236780 0.581158 -0.778582 18.850414 -0.093505 0.811282 0.577130 37.458496 0.000000 0.000000 0.000000 1.000000
0.947908 -0.040008 0.316020 -11.070230 0.297387 0.466665 -0.832937 17.048008 -0.114152 0.883529 0.454254 39.305424 0.000000 0.000000 0.000000 1.000000
0.923141 -0.012556 0.384255 -11.863720 0.364739 0.344599 -0.864995 14.426910 -0.121553 0.938666 0.322693 41.020554 0.000000 0.000000 0.000000 1.000000
0.891862 0.010413 0.452189 -12.488076 0.437969 0.229855 -0.869109 11.223693 -0.112988 0.973169 0.200438 42.500900 0.000000 0.000000 0.000000 1.000000
0.859945 0.016926 0.510106 -12.968673 0.503767 0.132303 -0.853648 8.931614 -0.081937 0.991065 0.105246 43.756992 0.000000 0.000000 0.000000 1.000000
0.847938 0.004577 0.530076 -13.233700 0.529553 0.037908 -0.847429 8.441511 -0.023973 0.999271 0.029720 45.000870 0.000000 0.000000 0.000000 1.000000
0.870347 -0.002740 0.492432 -13.192094 0.491592 -0.053825 -0.869161 8.876264 0.028887 0.998547 -0.045500 46.324097 0.000000 0.000000 0.000000 1.000000
0.890287 0.006947 0.455348 -13.081317 0.453480 -0.105259 -0.885029 9.280991 0.041781 0.994421 -0.096861 47.368980 0.000000 0.000000 0.000000 1.000000
0.896960 0.017851 0.441752 -13.049976 0.440586 -0.119061 -0.889780 9.531659 0.036711 0.992727 -0.114658 47.814377 0.000000 0.000000 0.000000 1.000000
0.902959 0.022994 0.429111 -13.015743 0.428538 -0.122398 -0.895195 9.615902 0.031938 0.992215 -0.120374 48.104206 0.000000 0.000000 0.000000 1.000000
0.908176 0.019207 0.418147 -12.966835 0.417317 -0.119338 -0.900891 9.501317 0.032597 0.992668 -0.116396 48.213165 0.000000 0.000000 0.000000 1.000000
0.913864 0.013459 0.405798 -12.907687 0.404574 -0.114484 -0.907311 9.325045 0.034246 0.993334 -0.110068 48.247143 0.000000 0.000000 0.000000 1.000000
0.921133 0.008236 0.389160 -12.814380 0.387653 -0.109809 -0.915241 9.117649 0.035195 0.993919 -0.104342 48.223370 0.000000 0.000000 0.000000 1.000000
0.932935 0.007521 0.359967 -12.607203 0.358679 -0.106446 -0.927372 8.847205 0.031342 0.994290 -0.102005 48.088036 0.000000 0.000000 0.000000 1.000000
0.943839 0.008433 0.330298 -12.387906 0.329504 -0.097843 -0.939071 8.657978 0.024398 0.995166 -0.095126 47.919640 0.000000 0.000000 0.000000 1.000000
0.951983 0.010923 0.305956 -12.244287 0.305711 -0.087478 -0.948097 8.601004 0.016408 0.996107 -0.086617 47.665352 0.000000 0.000000 0.000000 1.000000
0.958430 0.015521 0.284905 -12.182670 0.285218 -0.079828 -0.955133 8.613480 0.007919 0.996688 -0.080937 47.244190 0.000000 0.000000 0.000000 1.000000
0.962631 0.021261 0.269979 -12.208632 0.270814 -0.077935 -0.959472 8.614264 0.000642 0.996732 -0.080781 46.654919 0.000000 0.000000 0.000000 1.000000
0.965166 0.025390 0.260403 -12.199755 0.261602 -0.077240 -0.962080 8.529973 -0.004313 0.996689 -0.081191 46.238705 0.000000 0.000000 0.000000 1.000000
0.966648 0.026598 0.254724 -12.142077 0.256020 -0.074057 -0.963831 8.439174 -0.006772 0.996899 -0.078396 46.126049 0.000000 0.000000 0.000000 1.000000
0.967522 0.025279 0.251520 -12.094578 0.252699 -0.070359 -0.964983 8.355032 -0.006697 0.997201 -0.074462 46.110237 0.000000 0.000000 0.000000 1.000000
0.967936 0.023701 0.250077 -12.066798 0.251123 -0.066969 -0.965636 8.291952 -0.006139 0.997473 -0.070774 46.125996 0.000000 0.000000 0.000000 1.000000
0.966928 0.025489 0.253771 -12.068592 0.254919 -0.065008 -0.964775 8.260276 -0.008094 0.997559 -0.069356 46.191631 0.000000 0.000000 0.000000 1.000000
0.963985 0.027633 0.264518 -12.124439 0.265822 -0.068292 -0.961600 8.267852 -0.008508 0.997283 -0.073178 46.290310 0.000000 0.000000 0.000000 1.000000
0.960916 0.028106 0.275409 -12.179923 0.276757 -0.073323 -0.958138 8.269865 -0.006736 0.996912 -0.078236 46.378288 0.000000 0.000000 0.000000 1.000000
0.958493 0.026776 0.283855 -12.223822 0.285096 -0.078517 -0.955278 8.235681 -0.003292 0.996553 -0.082892 46.449608 0.000000 0.000000 0.000000 1.000000
0.956089 0.024303 0.292068 -12.282559 0.293074 -0.084028 -0.952390 8.196984 0.001396 0.996167 -0.087460 46.515160 0.000000 0.000000 0.000000 1.000000</float_array><technique_common><accessor source="#mixamorig_Hips-Matrix-animation-output-transform-array" count="118" stride="16"><param type="float4x4"/></accessor></technique_common></source><source id="mixamorig_Hips-Interpolations"><Name_array id="mixamorig_Hips-Interpolations-array" count="118">
 LINEAR LINEAR LINEAR LINEAR LINEAR LINEAR LINEAR LINEAR LINEAR LINEAR LINEAR
LINEAR LINEAR LINEAR LINEAR LINEAR LINEAR LINEAR LINEAR LINEAR LINEAR LINEAR LINEAR
LINEAR LINEAR LINEAR LINEAR LINEAR LINEAR LINEAR LINEAR LINEAR LINEAR LINEAR LINEAR
LINEAR LINEAR LINEAR LINEAR LINEAR LINEAR LINEAR LINEAR LINEAR LINEAR LINEAR LINEAR
LINEAR LINEAR LINEAR LINEAR LINEAR LINEAR LINEAR LINEAR LINEAR LINEAR LINEAR LINEAR
LINEAR LINEAR LINEAR LINEAR LINEAR LINEAR LINEAR LINEAR LINEAR LINEAR LINEAR LINEAR
LINEAR LINEAR LINEAR LINEAR LINEAR LINEAR LINEAR LINEAR LINEAR LINEAR LINEAR LINEAR
LINEAR LINEAR LINEAR LINEAR LINEAR LINEAR LINEAR LINEAR LINEAR LINEAR LINEAR LINEAR
LINEAR LINEAR LINEAR LINEAR LINEAR LINEAR LINEAR LINEAR LINEAR LINEAR LINEAR LINEAR
LINEAR LINEAR LINEAR LINEAR LINEAR LINEAR LINEAR LINEAR LINEAR LINEAR LINEAR</Name_array><technique_common><accessor source="#mixamorig_Hips-Interpolations-array" count="118"><param type="name"/></accessor></technique_common></source><sampler id="mixamorig_Hips-Matrix-animation-transform"><input semantic="INPUT" source="#mixamorig_Hips-Matrix-animation-input"/><input semantic="OUTPUT" source="#mixamorig_Hips-Matrix-animation-output-transform"/><input semantic="INTERPOLATION" source="#mixamorig_Hips-Interpolations"/></sampler><channel source="#mixamorig_Hips-Matrix-animation-transform" target="mixamorig_Hips/matrix"/></animation>
    <animation id="mixamorig_Spine-anim" name="mixamorig_Spine"><source id="mixamorig_Spine-Matrix-animation-input"><float_array id="mixamorig_Spine-Matrix-animation-input-array" count="118">

0.000000 0.033333 0.066667 0.100000 0.133333 0.166667 0.200000 0.233333 0.266667 0.300000 0.333333 0.366667 0.400000 0.433333 0.466667 0.500000
0.533333 0.566667 0.600000 0.633333 0.666667 0.700000 0.733333 0.766667 0.800000 0.833333 0.866667 0.900000 0.933333 0.966667 1.000000 1.033333
1.066667 1.100000 1.133333 1.166667 1.200000 1.233333 1.266667 1.300000 1.333333 1.366667 1.400000 1.433333 1.466667 1.500000 1.533333 1.566667
1.600000 1.633333 1.666667 1.700000 1.733333 1.766667 1.800000 1.833333 1.866667 1.900000 1.933333 1.966667 2.000000 2.033333 2.066667 2.100000
2.133333 2.166667 2.200000 2.233333 2.266667 2.300000 2.333333 2.366667 2.400000 2.433333 2.466667 2.500000 2.533333 2.566667 2.600000 2.633333
2.666667 2.700000 2.733333 2.766667 2.800000 2.833333 2.866667 2.900000 2.933333 2.966667 3.000000 3.033333 3.066667 3.100000 3.133333 3.166667
3.200000 3.233333 3.266667 3.300000 3.333333 3.366667 3.400000 3.433333 3.466667 3.500000 3.533333 3.566667 3.600000 3.633333 3.666667 3.700000
3.733333 3.766667 3.800000 3.833333 3.866667 3.900000</float_array><technique_common><accessor source="#mixamorig_Spine-Matrix-animation-input-array" count="118"><param name="TIME" type="float"/></accessor></technique_common></source><source id="mixamorig_Spine-Matrix-animation-output-transform"><float_array id="mixamorig_Spine-Matrix-animation-output-transform-array" count="1888">

0.996906 0.050494 0.060240 -0.000000 -0.043001 0.991868 -0.119788 3.753200 -0.065799 0.116827 0.990970 -0.033300 0.000000 0.000000 0.000000 1.000000
0.997327 0.051983 0.051357 -0.000000 -0.044892 0.990406 -0.130696 3.753200 -0.057659 0.128041 0.990091 -0.033300 0.000000 0.000000 0.000000 1.000000
0.997930 0.054437 0.034254 0.000000 -0.048698 0.987416 -0.150463 3.753200 -0.042014 0.148483 0.988022 -0.033300 0.000000 0.000000 0.000000 1.000000
0.998517 0.054021 0.006814 0.000000 -0.051987 0.983077 -0.175660 3.753200 -0.016188 0.175045 0.984427 -0.033300 0.000000 0.000000 0.000000 1.000000
0.998302 0.055370 -0.018105 0.000000 -0.057860 0.978548 -0.197726 3.753200 0.006768 0.198438 0.980090 -0.033300 0.000000 0.000000 0.000000 1.000000
0.997472 0.064695 -0.029399 0.000000 -0.069706 0.971209 -0.227803 3.753200 0.013815 0.229276 0.973263 -0.033300 0.000000 0.000000 0.000000 1.000000
0.996406 0.077523 -0.034133 0.000000 -0.083995 0.956323 -0.279983 3.753200 0.010937 0.281844 0.959398 -0.033300 0.000000 0.000000 0.000000 1.000000
0.995345 0.086422 -0.042649 0.000000 -0.095883 0.932601 -0.347939 3.753200 0.009705 0.350409 0.936546 -0.033300 0.000000 0.000000 0.000000 1.000000
0.994631 0.087804 -0.054767 0.000000 -0.102594 0.905949 -0.410768 3.753200 0.013549 0.414182 0.910093 -0.033300 0.000000 0.000000 0.000000 1.000000
0.994638 0.087636 -0.054903 -0.000000 -0.103013 0.886289 -0.451530 3.753200 0.009090 0.454765 0.890565 -0.033300 0.000000 0.000000 0.000000 1.000000
0.994797 0.095076 -0.036608 0.000000 -0.101000 0.873185 -0.476808 3.753200 -0.013367 0.478025 0.878245 -0.033300 0.000000 0.000000 0.000000 1.000000
0.994092 0.108104 -0.009758 0.000000 -0.098727 0.863166 -0.495173 3.753200 -0.045108 0.493211 0.868739 -0.033300 0.000000 0.000000 0.000000 1.000000
0.992885 0.118822 0.007774 -0.000000 -0.098348 0.855104 -0.509044 3.753200 -0.067133 0.504658 0.860705 -0.033300 0.000000 0.000000 0.000000 1.000000
0.992444 0.122023 0.012862 0.000000 -0.097867 0.850456 -0.516862 3.753200 -0.074007 0.511698 0.855972 -0.033300 0.000000 0.000000 0.000000 1.000000
0.992269 0.123247 0.014571 0.000000 -0.097503 0.846826 -0.522857 3.753200 -0.076780 0.517394 0.852296 -0.033300 0.000000 0.000000 0.000000 1.000000
0.992135 0.124322 0.014592 0.000000 -0.097956 0.843677 -0.527839 3.753200 -0.077933 0.522258 0.849219 -0.033300 0.000000 0.000000 0.000000 1.000000
0.991974 0.125673 0.013944 -0.000000 -0.099055 0.840909 -0.532035 3.753200 -0.078588 0.526383 0.846608 -0.033300 0.000000 0.000000 0.000000 1.000000
0.991893 0.126152 0.015295 0.000000 -0.098826 0.841444 -0.531230 3.753200 -0.079886 0.525412 0.847089 -0.033300 0.000000 0.000000 0.000000 1.000000
0.991867 0.126051 0.017611 0.000000 -0.097968 0.844460 -0.526583 3.753200 -0.081248 0.520575 0.849941 -0.033300 0.000000 0.000000 0.000000 1.000000
0.991940 0.125316 0.018735 0.000000 -0.097291 0.847997 -0.520995 3.753200 -0.081177 0.514973 0.853354 -0.033300 0.000000 0.000000 0.000000 1.000000
0.992088 0.124210 0.018236 -0.000000 -0.097000 0.850624 -0.516749 3.753200 -0.079698 0.510892 0.855942 -0.033300 0.000000 0.000000 0.000000 1.000000
0.992246 0.123201 0.016403 -0.000000 -0.097378 0.852621 -0.513376 3.753200 -0.077234 0.507798 0.858007 -0.033300 0.000000 0.000000 0.000000 1.000000
0.992399 0.122280 0.013848 0.000000 -0.098155 0.854393 -0.510272 3.753200 -0.074228 0.505034 0.859902 -0.033300 0.000000 0.000000 0.000000 1.000000
0.992544 0.121371 0.011163 -0.000000 -0.098981 0.856101 -0.507242 3.753200 -0.071121 0.502355 0.861732 -0.033300 0.000000 0.000000 0.000000 1.000000
0.992705 0.120275 0.008404 0.000000 -0.099664 0.857824 -0.504188 3.753200 -0.067851 0.499672 0.863553 -0.033300 0.000000 0.000000 0.000000 1.000000
0.992911 0.118720 0.005746 -0.000000 -0.099895 0.859712 -0.500916 3.753200 -0.064408 0.496791 0.865477 -0.033300 0.000000 0.000000 0.000000 1.000000
0.993276 0.115720 0.003572 0.000000 -0.098616 0.861825 -0.497526 3.753200 -0.060651 0.493828 0.867442 -0.033300 0.000000 0.000000 0.000000 1.000000
0.993700 0.112063 0.001497 -0.000000 -0.096697 0.864045 -0.494041 3.753200 -0.056657 0.490784 0.869437 -0.033300 0.000000 0.000000 0.000000 1.000000
0.994129 0.108200 -0.000635 0.000000 -0.094598 0.866279 -0.490522 3.753200 -0.052525 0.487703 0.871428 -0.033300 0.000000 0.000000 0.000000 1.000000
0.994553 0.104197 -0.002707 -0.000000 -0.092315 0.868490 -0.487035 3.753200 -0.048396 0.484632 0.873378 -0.033300 0.000000 0.000000 0.000000 1.000000
0.994962 0.100151 -0.004616 0.000000 -0.089880 0.870640 -0.483639 3.753200 -0.044418 0.481617 0.875255 -0.033300 0.000000 0.000000 0.000000 1.000000
0.995353 0.096094 -0.006203 0.000000 -0.087247 0.872700 -0.480398 3.753200 -0.040750 0.478707 0.877028 -0.033300 0.000000 0.000000 0.000000 1.000000
0.995725 0.092073 -0.007368 0.000000 -0.084409 0.874637 -0.477373 3.753200 -0.037509 0.475954 0.878670 -0.033300 0.000000 0.000000 0.000000 1.000000
0.996070 0.088205 -0.008030 0.000000 -0.081436 0.876415 -0.474621 3.753200 -0.034827 0.473410 0.880154 -0.033300 0.000000 0.000000 0.000000 1.000000
0.996399 0.084399 -0.008151 0.000000 -0.078231 0.877963 -0.472293 3.753200 -0.032705 0.471230 0.881404 -0.033300 0.000000 0.000000 0.000000 1.000000
0.996721 0.080534 -0.007822 -0.000000 -0.074736 0.879273 -0.470419 3.753200 -0.031007 0.469461 0.882409 -0.033300 0.000000 0.000000 0.000000 1.000000
0.997039 0.076567 -0.007089 0.000000 -0.070944 0.880410 -0.468876 3.753200 -0.029659 0.467991 0.883235 -0.033300 0.000000 0.000000 0.000000 1.000000
0.997351 0.072490 -0.006013 0.000000 -0.066883 0.881437 -0.467543 3.753200 -0.028592 0.466706 0.883950 -0.033300 0.000000 0.000000 0.000000 1.000000
0.997646 0.068409 -0.004762 0.000000 -0.062733 0.882403 -0.466294 3.753200 -0.027697 0.465495 0.884617 -0.033300 0.000000 0.000000 0.000000 1.000000
0.997918 0.064395 -0.003469 -0.000000 -0.058619 0.883364 -0.465007 3.753200 -0.026879 0.464243 0.885300 -0.033300 0.000000 0.000000 0.000000 1.000000
0.998186 0.060165 -0.001971 0.000000 -0.054222 0.884401 -0.463567 3.753200 -0.026147 0.462833 0.886060 -0.033300 0.000000 0.000000 0.000000 1.000000
0.998437 0.055893 -0.000425 -0.000000 -0.049770 0.885561 -0.461849 3.753200 -0.025438 0.461148 0.886958 -0.033300 0.000000 0.000000 0.000000 1.000000
0.998659 0.051753 0.000978 -0.000000 -0.045510 0.886889 -0.459735 3.753200 -0.024660 0.459074 0.888056 -0.033300 0.000000 0.000000 0.000000 1.000000
0.998847 0.047962 0.002146 -0.000000 -0.041678 0.888436 -0.457104 3.753200 -0.023830 0.456487 0.889411 -0.033300 0.000000 0.000000 0.000000 1.000000
0.999003 0.044541 0.003016 0.000000 -0.038322 0.890259 -0.453840 3.753200 -0.022899 0.453272 0.891078 -0.033300 0.000000 0.000000 0.000000 1.000000
0.999119 0.041845 0.003334 -0.000000 -0.035896 0.892842 -0.448937 3.753200 -0.021762 0.448421 0.893557 -0.033300 0.000000 0.000000 0.000000 1.000000
0.999316 0.036751 0.004047 0.000000 -0.031239 0.897809 -0.439275 3.753200 -0.019777 0.438849 0.898343 -0.033300 0.000000 0.000000 0.000000 1.000000
0.999642 0.026087 0.005969 0.000000 -0.021132 0.906319 -0.422065 3.753200 -0.016420 0.421787 0.906546 -0.033300 0.000000 0.000000 0.000000 1.000000
0.999939 0.004533 0.010058 -0.000000 -0.000230 0.920064 -0.391767 3.753200 -0.011030 0.391741 0.920009 -0.033300 0.000000 0.000000 0.000000 1.000000
0.999040 -0.039405 0.019119 0.000000 0.043601 0.936185 -0.348793 3.753200 -0.004155 0.349292 0.937005 -0.033300 0.000000 0.000000 0.000000 1.000000
0.996152 -0.082883 0.028476 0.000000 0.087638 0.943624 -0.319208 3.753200 -0.000413 0.320475 0.947257 -0.033300 0.000000 0.000000 0.000000 1.000000
0.994310 -0.100375 0.035659 0.000000 0.106480 0.945934 -0.306383 3.753200 -0.002978 0.308436 0.951240 -0.033300 0.000000 0.000000 0.000000 1.000000
0.994781 -0.093860 0.040022 0.000000 0.101585 0.947868 -0.302038 3.753200 -0.009586 0.304527 0.952455 -0.033300 0.000000 0.000000 0.000000 1.000000
0.995779 -0.081079 0.043010 0.000000 0.090318 0.948983 -0.302117 3.753200 -0.016320 0.304726 0.952300 -0.033300 0.000000 0.000000 0.000000 1.000000
0.996358 -0.073407 0.043395 -0.000000 0.083239 0.947751 -0.307960 3.753200 -0.018522 0.310451 0.950409 -0.033300 0.000000 0.000000 0.000000 1.000000
0.996650 -0.072313 0.038195 0.000000 0.080698 0.945343 -0.315933 3.753200 -0.013262 0.317957 0.948012 -0.033300 0.000000 0.000000 0.000000 1.000000
0.996936 -0.071743 0.031156 0.000000 0.077957 0.943794 -0.321210 3.753200 -0.006360 0.322655 0.946495 -0.033300 0.000000 0.000000 0.000000 1.000000
0.997268 -0.068968 0.026445 0.000000 0.073817 0.943340 -0.323513 3.753200 -0.002635 0.324581 0.945854 -0.033300 0.000000 0.000000 0.000000 1.000000
0.997580 -0.065213 0.024112 -0.000000 0.069510 0.943186 -0.324913 3.753200 -0.001553 0.325803 0.945436 -0.033300 0.000000 0.000000 0.000000 1.000000
0.997881 -0.060523 0.023868 0.000000 0.065001 0.943009 -0.326358 3.753200 -0.002756 0.327218 0.944945 -0.033300 0.000000 0.000000 0.000000 1.000000
0.998241 -0.052490 0.027549 0.000000 0.058644 0.942319 -0.329538 3.753200 -0.008662 0.330574 0.943740 -0.033300 0.000000 0.000000 0.000000 1.000000
0.998461 -0.042381 0.035767 0.000000 0.051905 0.941267 -0.333651 3.753200 -0.019526 0.334994 0.942018 -0.033300 0.000000 0.000000 0.000000 1.000000
0.998489 -0.035041 0.042337 -0.000000 0.047230 0.941026 -0.335020 3.753200 -0.028101 0.336514 0.941259 -0.033300 0.000000 0.000000 0.000000 1.000000
0.998585 -0.032581 0.042041 -0.000000 0.044687 0.942588 -0.330955 3.753200 -0.028844 0.332365 0.942710 -0.033300 0.000000 0.000000 0.000000 1.000000
0.998758 -0.031508 0.038599 0.000000 0.042331 0.945195 -0.323752 3.753200 -0.026283 0.324984 0.945354 -0.033300 0.000000 0.000000 0.000000 1.000000
0.998867 -0.028716 0.037960 -0.000000 0.039293 0.947572 -0.317117 3.753200 -0.026864 0.318249 0.947626 -0.033300 0.000000 0.000000 0.000000 1.000000
0.998913 -0.024225 0.039817 0.000000 0.035466 0.949373 -0.312143 3.753200 -0.030239 0.313216 0.949200 -0.033300 0.000000 0.000000 0.000000 1.000000
0.998962 -0.018456 0.041649 -0.000000 0.030417 0.950827 -0.308226 3.753200 -0.033913 0.309173 0.950401 -0.033300 0.000000 0.000000 0.000000 1.000000
0.998986 -0.011492 0.043521 0.000000 0.024221 0.952189 -0.304549 3.753200 -0.037941 0.305295 0.951502 -0.033300 0.000000 0.000000 0.000000 1.000000
0.998958 -0.004440 0.045416 -0.000000 0.017929 0.953404 -0.301164 3.753200 -0.041963 0.301665 0.952490 -0.033300 0.000000 0.000000 0.000000 1.000000
0.998930 0.001390 0.046224 -0.000000 0.012440 0.954625 -0.297550 3.753200 -0.044540 0.297807 0.953587 -0.033300 0.000000 0.000000 0.000000 1.000000
0.998945 0.006047 0.045525 0.000000 0.007623 0.955706 -0.294224 3.753200 -0.045288 0.294261 0.954652 -0.033300 0.000000 0.000000 0.000000 1.000000
0.998953 0.010865 0.044450 0.000000 0.002623 0.956202 -0.292697 3.753200 -0.045683 0.292507 0.955171 -0.033300 0.000000 0.000000 0.000000 1.000000
0.998827 0.016894 0.045378 0.000000 -0.002923 0.956491 -0.291746 3.753200 -0.048333 0.291271 0.955419 -0.033300 0.000000 0.000000 0.000000 1.000000
0.998477 0.023753 0.049798 0.000000 -0.008344 0.957209 -0.289277 3.753200 -0.054538 0.288421 0.955949 -0.033300 0.000000 0.000000 0.000000 1.000000
0.997927 0.030446 0.056692 0.000000 -0.013044 0.958408 -0.285103 3.753200 -0.063014 0.283772 0.956819 -0.033300 0.000000 0.000000 0.000000 1.000000
0.997291 0.036685 0.063751 0.000000 -0.017320 0.959495 -0.281192 3.753200 -0.071484 0.279326 0.957532 -0.033300 0.000000 0.000000 0.000000 1.000000
0.996666 0.042767 0.069479 0.000000 -0.021786 0.960186 -0.278510 3.753200 -0.078624 0.276068 0.957917 -0.033300 0.000000 0.000000 0.000000 1.000000
0.996128 0.048762 0.073148 -0.000000 -0.026670 0.960474 -0.277088 3.753200 -0.083768 0.274065 0.958056 -0.033300 0.000000 0.000000 0.000000 1.000000
0.995751 0.054756 0.074045 -0.000000 -0.032188 0.960259 -0.277249 3.753200 -0.086283 0.273687 0.957941 -0.033300 0.000000 0.000000 0.000000 1.000000
0.995525 0.060960 0.072205 -0.000000 -0.038518 0.959515 -0.279011 3.753200 -0.086291 0.274981 0.957569 -0.033300 0.000000 0.000000 0.000000 1.000000
0.995399 0.067173 0.068330 0.000000 -0.045319 0.958359 -0.281948 3.753200 -0.084424 0.277554 0.956993 -0.033300 0.000000 0.000000 0.000000 1.000000
0.995280 0.073385 0.063496 0.000000 -0.052351 0.956971 -0.285421 3.753200 -0.081710 0.280750 0.956296 -0.033300 0.000000 0.000000 0.000000 1.000000
0.995141 0.079570 0.057996 -0.000000 -0.059529 0.955378 -0.289326 3.753200 -0.078430 0.284468 0.955472 -0.033300 0.000000 0.000000 0.000000 1.000000
0.995022 0.085451 0.051272 0.000000 -0.066728 0.953453 -0.294065 3.753200 -0.074014 0.289180 0.954409 -0.033300 0.000000 0.000000 0.000000 1.000000
0.994996 0.089805 0.043796 -0.000000 -0.072718 0.951483 -0.298986 3.753200 -0.068522 0.294305 0.953252 -0.033300 0.000000 0.000000 0.000000 1.000000
0.994974 0.093307 0.036339 -0.000000 -0.078197 0.950710 -0.300060 3.753200 -0.062546 0.295710 0.953228 -0.033300 0.000000 0.000000 0.000000 1.000000
0.994921 0.096407 0.028936 0.000000 -0.083394 0.950480 -0.299389 3.753200 -0.056367 0.295455 0.953692 -0.033300 0.000000 0.000000 0.000000 1.000000
0.994853 0.099198 0.020680 0.000000 -0.088683 0.951089 -0.295914 3.753200 -0.049023 0.292557 0.954991 -0.033300 0.000000 0.000000 0.000000 1.000000
0.994760 0.101783 0.009681 0.000000 -0.094766 0.953418 -0.286381 3.753200 -0.038379 0.283963 0.958067 -0.033300 0.000000 0.000000 0.000000 1.000000
0.994594 0.103673 -0.005909 -0.000000 -0.101395 0.957306 -0.270711 3.753200 -0.022408 0.269847 0.962643 -0.033300 0.000000 0.000000 0.000000 1.000000
0.994018 0.105271 -0.029086 -0.000000 -0.109206 0.961512 -0.252128 3.753200 0.001424 0.253797 0.967257 -0.033300 0.000000 0.000000 0.000000 1.000000
0.992791 0.106282 -0.055403 0.000000 -0.116288 0.966087 -0.230547 3.753200 0.029021 0.235328 0.971483 -0.033300 0.000000 0.000000 0.000000 1.000000
0.991574 0.102391 -0.079349 -0.000000 -0.116847 0.971407 -0.206675 3.753200 0.055918 0.214206 0.975187 -0.033300 0.000000 0.000000 0.000000 1.000000
0.992547 0.090719 -0.081367 0.000000 -0.105208 0.974849 -0.196469 3.753200 0.061497 0.203565 0.977128 -0.033300 0.000000 0.000000 0.000000 1.000000
0.994334 0.088326 -0.059145 -0.000000 -0.098702 0.973726 -0.205222 3.753200 0.039464 0.209897 0.976927 -0.033300 0.000000 0.000000 0.000000 1.000000
0.992023 0.120999 -0.035361 0.000000 -0.125740 0.969753 -0.209209 3.753200 0.008977 0.211986 0.977231 -0.033300 0.000000 0.000000 0.000000 1.000000
0.982953 0.179989 -0.037514 0.000000 -0.183748 0.968712 -0.166834 3.753200 0.006312 0.170883 0.985271 -0.033300 0.000000 0.000000 0.000000 1.000000
0.976173 0.214206 -0.034662 0.000000 -0.216835 0.969020 -0.118245 3.753200 0.008259 0.122944 0.992379 -0.033300 0.000000 0.000000 0.000000 1.000000
0.975814 0.216829 -0.027802 0.000000 -0.218566 0.970084 -0.105667 3.753200 0.004058 0.109188 0.994013 -0.033300 0.000000 0.000000 0.000000 1.000000
0.975779 0.217067 -0.027155 0.000000 -0.218723 0.970321 -0.103138 3.753200 0.003962 0.106579 0.994296 -0.033300 0.000000 0.000000 0.000000 1.000000
0.975024 0.219593 -0.033263 0.000000 -0.221909 0.969385 -0.105111 3.753200 0.009163 0.109867 0.993904 -0.033300 0.000000 0.000000 0.000000 1.000000
0.974017 0.222713 -0.041100 0.000000 -0.225925 0.968146 -0.107940 3.753200 0.015751 0.114421 0.993307 -0.033300 0.000000 0.000000 0.000000 1.000000
0.972819 0.226279 -0.049205 0.000000 -0.230448 0.966874 -0.109762 3.753200 0.022739 0.118118 0.992739 -0.033300 0.000000 0.000000 0.000000 1.000000
0.971707 0.229296 -0.056648 -0.000000 -0.234290 0.966117 -0.108286 3.753200 0.029899 0.118494 0.992504 -0.033300 0.000000 0.000000 0.000000 1.000000
0.971325 0.228624 -0.065261 0.000000 -0.234755 0.965700 -0.110964 3.753200 0.037654 0.123102 0.991679 -0.033300 0.000000 0.000000 0.000000 1.000000
0.971445 0.225043 -0.075171 -0.000000 -0.232741 0.965408 -0.117551 3.753200 0.046116 0.131689 0.990218 -0.033300 0.000000 0.000000 0.000000 1.000000
0.971831 0.220412 -0.083443 -0.000000 -0.229499 0.965593 -0.122312 3.753200 0.053613 0.138016 0.988978 -0.033300 0.000000 0.000000 0.000000 1.000000
0.972198 0.216836 -0.088394 0.000000 -0.226561 0.966441 -0.121089 3.753200 0.059171 0.137750 0.988698 -0.033300 0.000000 0.000000 0.000000 1.000000
0.972932 0.213294 -0.088931 0.000000 -0.222858 0.967815 -0.116910 3.753200 0.061133 0.133565 0.989153 -0.033300 0.000000 0.000000 0.000000 1.000000
0.973826 0.209953 -0.087077 -0.000000 -0.219280 0.968646 -0.116798 3.753200 0.059824 0.132835 0.989331 -0.033300 0.000000 0.000000 0.000000 1.000000
0.974232 0.208504 -0.086008 0.000000 -0.217863 0.968621 -0.119617 3.753200 0.058368 0.135273 0.989088 -0.033300 0.000000 0.000000 0.000000 1.000000
0.974496 0.207448 -0.085578 -0.000000 -0.216960 0.968383 -0.123134 3.753200 0.057328 0.138561 0.988693 -0.033300 0.000000 0.000000 0.000000 1.000000
0.975021 0.204414 -0.086887 -0.000000 -0.214355 0.968467 -0.126976 3.753200 0.058192 0.142429 0.988093 -0.033300 0.000000 0.000000 0.000000 1.000000
