<?xml version="1.0" encoding="utf-8"?>
<COLLADA xmlns="http://www.collada.org/2005/11/COLLADASchema" version="1.4.1">
  <asset><contributor><author>Mixamo</author><authoring_tool>COLLADA Mixamo exporter</authoring_tool><comments></comments></contributor><created>2020-10-31T23:03:57Z</created><modified>2020-10-31T23:03:57Z</modified><revision></revision><title></title><unit meter="0.010000"/><up_axis>Y_UP</up_axis></asset>
  <library_animations>
    <animation id="mixamorig_Hips-anim" name="mixamorig_Hips"><source id="mixamorig_Hips-Matrix-animation-input"><float_array id="mixamorig_Hips-Matrix-animation-input-array" count="31">

0.000000 0.033333 0.066667 0.100000 0.133333 0.166667 0.200000 0.233333 0.266667 0.300000 0.333333 0.366667 0.400000 0.433333 0.466667 0.500000
0.533333 0.566667 0.600000 0.633333 0.666667 0.700000 0.733333 0.766667 0.800000 0.833333 0.866667 0.900000 0.933333 0.966667 1.000000</float_array><technique_common><accessor source="#mixamorig_Hips-Matrix-animation-input-array" count="31"><param name="TIME" type="float"/></accessor></technique_common></source><source id="mixamorig_Hips-Matrix-animation-output-transform"><float_array id="mixamorig_Hips-Matrix-animation-output-transform-array" count="496">

0.998544 0.026756 0.046834 -0.097678 -0.025949 0.999506 -0.017754 46.737476 -0.047286 0.016513 0.998745 0.068557 0.000000 0.000000 0.000000 1.000000
0.999360 0.026957 0.023529 -0.149485 -0.026541 0.999489 -0.017788 46.994034 -0.023996 0.017153 0.999565 -0.096674 0.000000 0.000000 0.000000 1.000000
0.999499 0.031395 0.003932 -0.186343 -0.031330 0.999389 -0.015514 46.956066 -0.004417 0.015383 0.999872 -0.287303 0.000000 0.000000 0.000000 1.000000
0.999337 0.035072 -0.009811 -0.192053 -0.035187 0.999310 -0.011868 46.683899 0.009388 0.012205 0.999881 -0.365593 0.000000 0.000000 0.000000 1.000000
0.999167 0.035558 -0.020009 -0.191042 -0.035765 0.999309 -0.010093 46.248978 0.019636 0.010800 0.999749 -0.515871 0.000000 0.000000 0.000000 1.000000
0.998921 0.034329 -0.031291 -0.155259 -0.034706 0.999330 -0.011584 45.741028 0.030872 0.012658 0.999443 -0.686505 0.000000 0.000000 0.000000 1.000000
0.998440 0.033355 -0.044781 -0.072655 -0.033996 0.999329 -0.013629 45.212078 0.044297 0.015130 0.998904 -0.783340 0.000000 0.000000 0.000000 1.000000
0.997804 0.032683 -0.057610 0.067693 -0.033490 0.999353 -0.013083 44.606148 0.057145 0.014984 0.998253 -0.629386 0.000000 0.000000 0.000000 1.000000
0.997325 0.029916 -0.066690 0.319833 -0.030802 0.999450 -0.012290 43.969696 0.066286 0.014311 0.997698 -0.206811 0.000000 0.000000 0.000000 1.000000
0.997308 0.022126 -0.069903 0.559765 -0.023356 0.999586 -0.016824 43.660378 0.069502 0.018411 0.997412 0.255567 0.000000 0.000000 0.000000 1.000000
0.997735 0.012545 -0.066085 0.830777 -0.014245 0.999578 -0.025314 43.627548 0.065740 0.026198 0.997493 0.593250 0.000000 0.000000 0.000000 1.000000
0.998353 0.005687 -0.057095 1.066333 -0.007364 0.999546 -0.029212 43.826729 0.056903 0.029584 0.997941 0.654242 0.000000 0.000000 0.000000 1.000000
0.998797 0.004400 -0.048840 1.318712 -0.005633 0.999668 -0.025149 44.498550 0.048714 0.025394 0.998490 0.656155 0.000000 0.000000 0.000000 1.000000
0.999072 0.009249 -0.042063 1.490836 -0.010025 0.999783 -0.018285 45.391960 0.041885 0.018690 0.998948 0.618110 0.000000 0.000000 0.000000 1.000000
0.999405 0.018713 -0.028972 1.604779 -0.019135 0.999714 -0.014364 46.201195 0.028695 0.014910 0.999477 0.434358 0.000000 0.000000 0.000000 1.000000
0.999625 0.027214 -0.002965 1.691515 -0.027258 0.999502 -0.015918 46.853672 0.002530 0.015993 0.999869 0.301961 0.000000 0.000000 0.000000 1.000000
0.999147 0.027519 0.030785 1.745695 -0.026847 0.999397 -0.022033 47.185669 -0.031372 0.021188 0.999283 0.013387 0.000000 0.000000 0.000000 1.000000
0.998008 0.017953 0.060485 1.772324 -0.016244 0.999458 -0.028633 47.105717 -0.060966 0.027594 0.997758 -0.330059 0.000000 0.000000 0.000000 1.000000
0.996831 0.004103 0.079442 1.790912 -0.001554 0.999483 -0.032123 46.722317 -0.079533 0.031898 0.996322 -0.500417 0.000000 0.000000 0.000000 1.000000
0.995884 -0.008264 0.090255 1.813549 0.011239 0.999409 -0.032501 46.127148 -0.089933 0.033381 0.995388 -0.597706 0.000000 0.000000 0.000000 1.000000
0.994811 -0.017100 0.100289 1.800139 0.020417 0.999275 -0.032145 45.490150 -0.099667 0.034026 0.994439 -0.726988 0.000000 0.000000 0.000000 1.000000
0.993256 -0.022123 0.113807 1.761956 0.026032 0.999117 -0.032974 44.769630 -0.112977 0.035714 0.992955 -0.766281 0.000000 0.000000 0.000000 1.000000
0.991351 -0.022412 0.129307 1.636330 0.027218 0.998998 -0.035522 44.081993 -0.128381 0.038734 0.990968 -0.695083 0.000000 0.000000 0.000000 1.000000
0.989869 -0.016015 0.141076 1.410248 0.021909 0.998946 -0.040325 43.582718 -0.140281 0.043007 0.989177 -0.466300 0.000000 0.000000 0.000000 1.000000
0.989869 -0.001739 0.141973 1.125636 0.008652 0.998806 -0.048086 43.411037 -0.141720 0.048827 0.988702 -0.154087 0.000000 0.000000 0.000000 1.000000
0.991102 0.017155 0.131995 0.833991 -0.009800 0.998373 -0.056173 43.546364 -0.132744 0.054380 0.989657 0.023065 0.000000 0.000000 0.000000 1.000000
0.992139 0.034163 0.120391 0.541049 -0.027306 0.997934 -0.058151 44.023083 -0.122129 0.054407 0.991022 0.046804 0.000000 0.000000 0.000000 1.000000
0.992579 0.043646 0.113496 0.265534 -0.038105 0.997995 -0.050547 44.683495 -0.115475 0.045847 0.992252 0.051921 0.000000 0.000000 0.000000 1.000000
0.993454 0.043191 0.105749 0.111514 -0.039438 0.998524 -0.037335 45.439766 -0.107205 0.032920 0.993692 0.132054 0.000000 0.000000 0.000000 1.000000
0.995322 0.037011 0.089238 0.008312 -0.034855 0.999065 -0.025596 46.065277 -0.090101 0.022366 0.995681 0.136283 0.000000 0.000000 0.000000 1.000000
0.997584 0.029282 0.062993 -0.056988 -0.028141 0.999425 -0.018927 46.575054 -0.063511 0.017109 0.997834 0.136374 0.000000 0.000000 0.000000 1.000000</float_array><technique_common><accessor source="#mixamorig_Hips-Matrix-animation-output-transform-array" count="31" stride="16"><param type="float4x4"/></accessor></technique_common></source><source id="mixamorig_Hips-Interpolations"><Name_array id="mixamorig_Hips-Interpolations-array" count="31">
 LINEAR LINEAR LINEAR LINEAR LINEAR LINEAR LINEAR LINEAR LINEAR LINEAR LINEAR
LINEAR LINEAR LINEAR LINEAR LINEAR LINEAR LINEAR LINEAR LINEAR LINEAR LINEAR LINEAR
LINEAR LINEAR LINEAR LINEAR LINEAR LINEAR LINEAR LINEAR</Name_array><technique_common><accessor source="#mixamorig_Hips-Interpolations-array" count="31"><param type="name"/></accessor></technique_common></source><sampler id="mixamorig_Hips-Matrix-animation-transform"><input semantic="INPUT" source="#mixamorig_Hips-Matrix-animation-input"/><input semantic="OUTPUT" source="#mixamorig_Hips-Matrix-animation-output-transform"/><input semantic="INTERPOLATION" source="#mixamorig_Hips-Interpolations"/></sampler><channel source="#mixamorig_Hips-Matrix-animation-transform" target="mixamorig_Hips/matrix"/></animation>
    <animation id="mixamorig_Spine-anim" name="mixamorig_Spine"><source id="mixamorig_Spine-Matrix-animation-input"><float_array id="mixamorig_Spine-Matrix-animation-input-array" count="31">

0.000000 0.033333 0.066667 0.100000 0.133333 0.166667 0.200000 0.233333 0.266667 0.300000 0.333333 0.366667 0.400000 0.433333 0.466667 0.500000
0.533333 0.566667 0.600000 0.633333 0.666667 0.700000 0.733333 0.766667 0.800000 0.833333 0.866667 0.900000 0.933333 0.966667 1.000000</float_array><technique_common><accessor source="#mixamorig_Spine-Matrix-animation-input-array" count="31"><param name="TIME" type="float"/></accessor></technique_common></source><source id="mixamorig_Spine-Matrix-animation-output-transform"><float_array id="mixamorig_Spine-Matrix-animation-output-transform-array" count="496">

0.999970 -0.004630 0.006233 -0.000000 0.004596 0.999974 0.005491 3.753200 -0.006258 -0.005462 0.999966 -0.033300 0.000000 0.000000 0.000000 1.000000
0.999930 -0.001747 0.011670 0.000000 0.001687 0.999985 0.005143 3.753200 -0.011679 -0.005122 0.999919 -0.033300 0.000000 0.000000 0.000000 1.000000
0.999866 -0.000575 0.016369 0.000000 0.000523 0.999995 0.003153 3.753200 -0.016370 -0.003144 0.999861 -0.033300 0.000000 0.000000 0.000000 1.000000
0.999802 -0.000371 0.019892 0.000000 0.000328 0.999998 0.002199 3.753200 -0.019892 -0.002192 0.999800 -0.033300 0.000000 0.000000 0.000000 1.000000
0.999740 0.000469 0.022818 -0.000000 -0.000489 0.999999 0.000875 3.753200 -0.022818 -0.000886 0.999739 -0.033300 0.000000 0.000000 0.000000 1.000000
0.999659 0.002009 0.026032 0.000000 -0.002028 0.999998 0.000685 3.753200 -0.026031 -0.000738 0.999661 -0.033300 0.000000 0.000000 0.000000 1.000000
0.999550 0.004317 0.029668 0.000000 -0.004343 0.999990 0.000823 3.753200 -0.029664 -0.000952 0.999559 -0.033300 0.000000 0.000000 0.000000 1.000000
0.999427 0.006590 0.033188 0.000000 -0.006639 0.999977 0.001365 3.753200 -0.033178 -0.001584 0.999448 -0.033300 0.000000 0.000000 0.000000 1.000000
0.999325 0.008459 0.035736 0.000000 -0.008554 0.999960 0.002499 3.753200 -0.035713 -0.002803 0.999358 -0.033300 0.000000 0.000000 0.000000 1.000000
0.999295 0.010927 0.035918 -0.000000 -0.011176 0.999915 0.006745 3.753200 -0.035841 -0.007141 0.999332 -0.033300 0.000000 0.000000 0.000000 1.000000
0.999359 0.013237 0.033257 0.000000 -0.013654 0.999831 0.012330 3.753200 -0.033089 -0.012776 0.999371 -0.033300 0.000000 0.000000 0.000000 1.000000
0.999500 0.013448 0.028621 0.000000 -0.013835 0.999815 0.013345 3.753200 -0.028436 -0.013735 0.999501 -0.033300 0.000000 0.000000 0.000000 1.000000
0.999642 0.011709 0.024051 0.000000 -0.011982 0.999865 0.011235 3.753200 -0.023916 -0.011519 0.999648 -0.033300 0.000000 0.000000 0.000000 1.000000
0.999757 0.010041 0.019623 0.000000 -0.010223 0.999905 0.009198 3.753200 -0.019529 -0.009396 0.999765 -0.033300 0.000000 0.000000 0.000000 1.000000
0.999884 0.006277 0.013884 0.000000 -0.006377 0.999954 0.007159 3.753200 -0.013839 -0.007247 0.999878 -0.033300 0.000000 0.000000 0.000000 1.000000
0.999979 0.002381 0.006079 -0.000000 -0.002422 0.999974 0.006782 3.753200 -0.006063 -0.006796 0.999959 -0.033300 0.000000 0.000000 0.000000 1.000000
0.999997 0.000615 -0.002273 0.000000 -0.000601 0.999980 0.006223 3.753200 0.002277 -0.006221 0.999978 -0.033300 0.000000 0.000000 0.000000 1.000000
0.999960 0.001054 -0.008853 -0.000000 -0.001008 0.999986 0.005188 3.753200 0.008858 -0.005179 0.999947 -0.033300 0.000000 0.000000 0.000000 1.000000
0.999915 0.002447 -0.012843 -0.000000 -0.002391 0.999988 0.004388 3.753200 0.012854 -0.004357 0.999908 -0.033300 0.000000 0.000000 0.000000 1.000000
0.999879 0.003129 -0.015217 0.000000 -0.003086 0.999991 0.002853 3.753200 0.015226 -0.002806 0.999880 -0.033300 0.000000 0.000000 0.000000 1.000000
0.999837 0.003662 -0.017696 0.000000 -0.003641 0.999993 0.001241 3.753200 0.017700 -0.001177 0.999843 -0.033300 0.000000 0.000000 0.000000 1.000000
0.999781 0.002164 -0.020792 -0.000000 -0.002154 0.999998 0.000514 3.753200 0.020793 -0.000469 0.999784 -0.033300 0.000000 0.000000 0.000000 1.000000
0.999712 -0.000575 -0.024012 0.000000 0.000605 0.999999 0.001234 3.753200 0.024011 -0.001248 0.999711 -0.033300 0.000000 0.000000 0.000000 1.000000
0.999646 -0.003872 -0.026320 0.000000 0.003975 0.999985 0.003873 3.753200 0.026304 -0.003976 0.999646 -0.033300 0.000000 0.000000 0.000000 1.000000
0.999643 -0.006975 -0.025799 0.000000 0.007218 0.999930 0.009330 3.753200 0.025732 -0.009513 0.999624 -0.033300 0.000000 0.000000 0.000000 1.000000
0.999704 -0.010173 -0.022094 0.000000 0.010480 0.999850 0.013809 3.753200 0.021951 -0.014036 0.999661 -0.033300 0.000000 0.000000 0.000000 1.000000
0.999763 -0.013020 -0.017454 0.000000 0.013266 0.999813 0.014088 3.753200 0.017268 -0.014317 0.999748 -0.033300 0.000000 0.000000 0.000000 1.000000
0.999799 -0.014340 -0.014042 -0.000000 0.014509 0.999823 0.011999 3.753200 0.013867 -0.012200 0.999829 -0.033300 0.000000 0.000000 0.000000 1.000000
0.999852 -0.013675 -0.010478 0.000000 0.013773 0.999862 0.009311 3.753200 0.010350 -0.009454 0.999902 -0.033300 0.000000 0.000000 0.000000 1.000000
0.999926 -0.011092 -0.004995 0.000000 0.011125 0.999916 0.006640 3.753200 0.004921 -0.006695 0.999965 -0.033300 0.000000 0.000000 0.000000 1.000000
0.999974 -0.006856 0.002293 0.000000 0.006842 0.999960 0.005825 3.753200 -0.002332 -0.005810 0.999980 -0.033300 0.000000 0.000000 0.000000 1.000000</float_array><technique_common><accessor source="#mixamorig_Spine-Matrix-animation-output-transform-array" count="31" stride="16"><param type="float4x4"/></accessor></technique_common></source><source id="mixamorig_Spine-Interpolations"><Name_array id="mixamorig_Spine-Interpolations-array" count="31">
 LINEAR LINEAR LINEAR LINEAR LINEAR LINEAR LINEAR LINEAR LINEAR LINEAR LINEAR
LINEAR LINEAR LINEAR LINEAR LINEAR LINEAR LINEAR LINEAR LINEAR LINEAR LINEAR LINEAR
LINEAR LINEAR LINEAR LINEAR LINEAR LINEAR LINEAR LINEAR</Name_array><technique_common><accessor source="#mixamorig_Spine-Interpolations-array" count="31"><param type="name"/></accessor></technique_common></source><sampler id="mixamorig_Spine-Matrix-animation-transform"><input semantic="INPUT" source="#mixamorig_Spine-Matrix-animation-input"/><input semantic="OUTPUT" source="#mixamorig_Spine-Matrix-animation-output-transform"/><input semantic="INTERPOLATION" source="#mixamorig_Spine-Interpolations"/></sampler><channel source="#mixamorig_Spine-Matrix-animation-transform" target="mixamorig_Spine/matrix"/></animation>
    <animation id="mixamorig_Spine1-anim" name="mixamorig_Spine1"><source id="mixamorig_Spine1-Matrix-animation-input"><float_array id="mixamorig_Spine1-Matrix-animation-input-array" count="31">

0.000000 0.033333 0.066667 0.100000 0.133333 0.166667 0.200000 0.233333 0.266667 0.300000 0.333333 0.366667 0.400000 0.433333 0.466667 0.500000
0.533333 0.566667 0.600000 0.633333 0.666667 0.700000 0.733333 0.766667 0.800000 0.833333 0.866667 0.900000 0.933333 0.966667 1.000000</float_array><technique_common><accessor source="#mixamorig_Spine1-Matrix-animation-input-array" count="31"><param name="TIME" type="float"/></accessor></technique_common></source><source id="mixamorig_Spine1-Matrix-animation-output-transform"><float_array id="mixamorig_Spine1-Matrix-animation-output-transform-array" count="496">

0.999889 -0.008779 0.012007 0.000000 0.008860 0.999938 -0.006718 4.378900 -0.011948 0.006824 0.999905 -0.000000 0.000000 0.000000 0.000000 1.000000
0.999719 -0.002739 0.023534 0.000000 0.002914 0.999968 -0.007426 4.378900 -0.023513 0.007492 0.999695 -0.000000 0.000000 0.000000 0.000000 1.000000
0.999440 0.000523 0.033463 0.000000 -0.000140 0.999935 -0.011430 4.378900 -0.033467 0.011419 0.999375 -0.000000 0.000000 0.000000 0.000000 1.000000
0.999152 0.002132 0.041111 0.000000 -0.001584 0.999909 -0.013366 4.378900 -0.041136 0.013290 0.999065 0.000000 0.000000 0.000000 0.000000 1.000000
0.998843 0.005057 0.047816 0.000000 -0.004293 0.999862 -0.016070 4.378900 -0.047891 0.015846 0.998727 0.000000 0.000000 0.000000 0.000000 1.000000
0.998415 0.009149 0.055537 0.000000 -0.008242 0.999829 -0.016541 4.378900 -0.055679 0.016057 0.998320 0.000000 0.000000 0.000000 0.000000 1.000000
0.997815 0.013563 0.064662 0.000000 -0.012529 0.999788 -0.016365 4.378900 -0.064870 0.015519 0.997773 0.000000 0.000000 0.000000 0.000000 1.000000
0.997152 0.017115 0.073450 0.000000 -0.016027 0.999753 -0.015367 4.378900 -0.073695 0.014146 0.997180 0.000000 0.000000 0.000000 0.000000 1.000000
0.996618 0.020169 0.079664 0.000000 -0.019179 0.999729 -0.013179 4.378900 -0.079908 0.011607 0.996735 -0.000000 0.000000 0.000000 0.000000 1.000000
0.996374 0.024054 0.081614 -0.000000 -0.023744 0.999707 -0.004769 4.378900 -0.081705 0.002813 0.996653 -0.000000 0.000000 0.000000 0.000000 1.000000
0.996475 0.030570 0.078128 0.000000 -0.031151 0.999495 0.006229 4.378900 -0.077898 -0.008641 0.996924 -0.000000 0.000000 0.000000 0.000000 1.000000
0.997035 0.033731 0.069166 -0.000000 -0.034382 0.999375 0.008236 4.378900 -0.068845 -0.010590 0.997571 0.000000 0.000000 0.000000 0.000000 1.000000
0.997864 0.030971 0.057516 -0.000000 -0.031263 0.999502 0.004186 4.378900 -0.057357 -0.005976 0.998336 -0.000000 0.000000 0.000000 0.000000 1.000000
0.998619 0.026634 0.045279 -0.000000 -0.026675 0.999644 0.000307 4.378900 -0.045255 -0.001514 0.998974 -0.000000 0.000000 0.000000 0.000000 1.000000
0.999354 0.018184 0.030983 -0.000000 -0.018082 0.999830 -0.003565 4.378900 -0.031042 0.003002 0.999514 0.000000 0.000000 0.000000 0.000000 1.000000
0.999852 0.010418 0.013691 0.000000 -0.010362 0.999938 -0.004171 4.378900 -0.013734 0.004028 0.999898 0.000000 0.000000 0.000000 0.000000 1.000000
0.999966 0.007046 -0.004184 0.000000 -0.007068 0.999962 -0.005196 4.378900 0.004147 0.005225 0.999978 0.000000 0.000000 0.000000 0.000000 1.000000
0.999808 0.006998 -0.018324 0.000000 -0.007131 0.999949 -0.007217 4.378900 0.018272 0.007346 0.999806 -0.000000 0.000000 0.000000 0.000000 1.000000
0.999603 0.007901 -0.027038 0.000000 -0.008142 0.999928 -0.008820 4.378900 0.026967 0.009036 0.999595 0.000000 0.000000 0.000000 0.000000 1.000000
0.999448 0.006164 -0.032634 0.000000 -0.006557 0.999907 -0.011967 4.378900 0.032557 0.012174 0.999396 0.000000 0.000000 0.000000 0.000000 1.000000
0.999243 0.004172 -0.038666 0.000000 -0.004766 0.999872 -0.015287 4.378900 0.038597 0.015460 0.999135 0.000000 0.000000 0.000000 0.000000 1.000000
0.998912 0.000425 -0.046623 0.000000 -0.001210 0.999858 -0.016805 4.378900 0.046609 0.016844 0.998771 0.000000 0.000000 0.000000 0.000000 1.000000
0.998477 -0.003485 -0.055058 0.000000 0.002642 0.999878 -0.015370 4.378900 0.055105 0.015201 0.998365 0.000000 0.000000 0.000000 0.000000 1.000000
0.998129 -0.007939 -0.060622 -0.000000 0.007341 0.999922 -0.010089 4.378900 0.060697 0.009625 0.998110 0.000000 0.000000 0.000000 0.000000 1.000000
0.998113 -0.012315 -0.060155 0.000000 0.012386 0.999923 0.000813 4.378900 0.060140 -0.001557 0.998189 -0.000000 0.000000 0.000000 0.000000 1.000000
0.998378 -0.019017 -0.053665 0.000000 0.019564 0.999762 0.009671 4.378900 0.053469 -0.010705 0.998512 0.000000 0.000000 0.000000 0.000000 1.000000
0.998662 -0.026325 -0.044512 -0.000000 0.026801 0.999589 0.010137 4.378900 0.044227 -0.011317 0.998957 -0.000000 0.000000 0.000000 0.000000 1.000000
0.998978 -0.028260 -0.035280 0.000000 0.028490 0.999576 0.006028 4.378900 0.035095 -0.007026 0.999359 0.000000 0.000000 0.000000 0.000000 1.000000
0.999353 -0.025779 -0.025072 0.000000 0.025806 0.999667 0.000769 4.378900 0.025044 -0.001415 0.999685 0.000000 0.000000 0.000000 0.000000 1.000000
0.999730 -0.019923 -0.011926 -0.000000 0.019871 0.999793 -0.004470 4.378900 0.012013 0.004232 0.999919 0.000000 0.000000 0.000000 0.000000 1.000000
0.999910 -0.012916 0.003678 0.000000 0.012938 0.999898 -0.006059 4.378900 -0.003600 0.006106 0.999975 0.000000 0.000000 0.000000 0.000000 1.000000</float_array><technique_common><accessor source="#mixamorig_Spine1-Matrix-animation-output-transform-array" count="31" stride="16"><param type="float4x4"/></accessor></technique_common></source><source id="mixamorig_Spine1-Interpolations"><Name_array id="mixamorig_Spine1-Interpolations-array" count="31">
 LINEAR LINEAR LINEAR LINEAR LINEAR LINEAR LINEAR LINEAR LINEAR LINEAR LINEAR
LINEAR LINEAR LINEAR LINEAR LINEAR LINEAR LINEAR LINEAR LINEAR LINEAR LINEAR LINEAR
LINEAR LINEAR LINEAR LINEAR LINEAR LINEAR LINEAR LINEAR</Name_array><technique_common><accessor source="#mixamorig_Spine1-Interpolations-array" count="31"><param type="name"/></accessor></technique_common></source><sampler id="mixamorig_Spine1-Matrix-animation-transform"><input semantic="INPUT" source="#mixamorig_Spine1-Matrix-animation-input"/><input semantic="OUTPUT" source="#mixamorig_Spine1-Matrix-animation-output-transform"/><input semantic="INTERPOLATION" source="#mixamorig_Spine1-Interpolations"/></sampler><channel source="#mixamorig_Spine1-Matrix-animation-transform" target="mixamorig_Spine1/matrix"/></animation>
    <animation id="mixamorig_Spine2-anim" name="mixamorig_Spine2"><source id="mixamorig_Spine2-Matrix-animation-input"><float_array id="mixamorig_Spine2-Matrix-animation-input-array" count="31">

0.000000 0.033333 0.066667 0.100000 0.133333 0.166667 0.200000 0.233333 0.266667 0.300000 0.333333 0.366667 0.400000 0.433333 0.466667 0.500000
0.533333 0.566667 0.600000 0.633333 0.666667 0.700000 0.733333 0.766667 0.800000 0.833333 0.866667 0.900000 0.933333 0.966667 1.000000</float_array><technique_common><accessor source="#mixamorig_Spine2-Matrix-animation-input-array" count="31"><param name="TIME" type="float"/></accessor></technique_common></source><source id="mixamorig_Spine2-Matrix-animation-output-transform"><float_array id="mixamorig_Spine2-Matrix-animation-output-transform-array" count="496">

0.999889 -0.008779 0.012007 0.000000 0.008860 0.999938 -0.006718 5.004500 -0.011948 0.006824 0.999905 0.000000 0.000000 0.000000 0.000000 1.000000
0.999719 -0.002739 0.023534 0.000000 0.002914 0.999968 -0.007426 5.004500 -0.023513 0.007492 0.999695 -0.000000 0.000000 0.000000 0.000000 1.000000
0.999440 0.000523 0.033463 0.000000 -0.000140 0.999935 -0.011430 5.004500 -0.033467 0.011419 0.999375 -0.000000 0.000000 0.000000 0.000000 1.000000
0.999152 0.002132 0.041111 0.000000 -0.001584 0.999909 -0.013366 5.004500 -0.041136 0.013290 0.999065 -0.000000 0.000000 0.000000 0.000000 1.000000
0.998843 0.005057 0.047816 0.000000 -0.004293 0.999862 -0.016070 5.004500 -0.047891 0.015846 0.998727 -0.000000 0.000000 0.000000 0.000000 1.000000
0.998415 0.009149 0.055537 0.000000 -0.008242 0.999829 -0.016541 5.004500 -0.055679 0.016057 0.998320 -0.000000 0.000000 0.000000 0.000000 1.000000
0.997815 0.013563 0.064662 0.000000 -0.012529 0.999788 -0.016365 5.004500 -0.064870 0.015519 0.997773 0.000000 0.000000 0.000000 0.000000 1.000000
0.997152 0.017115 0.073450 0.000000 -0.016027 0.999753 -0.015367 5.004500 -0.073695 0.014146 0.997180 0.000000 0.000000 0.000000 0.000000 1.000000
0.996618 0.020169 0.079664 0.000000 -0.019179 0.999729 -0.013179 5.004500 -0.079908 0.011607 0.996735 0.000000 0.000000 0.000000 0.000000 1.000000
0.996374 0.024054 0.081614 0.000000 -0.023744 0.999707 -0.004769 5.004500 -0.081705 0.002813 0.996653 0.000000 0.000000 0.000000 0.000000 1.000000
0.996475 0.030570 0.078128 0.000000 -0.031151 0.999495 0.006229 5.004500 -0.077898 -0.008641 0.996924 0.000000 0.000000 0.000000 0.000000 1.000000
0.997035 0.033731 0.069166 0.000000 -0.034382 0.999375 0.008236 5.004500 -0.068845 -0.010590 0.997571 0.000000 0.000000 0.000000 0.000000 1.000000
0.997864 0.030971 0.057516 -0.000000 -0.031263 0.999502 0.004186 5.004500 -0.057357 -0.005976 0.998336 -0.000000 0.000000 0.000000 0.000000 1.000000
0.998619 0.026634 0.045279 -0.000000 -0.026675 0.999644 0.000307 5.004500 -0.045255 -0.001514 0.998974 -0.000000 0.000000 0.000000 0.000000 1.000000
0.999354 0.018184 0.030983 0.000000 -0.018082 0.999830 -0.003565 5.004500 -0.031042 0.003002 0.999514 0.000000 0.000000 0.000000 0.000000 1.000000
0.999852 0.010418 0.013691 -0.000000 -0.010362 0.999938 -0.004171 5.004500 -0.013734 0.004028 0.999898 0.000000 0.000000 0.000000 0.000000 1.000000
0.999966 0.007046 -0.004184 -0.000000 -0.007068 0.999962 -0.005196 5.004500 0.004147 0.005225 0.999978 0.000000 0.000000 0.000000 0.000000 1.000000
0.999808 0.006998 -0.018324 0.000000 -0.007131 0.999949 -0.007217 5.004500 0.018272 0.007346 0.999806 0.000000 0.000000 0.000000 0.000000 1.000000
0.999603 0.007901 -0.027038 -0.000000 -0.008142 0.999928 -0.008820 5.004500 0.026967 0.009036 0.999595 -0.000000 0.000000 0.000000 0.000000 1.000000
0.999448 0.006164 -0.032634 0.000000 -0.006557 0.999907 -0.011967 5.004500 0.032557 0.012174 0.999396 0.000000 0.000000 0.000000 0.000000 1.000000
0.999243 0.004172 -0.038666 0.000000 -0.004766 0.999872 -0.015287 5.004500 0.038597 0.015460 0.999135 -0.000000 0.000000 0.000000 0.000000 1.000000
0.998912 0.000425 -0.046623 0.000000 -0.001210 0.999858 -0.016805 5.004500 0.046609 0.016844 0.998771 0.000000 0.000000 0.000000 0.000000 1.000000
0.998477 -0.003485 -0.055058 -0.000000 0.002642 0.999878 -0.015370 5.004500 0.055105 0.015201 0.998365 -0.000000 0.000000 0.000000 0.000000 1.000000
0.998129 -0.007939 -0.060622 0.000000 0.007341 0.999922 -0.010089 5.004500 0.060697 0.009625 0.998110 0.000000 0.000000 0.000000 0.000000 1.000000
0.998113 -0.012315 -0.060155 0.000000 0.012386 0.999923 0.000813 5.004500 0.060140 -0.001557 0.998189 0.000000 0.000000 0.000000 0.000000 1.000000
0.998378 -0.019017 -0.053665 0.000000 0.019564 0.999762 0.009671 5.004500 0.053469 -0.010705 0.998512 -0.000000 0.000000 0.000000 0.000000 1.000000
0.998662 -0.026325 -0.044512 0.000000 0.026801 0.999589 0.010137 5.004500 0.044227 -0.011317 0.998957 -0.000000 0.000000 0.000000 0.000000 1.000000
0.998978 -0.028260 -0.035280 0.000000 0.028490 0.999576 0.006027 5.004500 0.035095 -0.007026 0.999359 -0.000000 0.000000 0.000000 0.000000 1.000000
0.999353 -0.025779 -0.025072 0.000000 0.025806 0.999667 0.000769 5.004500 0.025044 -0.001415 0.999685 -0.000000 0.000000 0.000000 0.000000 1.000000
0.999730 -0.019923 -0.011926 0.000000 0.019871 0.999793 -0.004470 5.004500 0.012013 0.004232 0.999919 0.000000 0.000000 0.000000 0.000000 1.000000
0.999910 -0.012916 0.003678 0.000000 0.012938 0.999898 -0.006059 5.004500 -0.003600 0.006106 0.999975 0.000000 0.000000 0.000000 0.000000 1.000000</float_array><technique_common><accessor source="#mixamorig_Spine2-Matrix-animation-output-transform-array" count="31" stride="16"><param type="float4x4"/></accessor></technique_common></source><source id="mixamorig_Spine2-Interpolations"><Name_array id="mixamorig_Spine2-Interpolations-array" count="31">
 LINEAR LINEAR LINEAR LINEAR LINEAR LINEAR LINEAR LINEAR LINEAR LINEAR LINEAR
LINEAR LINEAR LINEAR LINEAR LINEAR LINEAR LINEAR LINEAR LINEAR LINEAR LINEAR LINEAR
LINEAR LINEAR LINEAR LINEAR LINEAR LINEAR LINEAR LINEAR</Name_array><technique_common><accessor source="#mixamorig_Spine2-Interpolations-array" count="31"><param type="name"/></accessor></technique_common></source><sampler id="mixamorig_Spine2-Matrix-animation-transform"><input semantic="INPUT" source="#mixamorig_Spine2-Matrix-animation-input"/><input semantic="OUTPUT" source="#mixamorig_Spine2-Matrix-animation-output-transform"/><input semantic="INTERPOLATION" source="#mixamorig_Spine2-Interpolations"/></sampler><channel source="#mixamorig_Spine2-Matrix-animation-transform" target="mixamorig_Spine2/matrix"/></animation>
    <animation id="mixamorig_Neck-anim" name="mixamorig_Neck"><source id="mixamorig_Neck-Matrix-animation-input"><float_array id="mixamorig_Neck-Matrix-animation-input-array" count="31">

0.000000 0.033333 0.066667 0.100000 0.133333 0.166667 0.200000 0.233333 0.266667 0.300000 0.333333 0.366667 0.400000 0.433333 0.466667 0.500000
0.533333 0.566667 0.600000 0.633333 0.666667 0.700000 0.733333 0.766667 0.800000 0.833333 0.866667 0.900000 0.933333 0.966667 1.000000</float_array><technique_common><accessor source="#mixamorig_Neck-Matrix-animation-input-array" count="31"><param name="TIME" type="float"/></accessor></technique_common></source><source id="mixamorig_Neck-Matrix-animation-output-transform"><float_array id="mixamorig_Neck-Matrix-animation-output-transform-array" count="496">

0.999746 0.021083 -0.007958 0.000000 -0.021153 0.999738 -0.008789 5.630100 0.007771 0.008955 0.999930 0.000000 0.000000 0.000000 0.000000 1.000000
0.999910 0.007971 -0.010797 0.000000 -0.008170 0.999795 -0.018538 5.630100 0.010647 0.018625 0.999770 0.000000 0.000000 0.000000 0.000000 1.000000
0.999844 -0.009425 -0.014949 -0.000000 0.009134 0.999770 -0.019419 5.630100 0.015128 0.019280 0.999700 0.000000 0.000000 0.000000 0.000000 1.000000
0.999615 -0.021555 -0.017455 -0.000000 0.020905 0.999113 -0.036561 5.630100 0.018228 0.036182 0.999179 0.000000 0.000000 0.000000 0.000000 1.000000
0.999125 -0.036407 -0.020577 0.000000 0.035433 0.998320 -0.045843 5.630100 0.022211 0.045074 0.998737 -0.000000 0.000000 0.000000 0.000000 1.000000
0.998170 -0.055005 -0.025131 -0.000000 0.053567 0.997065 -0.054704 5.630100 0.028066 0.053257 0.998186 0.000000 0.000000 0.000000 0.000000 1.000000
0.996724 -0.074692 -0.031030 0.000000 0.072953 0.995881 -0.053835 5.630100 0.034923 0.051395 0.998068 0.000000 0.000000 0.000000 0.000000 1.000000
0.995597 -0.086576 -0.035945 -0.000000 0.085127 0.995564 -0.040068 5.630100 0.039255 0.036832 0.998550 0.000000 0.000000 0.000000 0.000000 1.000000
0.995657 -0.085263 -0.037373 -0.000000 0.084753 0.996289 -0.015015 5.630100 0.038514 0.011782 0.999189 0.000000 0.000000 0.000000 0.000000 1.000000
0.996298 -0.078678 -0.034652 0.000000 0.078039 0.996761 -0.019429 5.630100 0.036068 0.016653 0.999211 0.000000 0.000000 0.000000 0.000000 1.000000
0.996321 -0.079792 -0.031282 0.000000 0.078644 0.996240 -0.036333 5.630100 0.034064 0.033739 0.998850 0.000000 0.000000 0.000000 0.000000 1.000000
0.997421 -0.067082 -0.025508 0.000000 0.066431 0.997463 -0.025565 5.630100 0.027158 0.023805 0.999348 0.000000 0.000000 0.000000 0.000000 1.000000
0.998900 -0.043816 -0.016723 0.000000 0.043416 0.998778 -0.023605 5.630100 0.017737 0.022853 0.999581 0.000000 0.000000 0.000000 0.000000 1.000000
0.999370 -0.033856 -0.010665 0.000000 0.033428 0.998719 -0.037979 5.630100 0.011937 0.037599 0.999222 0.000000 0.000000 0.000000 0.000000 1.000000
0.999820 -0.018636 -0.003588 -0.000000 0.018457 0.998832 -0.044657 5.630100 0.004416 0.044583 0.998996 0.000000 0.000000 0.000000 0.000000 1.000000
0.999952 -0.009636 0.001868 -0.000000 0.009734 0.998011 -0.062281 5.630100 -0.001264 0.062296 0.998057 -0.000000 0.000000 0.000000 0.000000 1.000000
0.999948 -0.008576 0.005471 -0.000000 0.008932 0.997595 -0.068730 5.630100 -0.004868 0.068776 0.997620 -0.000000 0.000000 0.000000 0.000000 1.000000
0.999943 -0.005964 0.008870 0.000000 0.006514 0.997975 -0.063268 5.630100 -0.008475 0.063322 0.997957 0.000000 0.000000 0.000000 0.000000 1.000000
0.999930 0.000212 0.011805 0.000000 0.000556 0.997887 -0.064975 5.630100 -0.011793 0.064977 0.997817 0.000000 0.000000 0.000000 0.000000 1.000000
0.999771 0.015156 0.015112 0.000000 -0.014181 0.997934 -0.062664 5.630100 -0.016031 0.062436 0.997920 0.000000 0.000000 0.000000 0.000000 1.000000
0.999564 0.024469 0.016502 -0.000000 -0.023432 0.997901 -0.060367 5.630100 -0.017945 0.059954 0.998040 0.000000 0.000000 0.000000 0.000000 1.000000
0.999085 0.038274 0.019065 -0.000000 -0.037342 0.998194 -0.047054 5.630100 -0.020832 0.046299 0.998710 0.000000 0.000000 0.000000 0.000000 1.000000
0.998571 0.048821 0.021724 0.000000 -0.048274 0.998521 -0.025024 5.630100 -0.022914 0.023940 0.999451 0.000000 0.000000 0.000000 0.000000 1.000000
0.998203 0.055150 0.023423 0.000000 -0.055013 0.998465 -0.006448 5.630100 -0.023743 0.005147 0.999705 0.000000 0.000000 0.000000 0.000000 1.000000
0.998474 0.051011 0.021147 0.000000 -0.050799 0.998654 -0.010468 5.630100 -0.021652 0.009378 0.999722 0.000000 0.000000 0.000000 0.000000 1.000000
0.998855 0.044509 0.017548 0.000000 -0.044383 0.998986 -0.007513 5.630100 -0.017865 0.006725 0.999818 -0.000000 0.000000 0.000000 0.000000 1.000000
0.999170 0.038456 0.013413 0.000000 -0.038624 0.999175 0.012523 5.630100 -0.012920 -0.013031 0.999832 -0.000000 0.000000 0.000000 0.000000 1.000000
0.999712 0.023078 0.006565 0.000000 -0.023237 0.999413 0.025174 5.630100 -0.005981 -0.025319 0.999662 0.000000 0.000000 0.000000 0.000000 1.000000
0.999907 0.013618 0.000698 0.000000 -0.013629 0.999681 0.021262 5.630100 -0.000409 -0.021270 0.999774 0.000000 0.000000 0.000000 0.000000 1.000000
0.999940 0.010189 -0.003903 0.000000 -0.010119 0.999797 0.017445 5.630100 0.004080 -0.017404 0.999840 0.000000 0.000000 0.000000 0.000000 1.000000
0.999842 0.016499 -0.006556 0.000000 -0.016502 0.999864 -0.000309 5.630100 0.006550 0.000418 0.999978 0.000000 0.000000 0.000000 0.000000 1.000000</float_array><technique_common><accessor source="#mixamorig_Neck-Matrix-animation-output-transform-array" count="31" stride="16"><param type="float4x4"/></accessor></technique_common></source><source id="mixamorig_Neck-Interpolations"><Name_array id="mixamorig_Neck-Interpolations-array" count="31">
 LINEAR LINEAR LINEAR LINEAR LINEAR LINEAR LINEAR LINEAR LINEAR LINEAR LINEAR
LINEAR LINEAR LINEAR LINEAR LINEAR LINEAR LINEAR LINEAR LINEAR LINEAR LINEAR LINEAR
LINEAR LINEAR LINEAR LINEAR LINEAR LINEAR LINEAR LINEAR</Name_array><technique_common><accessor source="#mixamorig_Neck-Interpolations-array" count="31"><param type="name"/></accessor></technique_common></source><sampler id="mixamorig_Neck-Matrix-animation-transform"><input semantic="INPUT" source="#mixamorig_Neck-Matrix-animation-input"/><input semantic="OUTPUT" source="#mixamorig_Neck-Matrix-animation-output-transform"/><input semantic="INTERPOLATION" source="#mixamorig_Neck-Interpolations"/></sampler><channel source="#mixamorig_Neck-Matrix-animation-transform" target="mixamorig_Neck/matrix"/></animation>
    <animation id="mixamorig_Head-anim" name="mixamorig_Head"><source id="mixamorig_Head-Matrix-animation-input"><float_array id="mixamorig_Head-Matrix-animation-input-array" count="31">

0.000000 0.033333 0.066667 0.100000 0.133333 0.166667 0.200000 0.233333 0.266667 0.300000 0.333333 0.366667 0.400000 0.433333 0.466667 0.500000
0.533333 0.566667 0.600000 0.633333 0.666667 0.700000 0.733333 0.766667 0.800000 0.833333 0.866667 0.900000 0.933333 0.966667 1.000000</float_array><technique_common><accessor source="#mixamorig_Head-Matrix-animation-input-array" count="31"><param name="TIME" type="float"/></accessor></technique_common></source><source id="mixamorig_Head-Matrix-animation-output-transform"><float_array id="mixamorig_Head-Matrix-animation-output-transform-array" count="496">

0.998050 -0.033250 -0.052817 0.000000 0.030730 0.998383 -0.047823 1.432200 0.054322 0.046107 0.997458 -0.476100 0.000000 0.000000 0.000000 1.000000
0.998313 -0.027067 -0.051360 0.000000 0.025028 0.998889 -0.039936 1.432200 0.052383 0.038583 0.997881 -0.476100 0.000000 0.000000 0.000000 1.000000
0.998773 -0.015085 -0.047165 -0.000000 0.013342 0.999225 -0.037045 1.432200 0.047687 0.036370 0.998200 -0.476100 0.000000 0.000000 0.000000 1.000000
0.999026 -0.006917 -0.043581 -0.000000 0.005773 0.999637 -0.026334 1.432200 0.043748 0.026056 0.998703 -0.476100 0.000000 0.000000 0.000000 1.000000
0.999182 0.001237 -0.040422 0.000000 -0.002030 0.999806 -0.019591 1.432200 0.040390 0.019657 0.998991 -0.476100 0.000000 0.000000 0.000000 1.000000
0.999235 0.009031 -0.038056 0.000000 -0.009504 0.999880 -0.012267 1.432200 0.037940 0.012620 0.999200 -0.476100 0.000000 0.000000 0.000000 1.000000
0.999208 0.013655 -0.037381 -0.000000 -0.013999 0.999862 -0.008954 1.432200 0.037253 0.009470 0.999261 -0.476100 0.000000 0.000000 0.000000 1.000000
0.999140 0.009377 -0.040402 -0.000000 -0.009973 0.999844 -0.014589 1.432200 0.040259 0.014979 0.999077 -0.476100 0.000000 0.000000 0.000000 1.000000
0.998877 -0.005631 -0.047039 0.000000 0.004318 0.999599 -0.027980 1.432200 0.047177 0.027745 0.998501 -0.476100 0.000000 0.000000 0.000000 1.000000
0.998386 -0.023718 -0.051598 -0.000000 0.022636 0.999514 -0.021448 1.432200 0.052082 0.020245 0.998438 -0.476100 0.000000 0.000000 0.000000 1.000000
0.998230 -0.033444 -0.049169 0.000000 0.032908 0.999390 -0.011662 1.432200 0.049529 0.010023 0.998722 -0.476100 0.000000 0.000000 0.000000 1.000000
0.998177 -0.042583 -0.042766 -0.000000 0.041583 0.998847 -0.024006 1.432200 0.043739 0.022183 0.998797 -0.476100 0.000000 0.000000 0.000000 1.000000
0.998206 -0.050365 -0.032368 -0.000000 0.049323 0.998263 -0.032224 1.432200 0.033935 0.030569 0.998956 -0.476100 0.000000 0.000000 0.000000 1.000000
0.998664 -0.048818 -0.016939 0.000000 0.048232 0.998276 -0.033440 1.432200 0.018542 0.032578 0.999297 -0.476100 0.000000 0.000000 0.000000 1.000000
0.998674 -0.051247 -0.004818 -0.000000 0.051022 0.997939 -0.038916 1.432200 0.006802 0.038618 0.999231 -0.476100 0.000000 0.000000 0.000000 1.000000
0.998494 -0.054660 0.004780 -0.000000 0.054781 0.998030 -0.030577 1.432200 -0.003100 0.030792 0.999521 -0.476100 0.000000 0.000000 0.000000 1.000000
0.998258 -0.057855 0.011598 0.000000 0.058086 0.998099 -0.020606 1.432200 -0.010384 0.021244 0.999720 -0.476100 0.000000 0.000000 0.000000 1.000000
0.997890 -0.063237 0.014752 -0.000000 0.063439 0.997892 -0.013695 1.432200 -0.013855 0.014602 0.999797 -0.476100 0.000000 0.000000 0.000000 1.000000
0.997508 -0.068812 0.015594 -0.000000 0.068847 0.997626 -0.001700 1.432200 -0.015440 0.002770 0.999877 -0.476100 0.000000 0.000000 0.000000 1.000000
0.997089 -0.074927 0.014111 0.000000 0.074855 0.997179 0.005577 1.432200 -0.014489 -0.004505 0.999885 -0.476100 0.000000 0.000000 0.000000 1.000000
0.997178 -0.073705 0.014289 -0.000000 0.073550 0.997230 0.011077 1.432200 -0.015065 -0.009995 0.999837 -0.476100 0.000000 0.000000 0.000000 1.000000
0.997414 -0.070593 0.013505 -0.000000 0.070540 0.997499 0.004419 1.432200 -0.013783 -0.003455 0.999899 -0.476100 0.000000 0.000000 0.000000 1.000000
0.997916 -0.063281 0.012651 -0.000000 0.063416 0.997931 -0.010550 1.432200 -0.011957 0.011330 0.999864 -0.476100 0.000000 0.000000 0.000000 1.000000
0.998470 -0.054264 0.010676 -0.000000 0.054496 0.998256 -0.022714 1.432200 -0.009425 0.023262 0.999685 -0.476100 0.000000 0.000000 0.000000 1.000000
0.999027 -0.043375 0.008008 -0.000000 0.043532 0.998841 -0.020549 1.432200 -0.007107 0.020878 0.999757 -0.476100 0.000000 0.000000 0.000000 1.000000
0.999323 -0.036709 0.002327 0.000000 0.036753 0.999063 -0.022857 1.432200 -0.001486 0.022927 0.999736 -0.476100 0.000000 0.000000 0.000000 1.000000
0.999327 -0.036137 -0.006224 -0.000000 0.035902 0.998761 -0.034461 1.432200 0.007462 0.034215 0.999387 -0.476100 0.000000 0.000000 0.000000 1.000000
0.999315 -0.033873 -0.014872 -0.000000 0.033175 0.998441 -0.044880 1.432200 0.016369 0.044356 0.998882 -0.476100 0.000000 0.000000 0.000000 1.000000
0.999086 -0.034499 -0.025222 0.000000 0.033264 0.998300 -0.047871 1.432200 0.026831 0.046988 0.998535 -0.476100 0.000000 0.000000 0.000000 1.000000
0.998735 -0.034862 -0.036241 0.000000 0.032901 0.998032 -0.053373 1.432200 0.038030 0.052113 0.997917 -0.476100 0.000000 0.000000 0.000000 1.000000
0.998222 -0.035760 -0.047679 0.000000 0.033319 0.998140 -0.051049 1.432200 0.049415 0.049370 0.997557 -0.476100 0.000000 0.000000 0.000000 1.000000</float_array><technique_common><accessor source="#mixamorig_Head-Matrix-animation-output-transform-array" count="31" stride="16"><param type="float4x4"/></accessor></technique_common></source><source id="mixamorig_Head-Interpolations"><Name_array id="mixamorig_Head-Interpolations-array" count="31">
 LINEAR LINEAR LINEAR LINEAR LINEAR LINEAR LINEAR LINEAR LINEAR LINEAR LINEAR
LINEAR LINEAR LINEAR LINEAR LINEAR LINEAR LINEAR LINEAR LINEAR LINEAR LINEAR LINEAR
LINEAR LINEAR LINEAR LINEAR LINEAR LINEAR LINEAR LINEAR</Name_array><technique_common><accessor source="#mixamorig_Head-Interpolations-array" count="31"><param type="name"/></accessor></technique_common></source><sampler id="mixamorig_Head-Matrix-animation-transform"><input semantic="INPUT" source="#mixamorig_Head-Matrix-animation-input"/><input semantic="OUTPUT" source="#mixamorig_Head-Matrix-animation-output-transform"/><input semantic="INTERPOLATION" source="#mixamorig_Head-Interpolations"/></sampler><channel source="#mixamorig_Head-Matrix-animation-transform" target="mixamorig_Head/matrix"/></animation>
    <animation id="mixamorig_LeftShoulder-anim" name="mixamorig_LeftShoulder"><source id="mixamorig_LeftShoulder-Matrix-animation-input"><float_array id="mixamorig_LeftShoulder-Matrix-animation-input-array" count="31">

0.000000 0.033333 0.066667 0.100000 0.133333 0.166667 0.200000 0.233333 0.266667 0.300000 0.333333 0.366667 0.400000 0.433333 0.466667 0.500000
